0 0.057579092698517104 0.0903973546072756 0.00956280947322469 0.00827705144049765 0.009849665008355005 0.008828622424628443 0.009965250612245869 0.14199189105880217 0.15995054981066453 0.010270828933992249 0.006078133527883568 
1 0.17950047996044433 0.1815853741750508 0.17942492134095597 0.20470108052394825 0.2822909238165129 0.2901556839157779 0.1543704538380531 0.17756191310749908 0.014850223005534275 0.04408906966635382 0.014367527413088667 
2 0.004196304400192989 0.24489135439568976 0.0020664336482703748 0.18143343816768331 0.07631095678546254 0.1470472201206249 0.04496639058072693 0.018026743730835036 0.1823954764968656 0.023214872656052477 0.06899361846486184 
3 0.012034347362533782 0.15052203705518385 0.06286391841682579 0.061316565759973365 0.09559554627059053 0.12785438266590754 0.09280522338511932 0.11770284823945656 0.1530531974252361 0.004421440481662938 0.0019504652793597946 
4 0.09751388458223806 0.19361758835455412 0.06632521387516888 0.06774049642079068 0.06071744577482648 0.06605121204209506 0.05119729657388623 0.06653763329886847 0.31320831493619067 0.0015379881639796162 0.06334682528211369 
5 0.05226189044264559 0.009246266695967884 0.011325934046552704 0.16092397849834753 0.1794905932313992 0.280645125103868 0.08072702676626006 0.1990747588367212 0.008625261800323584 0.04829263861214034 0.016052464178714136 
6 0.03041207756624091 0.026829406574091937 0.02735153099853121 0.026142095249192098 0.02619250351307149 0.030461408006542963 0.18071753121181527 0.13388445125538423 0.19414372228052867 0.03129341774448144 0.008311756404019328 
7 0.06964152506365147 0.06061828481315828 0.09458061593981332 0.07534045908870206 0.07017350826233412 0.07595444083653896 0.05021576206776307 0.006504447715249956 0.006941635532729497 0.18614686621420273 0.008266299938146758 
8 0.028223131327868835 0.10890007861965946 0.14150186851977464 0.3495135978811932 0.14236640849333163 0.21213709838889672 0.015445580618781863 0.07668093867494144 0.2380301319158814 0.009950094126205442 0.009748349071310539 
9 0.06229094607889611 0.08945356992927819 0.2670995190267727 0.28710501709174185 0.08195745179028276 0.20182979199895354 0.2491697346990992 0.14432151580664024 0.09470109728732232 0.0036868253743000505 0.007732909344071982 
10 0.016543972931930828 0.20467791744912256 0.20758940370844745 0.10105111143906288 0.26012816906946296 0.0053855197728460286 0.0033593241348817016 0.29319055510451575 0.19485499763253955 0.029898038306646363 0.0029346415610282386 
11 0.12763981688437084 0.1266438208957822 0.13291274842366346 0.02916046465963943 0.22517765666729664 0.1875387513170528 0.12291380841412232 0.22950362730668616 0.00036845694088561836 0.03160790116411436 0.07282288945259426 
12 0.03873463696971024 0.06335181936018719 0.06513866663975276 0.06683616641050028 0.06802910979232592 0.18183168091091104 0.012560176517156945 0.20401036030674347 0.1490698624404505 0.002032073370119296 6.156889520922649e-06 
13 0.07640841761018255 0.13287512252848538 0.13718453533563651 0.06026546488813363 0.1353909003783877 0.12996405628072819 0.2022574954442078 0.05905484695131136 0.16756135794215438 0.0009599700417514878 0.004358721966739262 
14 0.11794470300334245 0.1261037268371884 0.1207658956709001 0.17593096040876077 0.19749468292421823 0.19646895781832663 0.037597039809769875 0.18878773814709002 0.06788210876134847 0.0374607451114091 0.026403409796743937 
15 0.10163730081859691 0.19951645199163426 0.2869566323455813 0.19092295305452162 0.14253740004083054 0.03653750950112647 0.13190510293557245 0.1395763908808469 0.007556641470974083 0.012173914853687727 0.0045352701425210576 
16 0.20006709888925242 0.17206647815479878 0.23274285560620497 0.2321204984774482 0.21250411078666584 0.25777259440027095 0.15907031620751244 0.2703376444121931 0.022964359456165748 0.000739453622868737 0.02152618185149622 
17 0.031354160404603905 0.06627809525802922 0.037789773712597854 0.01859046638083115 0.17287579556856553 0.11020987321196009 0.23087617212722672 0.03144015365902564 0.023767210894798215 1.720786576651111e-05 0.005732712139054882 
18 0.19721714207969354 0.20626643318243065 0.20162786448522035 0.20342821033495764 0.18502410642396386 0.23945167962298927 0.11686976491011158 0.18670271461080465 0.09171599342901103 0.000209652696177152 0.0023010396472265848 
19 0.032354078688497656 0.11855718421205437 0.04329171161578607 0.16367282381608994 0.2753008509829814 0.13549491685818216 0.36659256690087344 0.020239695881332075 0.17642322552786038 0.12304886708594776 0.007473924998399111 
20 0.07664652482718332 0.07255233270290652 0.2096680692821296 0.07403730923868651 0.20345581912109004 0.16307655712231212 0.19977316945169654 0.093461627299349 0.11460205798203746 0.09048819352140007 0.001725567308026873 
21 0.03450744983481085 0.1462452443064531 0.15343832558397877 0.15252051763124916 0.2383237766137801 0.14918058398639047 0.05061126829188994 0.1147767381055875 0.071247739355841 0.007402123636184239 0.003114762441710334 
22 0.24680474624743493 0.25019295584297635 0.2501284761577438 0.31381179501834977 0.3139925533990829 0.05966469722301012 0.046851030730379745 0.0887455010959464 0.09329280080716762 0.16158656806469707 0.008020390010063345 
23 0.09808492478373265 0.09972173364336792 0.10206051544201011 0.07140675065224472 0.33579892090107255 0.0828378549849251 0.16750273522956718 0.2278140333984729 0.03687935191162822 0.18135214829755644 0.0032003879672997575 
24 0.1064698897766193 0.10661734542825298 0.10979151782217009 0.10900008403308209 0.1065665074631338 0.100373093567518 0.24880486288455492 0.21455831585152613 0.0072306223455544435 0.031086612233786892 0.04849759157242536 
25 0.20599024645533068 0.27015088622694877 0.2447141750288629 0.2802018033142739 0.16127450500746363 0.008968865798577341 0.015453448916194996 0.16693576565659435 0.24167148550654535 0.1684105226506667 0.01481449346594291 
26 0.07197211052519217 0.1242741153902312 0.20648709949030636 0.2156773333799389 0.003944189063450623 0.0809490429198516 0.33039637842154046 0.0037369593594544516 0.13470857549934995 0.07638827587940111 0.011417981123543725 
27 0.1562932887973262 0.2605117345288105 0.2558114002988555 0.25424950428925014 0.180147860863818 0.18805127138752672 0.18239062674636977 0.02690292726125401 0.07632057825493606 0.062211876336590935 0.001139433097893728 
28 0.11702580194545883 0.2913961639117729 0.0885940998896132 0.220773361880906 0.18783562324461495 0.05104017692107476 0.16213126723112664 0.24342538438117095 0.21196647160685872 0.00019294739364698177 0.08276266372312807 
29 0.05795604707025333 0.07058505738781683 0.15366444986396433 0.18998582444280626 0.06838376995015336 0.06966528384324866 0.06682263455886896 0.06997536120579895 0.005659378494582782 0.0024051683436060356 0.0003050672779534676 
30 0.027489705750766816 0.09538209920613105 0.16647177215143721 0.2405855676022653 0.23749813373254208 0.29660740452924317 0.024096377549054988 0.08111714608944467 0.07123232840918435 0.004082460381231422 0.002399927400012805 
31 0.12266578945506046 0.12330255980281374 0.08124769559022237 0.08182037857405929 0.08094269414780819 0.07986085924600592 0.11759158322282179 0.07925914784476462 0.12538797654568584 7.097952774657401e-05 0.0019606360059186674 
32 0.19504142882912806 0.17221205785480675 0.09555526017509261 0.04493831259914678 0.16188979387963626 0.17580070389773692 0.18340980998206924 0.015244322849188866 0.007395805466021662 0.11205202704898226 0.006143466919712482 
33 0.1260471729837399 0.1336888177199705 0.10027460335975388 0.14382563806419102 0.23743307649766612 0.058050238059433726 0.15853485738913517 0.04592379923739343 0.04525444101259968 0.00014819616255760552 0.0068607107625284205 
34 0.022897981471973323 0.07786165709009159 0.01627997207233246 0.11565318256201915 0.01677706554160675 0.017665624887838714 0.07836842111958438 0.018810536556463493 0.0002070809170143529 0.07675262993913563 0.0995685798516953 
35 0.1728842454210227 0.14737202601368116 0.19756551108148868 0.207097029587509 0.20332124818766373 0.2553772919920139 0.19961667474647865 0.09032075774699302 0.1363031415802676 0.0032379831512034216 0.006274701237147953 
36 0.14324701957426628 0.19922638913895016 0.18373237557022418 0.1874767190267056 0.19939579742997246 0.21281604049967986 0.24256005232494948 0.1607861431345295 0.047927214469019944 0.18105643697327273 0.00028135650295814385 
37 0.04565104686077373 0.059963203744105145 0.060360137894002554 0.19048349633401446 0.19170257280315978 0.2416065822945047 0.1376160717526756 0.1321382551396996 0.03257893735731541 0.3137934432626155 0.01062808074252945 
38 0.0015412624791313347 0.16203298084627107 0.1914277654755425 0.2068643168898639 0.05299167262236904 0.1427012383919287 0.26865018269219393 0.18585661067938464 0.2245749312675266 0.03985590672793195 0.0018793695090828719 
39 0.06557088189124434 0.1598986796719974 0.15911781345983494 0.1545377779973961 0.206207627233801 0.24483341738483622 0.17797630080562524 0.2553450059092727 0.0780692754202726 0.008349897322793376 0.0003743553922563252 
40 0.0562458231161836 0.1378092249633062 0.13919071685060125 0.1353851800358125 0.13875040223807572 0.06804964883817691 0.02318912121802972 0.1783366885893895 0.244639320046523 0.009809306207128502 0.0025205144295797127 
41 0.09485964881438706 0.11121426653491588 0.14554834938853373 0.1907091658017762 0.2197794794330099 0.23396775213650117 0.24400373827754354 0.0407971300043992 0.1288868627838404 0.04772799285446526 0.00023251665282719245 
42 0.3180871861234015 0.07287569828317585 0.04702936354762809 0.04507294143614149 0.047261557618093746 0.04836458111512251 0.06409732762378018 0.06995665603238499 0.2351095328226419 0.00021486475045982937 0.0009388744695137533 
43 0.0005904308097423338 0.2596672575237554 0.20554152772603806 0.2705806494106626 0.08591002998280509 0.09540998097453321 0.028636072886058392 0.13203210913175994 0.06773562813444556 0.007571047174846043 0.14866733260424597 
44 0.22584339263412556 0.23137658867884295 0.2334488811111443 0.22722833268365017 0.22914250171321374 0.2262805275993917 0.21546161193970392 0.08982903741026246 0.026132363532162292 0.002101386126926338 0.006986096753998993 
45 0.18695220627770467 0.18630323875488058 0.18174413922895205 0.18161286370012386 0.15299216463391113 0.20549304785604905 0.29753044845452925 0.2738561455784745 0.0625989146915375 0.002122353681186508 0.013829402804487904 
46 0.11348401036161265 0.11370627287146158 0.10825330849184686 0.25872622517287225 0.19433839824564406 0.023602538936227418 0.01701694126582655 0.183315564401575 0.014731663231673325 0.048925406684919896 0.004502708504471362 
47 0.10026230719716943 0.10119566464434061 0.11134926830023727 0.12367242297264336 0.23656694686872481 0.14335025964205367 0.23276248525950402 0.23048270557140677 0.033465355897058874 0.006976497958534727 0.0034436934262244523 
48 0.12678541098657975 0.3040868373411626 0.23643887849006587 0.0695181809799473 0.18811616086461566 0.26299008527344936 0.06242957979814954 0.17445227904736862 0.0008290841670208091 0.004919526786710835 0.0009136605051393901 
49 0.00018788959083238752 0.091534298197079 0.03293863003358719 0.06667308134891946 0.06664455909996501 0.15448750452066753 0.08253851715222653 0.14352085978096096 0.08049441726882825 0.0045875013958930275 0.17286441555662346 
50 0.08277770521290154 0.08338846291264262 0.06361468536818539 0.08934060169103922 0.18927750496287915 0.060906601407800465 0.16526505205303357 0.06277937963088914 0.26648564085986925 0.06810588964665604 0.005159331387978647 
51 0.08684724111841922 0.054291368404129764 0.24615413013305482 0.17820130539296525 0.27335754463849865 0.27270522874076186 0.1955295548530812 0.06019399329661422 0.18142156310182347 0.03776640534147463 0.09876785082062722 
52 0.006777530494515832 0.007859302651044944 0.003568762475161881 0.08637560549452061 0.2194587736113445 0.07233548300963498 0.27584872900535273 0.14314165779915072 0.15093128494754626 0.006115734358594899 0.013427391743889627 
53 0.0029688916649665293 0.0031111997513953494 0.0029877590268437507 0.002730001622533433 0.00292767404558676 0.00290206402272036 0.004460549122220836 0.19522571818032475 0.08895562195427362 0.008501814393486991 0.007038536448710394 
54 0.11296319319785997 0.14086026934936222 0.1633587611298622 0.10482227507558275 0.0926092381516453 0.1529988350818014 0.15889829619792717 0.049947847996715235 0.20752594767482568 9.279535449044967e-05 0.03385571891432495 
55 0.01105826302905339 0.01620271773653662 0.013858326546203786 0.011653350289844475 0.23682198416271405 0.2276435685948106 0.24748192576111286 0.015283680351979783 0.03479417623813373 0.153844056347445 0.005925063501143591 
56 0.19994603739616656 0.20213403013358616 0.20274243182298082 0.045160108777302956 0.11202722326568207 0.26228778113874646 0.048865265990763254 0.027236144667928876 0.10681994692465549 0.024064540999116556 0.0043557111674651415 
57 0.17372824355661104 0.2335087297421563 0.24411163857649837 0.18403348896952534 0.18701120427182238 0.11391877623645692 0.23146823088397717 0.24006286853787479 0.028680613624107572 0.05005173810103483 0.0016072418552825084 
58 0.009363536451374001 0.003309400550879688 0.003553090366121025 0.0032740593917829127 0.0006293390694892402 0.010940037126198858 0.012378298707791353 0.009697114907051253 0.24770676367687144 0.012121405974152205 0.003733477149274734 
59 0.1265632324245412 0.11465915264808232 0.11531066609434124 0.21291064911897373 0.218300618250928 0.2203151246679522 0.1885502663307299 0.11488590567345114 0.12760282483790658 0.043590456928775896 0.007746139237116613 
60 0.13337226655973844 0.1089882621992215 0.11010044770802753 0.1234322438460878 0.12055852133177646 0.14166324747665274 0.20681454746556674 0.005591034904516623 0.0949965330072526 0.004446174214995103 0.010891636516106157 
61 0.038525066698278716 0.034784834233444306 0.04669329921341896 0.24982420770483638 0.08094320800409341 0.14373682854328945 0.06403239959205842 0.036034435595714426 0.21419507676423805 4.637548597791536e-05 0.006348097345934609 
62 0.09906172385583606 0.1090660201683023 0.11099307181056155 0.11296911577768959 0.16627782983820527 0.07515886143497226 0.17897995182739437 0.0063911069675680245 0.031410227657177624 0.0008626572042231668 0.002164553858506794 
63 0.004267799401878885 0.001340372939153657 0.0012938824912195803 0.0014927494722470106 0.0018829740620785928 0.0013713134955819217 0.0007567706777745864 0.0016130684515790715 0.0011458523046194075 0.00044310694260226243 0.0017533651070632446 
64 0.08798334608203233 0.15699226754562634 0.12126777951355637 0.21382556746534842 0.10446079549595398 0.13563012797970933 0.13103089711306035 0.11841169089523486 0.11529732024457016 0.0029658543146395765 0.014362314685719189 
65 0.12609026617326805 0.13898339505246132 0.13260485540422784 0.15386956652417424 0.13169887886872092 0.1330742061187181 0.15271123861158387 0.27964495526680117 0.00023499379946979458 0.07263513797934226 0.0014003666703564877 
66 0.010259520473650927 0.0031169584723302686 0.014408308393187103 0.012341578780269516 0.13464425605735544 0.24557229292094834 0.28079889976870787 0.12722125320393807 0.010303292237523092 0.1726440120922953 0.0007188303434046467 
67 0.12124190993096709 0.20827472259682017 0.20921255930798724 0.20765912031312578 0.10445436850098486 0.06564429644083447 0.0808888055557884 0.06487121594942195 0.06583736909979293 0.08088514623466872 0.004369248313732383 
68 0.0021203038516126108 0.0014457118110815937 0.0012084462352173965 0.0015252528596486844 0.0012517824340427528 0.0010991443801510968 0.001493691887464787 0.0014929765132960604 0.135681363447583 0.05265870412374592 0.1560762568411174 
69 0.21702204711761214 0.21719044676252497 0.1213698594832561 0.10874287577788214 0.11589929454005478 0.08161733719636553 0.17218608342122807 0.21414187945988766 0.10998662733307416 0.08729514216656607 0.006984519261954331 
70 0.21207189529808557 0.20599898803867833 0.21207457839907917 0.21042574311212547 0.2428463483836624 0.2591488889240638 0.20270819278051574 0.06620037132686316 0.19425522439138768 0.01882472744563339 0.0006590745589787721 
71 0.042846151510528487 0.0369092509101425 0.035960593749781646 0.0399472941471776 0.03755145778230456 0.03888711909455074 0.07098086770462689 0.17693004584848354 0.09891912436243477 0.08379007052228672 0.0005707852826278878 
72 0.0005224490974878723 0.239407183315408 0.23446502629606789 0.15729249441372517 0.29205538344875553 0.2489994922583591 0.12740767803935216 0.04876738021593277 0.0007832542518783532 0.0035086734783060305 0.022667058718027128 
73 0.1542023009242903 0.1560520080102049 0.25561877516802123 0.2271960360990441 0.32949180324753724 0.30915083180356173 0.2528232965875162 0.1814719453875779 0.004639643377995838 0.004983752939124094 0.04371297086754141 
74 0.18073289792635408 0.18401727837211868 0.24639745547862996 0.03568975893037029 0.31148566085532875 0.16823893747993662 0.019465361481513455 0.18501612218842992 0.01048538962960657 0.004677011454340735 0.021057076041527154 
75 0.12357780751724537 0.20683346460319796 0.2080103341944868 0.10088573669996821 0.10157369453252002 0.13812012313837163 0.11489431083796309 0.08684297770486926 0.12465333781613447 0.017705421580942078 0.0002466370915221957 
76 0.10686480153734258 0.10937420234043346 0.1282890573549852 0.13160308076983118 0.07447879021059929 0.07782203112774178 0.09148340396091015 0.10222129993129908 0.23207543702037914 0.15193751631425265 0.18094552912645348 
77 0.20520331097012934 0.17891710878539968 0.2316410059132991 0.22223683171339675 0.11451796176997273 0.23239732114850445 0.07354845037090585 0.17738169412853358 0.2011098814370639 0.11921949828736075 0.0060976319482303355 
78 0.12205856013748657 0.12237054595787629 0.12272763024701891 0.12519881162005647 0.12536068145847415 0.04041988697916432 0.2655932638221154 0.21104628648327045 0.1847440912354688 0.01431662663038369 0.0027793219748031795 
79 0.009757483625413503 0.002657870520968999 0.004485890129861492 0.004141434971682464 0.023558280334360755 0.003386266204667425 0.003222277500827973 0.003769655296695893 0.004686505473550002 0.005593133796736059 0.014426654063111985 
80 0.10491985052764478 0.10765177239360191 0.1470716020849685 0.15538616494597332 0.12173432584190808 0.12265831516430645 0.2748898387630654 0.05472825525163786 0.029625062968959833 0.013056374219034848 0.03756935700467464 
81 0.1709888186048482 0.18019083001696906 0.1361941396185484 0.17255536358521537 0.10695896412866066 0.22677408668966237 0.2403246633855124 0.11275669397841037 0.13589703382419233 0.010243716051022127 0.04638030731230862 
82 0.009981232890617286 0.01625762553726162 0.015319901510268746 0.015210939423480127 0.013665277226761306 0.07480004316711221 0.014530618640628436 0.06472695384973819 0.05356585985177161 0.02532722082052582 0.00024710469307261514 
83 0.00046494683559915887 0.00035944025004485915 0.0007137502603512447 0.0011930502351803428 0.0012140063480454702 0.0011909227317236418 0.0008904919592139517 0.0009281742570355096 0.1470543354820098 0.06762752864966115 0.0019911739451520345 
84 0.010793138424024577 0.015951192664983727 0.19884671970898726 0.16451020495591467 0.25795237631745316 0.30928547943939344 0.3107534726107997 0.011258151349560099 0.2121147439270692 0.00056735217414162 0.0006130854874655522 
85 0.10731734908460053 0.12061149712141461 0.11143395196773884 0.12037770280240899 0.09810863359760735 0.08962263083328945 0.13946101584705614 0.06609501731929457 0.05071082422902182 0.05868828743075626 0.036942916878183976 
86 0.028685812230605148 0.027471268683374846 0.027552399874100124 0.02592581580031088 0.02928587390946047 0.03059524399501073 0.02967068627381442 0.029161809238444105 0.02797215843906572 0.02878977209903662 0.029036912567813582 
87 0.12975170027885102 0.13167214518086684 0.13189448520224167 0.1106350049629359 0.1557391699160176 0.1535758550487657 0.10950226708052688 0.11099463231354015 0.15765578465291502 0.15533510520540544 0.007832621837310903 
88 0.06502345978265378 0.1406085041236455 0.16752476434884625 0.2596032840006287 0.10796283960200431 0.24053415419639856 0.08185685275815337 0.16916000362450137 0.27117463216206533 0.003003194967860583 0.05058629643414236 
89 0.09453282359543658 0.0855273865646938 0.06142860866993442 0.06614755428427564 0.06498580236646766 0.057654040763079166 0.11726266411336339 0.1622054605851091 0.18842373685175595 0.18590677707546205 0.05246706152937862 
90 0.24048917064836645 0.2350805914324949 0.2438228406575513 0.30170309531523787 0.02683715057301082 0.3162439928342048 0.22016454488859333 0.22238480718499246 0.1430039296320181 0.00025399857637658114 0.017649338320061006 
91 0.012715015150350156 0.15831649367833386 0.18215839658173003 0.22177603328866521 0.17340114515333366 0.0813965409200779 0.16255719718590234 0.1688252442871707 0.005010749743176087 0.05290830679226881 0.0021166580113390517 
92 0.14624289378577957 0.2102580249290485 0.2358139926426995 0.24072652889122031 0.12158539948278503 0.0334342751501761 0.16537521758055226 0.13044631581290808 0.24047424622702507 0.001906307777748024 0.1068518173614489 
93 0.03619488602668532 0.02734862684923931 0.03328549005110162 0.03272520549164693 0.06737049442059233 0.06249440855934599 0.026925208447396015 0.2288046149820278 0.02926777696876083 0.1385484975943233 0.0020990787537262688 
94 0.13391302816723316 0.13122063960486305 0.1268464091858303 0.1285194290387646 0.1991698114015525 0.18405473031128022 0.29613234711974323 0.2390946599868018 0.0021528952625526707 0.013402551716326276 0.16623568113996612 
95 0.119999010760843 0.1127174737166183 0.12956884117738027 0.10112408994617368 0.2998218797375394 0.026414712460934818 0.1789981467563046 0.2201595207705081 0.018920170867990468 0.13496567362317607 0.04957125124043607 
96 0.1029966512135004 0.12545128258798238 0.1001723342329871 0.0924693012172026 0.16280425303794757 0.10725421859172493 0.1739412917849676 0.052005225087570564 0.0015408977875339984 0.08581502356256678 0.16600498787806625 
97 0.006322316682031261 0.03916051089663931 0.04035606948058182 0.04051375716770696 0.04121218600636699 0.03997892996538835 0.04069643508387038 0.03707009157466151 0.0028549919006518832 0.043732627627529094 0.0003172062748861823 
98 0.13231326903366963 0.12767958300046803 0.12327079037487815 0.23787308005146166 0.24667670338150902 0.0679272477323256 0.09400225256803879 0.07160099842132511 0.09840984566936553 0.008729116614951838 0.0396768617444548 
99 0.010901609911986099 0.009357829452785165 0.008320271834549746 0.008661241926131914 0.009210214181156494 0.1123685273041183 0.11318352794127169 0.10851936569653123 0.10974919053203445 0.02407417743504736 0.020618668336875152 
100 0.20744636841459663 0.2509195947741789 0.21207655256963048 0.2871303545201922 0.0869779807913253 0.10023165318708972 0.23678643627196952 0.11029486232466214 0.009762792401124527 0.009317027665426632 0.010250739321333049 
101 0.0030801164329983697 0.004727397966459038 0.003377824396950037 0.004045458365272576 0.12375406804710633 0.22443380530726947 0.24319084207481584 0.09310549138787667 0.05908277009462516 0.00046444470077340626 0.021655477222353683 
102 0.031771404195666646 0.032289400190595195 0.03210823883401785 0.03202560535357203 0.01758061044072702 0.11024587959806409 0.09006790837035553 0.13003578258306683 0.24950248578556192 0.0006572528122184877 0.00735614036160262 
103 0.1396762129356471 0.12679365638873602 0.1286840360296231 0.20282761383224923 0.10298369033094944 0.2428326058264664 0.17913015465148346 0.013298749130641331 0.12773190749148416 0.006805660956659652 0.003087998368957974 
104 0.022729469350450757 0.005561882173630091 0.006297913574853624 0.006834387010055649 0.009408655453614774 0.002663496906238456 0.006747726347933392 0.002966486036288737 0.0028473301990396397 0.002890811449831961 0.002964856541558502 
105 0.19989379546169656 0.21108831272802508 0.21866808298619939 0.21958011548712641 0.10666728009719272 0.28277763501377706 0.25974747826227956 0.1980349164954673 0.09518992173623453 0.021828715999631123 0.03360976917742805 
106 0.004211929091276365 0.006916623547505808 0.00812080179229948 0.007443829212150036 0.006997435330353677 0.2018535484986333 0.05036378437643027 0.1705970434909118 0.07147445884038356 0.08087240484988498 0.13410573600878203 
107 0.008034930657321 0.20321091008578687 0.14864925703028115 0.22241851564253523 0.16615678900264277 0.08280095354753393 0.10262978688630445 0.22093543229919324 0.0322807399904808 0.002458420334818882 0.008976577648307619 
108 0.006111245222839598 0.2580849597728427 0.30829320103604585 0.30872019959215413 0.27721370997011413 0.2266589719667816 0.23015278496098338 0.22265116468019944 0.07046980339781778 0.10765183234021464 0.0047602334279876115 
109 0.1626452592939842 0.1612391977472945 0.19624613454939205 0.21792721479413438 0.1988714619426948 0.28116102205950927 0.16647166173386674 0.10654081540349687 0.07925047735527062 0.08203871152035737 0.0013755489259938277 
110 0.1347137006545947 0.0945229399023427 0.09822564618727238 0.09861326997826145 0.09789439898181927 0.1605516290705543 0.08911115441445566 0.001728848563889954 0.015023425279468212 0.29320970680026753 0.00481800988489369 
111 0.19310584695415678 0.1649437532670198 0.18562567844044875 0.18505586888792175 0.1616914569473824 0.16081481537450154 0.2667608147477158 0.1887122415230224 0.19261872989455986 0.0031820630128334693 0.006035418839173318 
112 0.02210920705120552 0.017459738226907003 0.01851595108125724 0.01646187151162955 0.018369471621648047 0.3278504302224665 0.0037089322011887114 0.14146346301292018 0.015106643259455644 0.09020344358704677 0.004567983438349714 
113 0.11844522665467518 0.07434394067826393 0.14919708798344677 0.15258332884599587 0.148775004013955 0.02257181938062191 0.17960240640265948 0.10886633287533824 0.1271485542783347 0.020205949316719575 0.011152875741018102 
114 0.08694710298513927 0.0845107276141007 0.07845031912798613 0.19052228212913913 0.0647383556093268 0.20090979202644016 0.07986320900505554 0.04974582287410281 0.00016120322703251636 0.13541973865743479 0.0010630689632091812 
115 0.2575714534192147 0.259701571639285 0.2641760247781288 0.12022920800712926 0.13535771299999752 0.27242846921701724 0.2009542817585937 0.03682465685679372 0.10320559049792265 0.057996732034265405 0.08728451622785023 
116 0.18562202271518308 0.2229052488372646 0.19625875131746168 0.18254625053988927 0.13054151415823678 0.2614862547870398 0.22794091008868186 0.0059929722619501205 0.08396744949054058 0.11509058992250798 0.0034097503390205716 
117 0.09558073192230196 0.09895854965517037 0.10077759402422654 0.10150362359155377 0.10002593083596324 0.2969623976330797 0.184873536358086 0.08353020642216356 0.008621779386937537 0.11780470114138451 0.00018270837099655098 
118 0.00523083337410588 0.0047038598854258875 0.1263039039043786 0.12858301974627004 0.21281362709248475 0.07991101566751549 0.1409929456443452 0.2505923562447281 0.16862877983446192 0.08171607923007779 0.010440450095936213 
119 0.04544564288512958 0.11125705695572657 0.0926626778944191 0.10079358398438969 0.17453209559260183 0.22351842430278074 0.11451448715598296 0.17204626252866018 0.1357207583833942 0.15282145407320794 0.0348300179872473 
120 0.11189670461981983 0.1490434276181059 0.17455826167218813 0.13675569252904882 0.026291350783776483 0.11836529258993773 0.3529374568752552 0.1567691487454954 0.012887666779030962 0.0018239945945064287 0.09417580094916682 
121 0.04043486265827765 0.08986228508550176 0.09856596035885962 0.11398604591204597 0.08985979001741147 0.07078116996361493 0.1020531928026017 0.05164147770912732 0.18411697193962137 0.29428645707205897 0.005370574847847466 
122 0.09575262034393935 0.09898847776517837 0.1013487241524802 0.1023339037707453 0.09806372986999168 0.24108662760356736 0.3439422035984631 0.1079394293619414 0.07363114324558924 0.06091913631088524 0.0012458241341548942 
123 0.0643462203846136 0.09842400258327984 0.0957543226619543 0.12271031166578006 0.12258343707783748 0.12380417097592254 0.09838436264036186 0.17820606281434964 0.08245042751501527 0.062293515440411756 0.009935902768651665 
124 0.06541401613628728 0.05753573443391115 0.05772239278274825 0.059376671824027116 0.05542461455015416 0.1489487035199793 0.1330164538045669 0.05571731334472526 0.010112713324380577 0.2813142190392898 0.004514120847726239 
125 0.033731130239906926 0.0359764822805199 0.033519737205443344 0.04265869864378388 0.022419411053735912 0.08208789864931051 0.14589607779323488 0.10308171099296494 0.11120227828456226 0.002552952065911428 0.1315795053619803 
126 0.01093035104141192 0.026966886965459437 0.024598048228456734 0.02957455667879049 0.26223153786590414 0.22315210184776607 0.14252839849520588 0.13467131199822927 0.11351880047753703 0.15778633596606084 0.0027132646697526764 
127 0.045988389978789276 0.027245661552985596 0.0317613791069493 0.03218427105893111 0.04837794149670936 0.08041858201932128 0.02453021316339463 0.33081500134080244 0.0020989570623321085 0.005092791416488947 0.005233870733775915 
128 0.25361680323191793 0.12397521642893092 0.1283225865736743 0.12904505445144798 0.13387248747494962 0.15469216023644553 0.22342884086734707 0.1520243668510159 0.18169855206780805 0.001069127684587061 0.0011553877200395821 
129 0.1369073859954661 0.16589214517018364 0.15563933739368918 0.14803347619640667 0.16105130202441154 0.23688661692118232 0.09372397926950277 0.0720561806419618 0.07049658281038211 0.012579695439436222 4.3230934828584705e-05 
130 0.10130192966629835 0.2619175622320393 0.24741688020599478 0.23923744610604203 0.29662498894894396 0.13868087799425438 0.12077749945929543 0.053983271744789084 0.1955309631269927 0.001166337580991228 0.0011244827628198411 
131 0.20682339206862876 0.21443041940757696 0.21789250803851168 0.19664927303995833 0.11115428430238472 0.0346648363373365 0.22100607968535146 0.1940570815429589 0.011212246931523638 3.471552836729663e-05 0.003286688575033246 
132 0.01634894063006907 0.017050319280982745 0.04186582377897237 0.04308314617811445 0.08923149381781721 0.1849017926829633 0.2577994318410827 0.0917495921816732 0.0034122199043891874 0.010974433644953267 0.011304209189326406 
133 0.0033437426238620703 0.0016771161706717712 0.0018633435308441086 0.0016016099170209186 0.0016073625468660314 0.0014383270796863657 0.0017728988781055464 0.001563711946786482 0.0010465976094535096 0.019760398760869054 0.14816995366198527 
134 0.12951352870874772 0.1407449241427428 0.13802353717347496 0.14214088771062822 0.21746936160147384 0.14937053147866328 0.14552797264233186 0.04884267227883286 0.2269825293151021 0.20054996811237188 0.0006195620625816768 
135 0.0025347382464259126 0.1408718309538934 0.25829611268875075 0.26260842050161587 0.2621301678652181 0.2615554645841592 0.2624312628189922 5.0352823054772924e-05 0.0012855235177448333 0.11634336093132448 0.00012898919003080843 
136 0.1298941999103593 0.1696248685062467 0.1687663133932683 0.093647536570506 0.26725960145587385 0.024916187980898112 0.23467473703683964 0.11032695679796466 0.009887215942353552 0.011128586983079978 0.007679720076744981 
137 0.1535188463313308 0.15623918030012224 0.1132880143704224 0.17122982477267046 0.19506535210990766 0.054318463136344974 0.2125309551329349 0.19565163666646634 0.14556452639669282 0.022341677565480125 0.02235131114264746 
138 0.053055515156666115 0.11228157602948143 0.15242965848132567 0.11199983333131042 0.1563198889191101 0.297731996899885 0.18429594522343068 0.23478248826234463 0.007101175381737929 0.006635956414238545 0.006965848633182567 
139 0.0026924562204463896 0.000751185183943272 0.020235955796403603 0.022507265934049017 0.0202216786465872 0.020891239896974372 0.012806836488489145 0.01322256558270248 0.007256752354489915 0.02106866512669689 0.03884474138259177 
140 0.03562690142194087 0.00900854742816633 0.00807201444719626 0.008316220484664263 0.008673841840681568 0.15136966995079038 0.13792536836826255 0.07329726598391567 0.13419546112389463 0.1651257257522701 0.00023186920691265338 
141 0.08122155005098186 0.09547995711965103 0.0955426435660201 0.1449835070141507 0.00808548848332608 0.3493062093178948 0.30820511074929535 0.028699212416029574 0.005030196612899743 0.0017842397948082493 0.0010968500209278039 
142 0.11899601804689364 0.13805224906829294 0.13621296796418939 0.1455590226623485 0.10287074507105011 0.266680221867088 0.20174194084519848 0.007265353568214712 0.011512591123029192 0.013911981921912894 0.00040735180087004815 
143 0.029227033199403965 0.030284663698691167 0.05779794156230487 0.2624474941275323 0.23249949152547195 0.2892804878382787 0.014420824454996628 0.11028441391886455 0.24522396879002864 0.0719032983810152 0.024058781947286674 
144 0.034188174589131995 0.08261034634144847 0.2944751973643119 0.2520903887851485 0.047886882156997136 0.06158636464665293 0.07432394288674427 0.027981487560964684 0.04670794022646923 0.006324527699554688 0.03959848185908947 
145 0.0018750149445347882 0.00286410118847119 0.13162521977971592 0.04761897120648283 0.05807647058726978 0.046528615515249866 0.2587256616330271 0.3036523780001454 0.00556923559665633 0.1675211377727917 0.008978730677771028 
146 0.06922042369193433 0.0663548245631618 0.10378588264288015 0.2780311526890236 0.24245959459335975 0.25313092966451745 0.24243075379976273 0.06810308393641898 0.06182800514914497 0.07263020247319571 0.0029461249696912046 
147 0.18752255794633907 0.2449394209877918 0.15171399699024204 0.0038485951261243256 0.1845927445709376 0.24335893898859776 0.2103309737972004 0.2136561128833872 0.2254668600446943 0.008746754745156946 6.21118952130971e-05 
148 0.026879848573245234 0.2113348654996432 0.006277222373376341 0.00518168758897695 0.004206445474688327 0.15647763763669506 0.22967523589139652 0.08549636278196557 0.21629642189279236 0.004771587106143735 0.002183881029422549 
149 0.20760364216390198 0.21065521594542713 0.2086814184851522 0.21166515521364898 0.26612929099352023 0.2821370110300236 0.24567172149238328 0.12380169322389575 0.04699997462466398 0.003549899409364005 0.0288588476360117 
150 0.009855032412031462 0.009989768523060221 0.010197179065504006 0.009825907716280103 0.003963955696109806 0.003100715796192475 0.002001473107079668 0.00180963004180397 0.001047195759906358 0.01076277226942365 0.0028442614445432558 
151 0.22981504480156545 0.12824952605826773 0.1288697638668378 0.1290111251468445 0.20045096558759562 0.12983630000935628 0.034523446531692654 0.11262299544040699 0.007697778614539822 0.0009293556575439589 0.1527488589109812 
152 0.08521769073313745 0.09727620724460774 0.2035095568698818 0.05896333978221899 0.06286240287841337 0.06112518283009071 0.06029029861857991 0.07343281462083302 0.02822693108890574 0.15973211198181325 0.006033626476740939 
153 0.1285377801821003 0.1141594320561726 0.1309427846136697 0.1306629224368256 0.1356573148785229 0.15130551602088074 0.23300698967871583 0.013041463811918858 0.002979211279642704 0.18630519527191391 0.0028885202284957604 
154 0.2106838461246726 0.2049442800822218 0.20918753593780764 0.13188471798201556 0.2115076625939866 0.2250927306406132 0.10072581315962296 0.0023336340565380063 0.048775888000307195 0.2750422090134785 0.046066146471837016 
155 0.0071172479256346255 0.010226132856908104 0.009997237432853535 0.023715039608988808 0.02486724979403203 0.02312765549477275 0.02406089384933828 0.024307770298571306 0.023103096991415925 0.02282319245375119 0.022549237128446045 
156 0.08326395566074998 0.08609439866639278 0.08271405279720531 0.3529730161428328 0.08467091481006445 0.08243554746369101 0.11082095308990204 0.13455590986858892 0.12238187941884131 0.0024937655894903096 0.007708644960187581 
157 0.09806493421993796 0.1037646220036115 0.060086086125478735 0.18980741554604907 0.2846330045581976 0.28613014979404855 0.1809669983162945 0.07064015629362536 0.20914051146478896 0.024914551942657136 0.0034983554211035096 
158 0.1757917247113232 0.16591312824166854 0.1532985422629756 0.15909032188913014 0.20496083497505357 0.004065799502119613 0.11883604110199027 0.09773690622434483 0.17540358441958065 0.002549985068079675 0.03658075305756941 
159 0.006573417930047665 0.08958006660845463 0.13004686260548468 0.1347798393357447 0.20223058041663997 0.2541922408283219 0.21872654544666575 0.004002226535105789 0.005373477551297632 0.02174998311412471 0.02285019722909483 
160 0.009859915737772642 0.010040505409291757 0.009624621620715543 0.010666392921180804 0.01061990018510452 0.01066966505403181 0.009945728968901753 0.010407993019458585 0.010184011219986803 0.001773236109867113 0.00752941750499198 
161 0.01992448755201697 0.02279927492873335 0.010067434885059557 0.0934957534613244 0.17085988133794186 0.19093117870604648 0.07440533913314752 0.26766562491403756 0.09051087672335605 4.563569859126984e-05 0.08770928778984573 
162 0.21872006748600858 0.2198700620344127 0.23183964656498265 0.24443203435781902 0.2497807832340207 0.16448290876474728 0.16155292356340573 0.14612648555888233 0.011578440722858085 0.09108292020184242 0.02354114167779146 
163 0.10975854108525882 0.11047986915492869 0.06625083898483419 0.06419992041646445 0.07713246478136448 0.07628456171028859 0.010143440568879118 0.07893322750090305 0.06243497976998935 0.004172361867765629 0.06349033126594056 
164 0.029155918159722703 0.2877739214325738 0.03511428337916271 0.22006894076638586 0.14883066796416083 0.03430964312295944 0.09786021803530873 0.009101646807345064 0.1407840623358728 0.09935492922723405 0.0035004341850445853 
165 0.017270355556695018 0.016821167233134142 0.013302379771175451 0.012722667407870909 0.014805128127974765 0.01474994876416683 0.014728153112338898 0.010139580258326496 0.015665691604064846 0.014069984058386553 0.010307662976116731 
166 0.10453648519254893 0.21760992568479579 0.23835417098749861 0.2186027418374168 0.1329054909567633 0.0596958121303333 0.12536741864310874 0.14806806990174634 0.014184090095311075 0.0007853955994606787 0.008573662704849513 
167 0.26488790834367365 0.29044957905246804 0.2039590253217062 0.16357970670835517 0.2308301407784457 0.1835012970122682 0.23903809965074413 0.26471872289165355 0.05971326148219855 0.0007051007130088559 0.10485066870776458 
168 0.18041406526292544 0.18634508125972968 0.20934784226435102 0.10024383312899934 0.21349020614689881 0.19706148747384136 0.10182206472478972 0.18289223915879974 0.001647479838728765 0.2817636671680655 0.0001330601198414239 
169 0.003983057879302805 0.004046691843130709 0.0035035049075198155 0.003105480427162794 0.0041118181013417 0.001739689974098453 0.11483856157976799 0.1837207445863218 0.0018735323746445457 0.2246125837878571 0.008872542388703039 
170 0.06350617532619839 0.06117599885527908 0.05943086943121319 0.07493878400349414 0.09101795241050836 0.09615033336479901 0.14942303438359697 0.15792847298772203 0.06861433049554022 0.0017909541052837812 0.001872570512580741 
171 0.24028174394165258 0.24771774961301807 0.25335066261675704 0.2755438306949941 0.30809498846221983 0.3155400693308218 0.27777135882308873 0.2597564945220046 0.30736829381620473 0.0056667431244747934 0.000580504767965515 
172 0.2244104493720996 0.22737326231626487 0.22577209117363484 0.13781079794162737 0.1586496428756022 0.2425298211058561 0.28230402495924933 0.27495025102301257 0.21027370719284974 0.0030573165571223145 0.038615046418771164 
173 0.20034171571325152 0.3573388281700728 0.35994262678139677 0.36224786443880197 0.3603769778399706 0.1186001797055 0.14610739223163835 0.11204471789253 0.02448682401073427 0.012515561471914 0.0009376858865816258 
174 0.06999035944058571 0.08169819499273144 0.1564797590354835 0.11651270812988071 0.10246542412647817 0.24126743623106234 0.06531569805870135 0.09045058250924304 0.128484573754517 0.14071516465615885 0.009791811832643119 
175 0.05108992555065147 0.10913572031166983 0.3124464289690133 0.24974413979337987 0.24962464827979042 0.2512980011927941 0.19876988548802224 0.07382929175746258 0.00045722654495802925 0.06064287420467348 0.04955387721036704 
176 0.18144694550065554 0.15374315020248627 0.3173224414726179 0.1993852720832759 0.1397033528587867 0.14441724085937824 0.30327055144088044 0.10346420450494329 0.0010691417571740854 0.09319234527051459 0.0013203446422300799 
177 0.004574053582786692 0.0006100189035372713 0.0013350095783765776 0.0013611728600450728 0.3077482353639739 0.23600977631882242 0.057077210576655525 0.15910693043202484 0.22495024156496987 0.010439355514932845 0.007638781340549909 
178 0.19348893043338172 0.17331216152994078 0.003446724529616633 0.23134824797054643 0.1039742419498987 0.20510482068036556 0.0004520359419508903 0.030142650555092937 0.058261020659090695 0.0345839207245947 0.02819531989023417 
179 0.08763556019700022 0.08454438106229722 0.11991993591386998 0.10009907500708477 0.06620612805865439 0.20625078683128645 0.06675391998378037 0.11101776695976837 0.1316783176241017 0.11276542325965322 0.01332033397272423 
180 0.20824022826501287 0.2696828692339312 0.004540570307028833 0.1299679496999511 0.16465429312749225 0.24493454533356077 0.12769989916990307 0.15700307751582507 0.0035817644846545603 0.07912933866584507 0.006800793240994949 
181 0.0066296268757296585 0.24333243898550772 0.24470559595855793 0.1921939334057311 0.19246637294015836 0.12135560005641899 0.08121632048112347 0.2583029545736853 0.043998596061540586 0.00778279015781491 0.02907517991938148 
182 0.12178024498389256 0.11308833717922183 0.11472714127893463 0.14999923091498293 0.10423436104140485 0.2815664221490042 0.1449077005028919 0.09022358884383619 0.004500845670699672 0.0003305946368509137 0.006999907007751903 
183 0.1394824080564281 0.2060141170966806 0.20156596872898103 0.21183447303177802 0.15138422763478598 0.07245921979499892 0.17039767698570651 0.0031603530371402525 0.036395328945249134 0.08207252789041095 0.22146208922720415 
184 0.1958153542714827 0.23103902102940388 0.2380465209542423 0.2615169491726713 0.29501628273372327 0.28187636949636447 0.16419551857466078 0.08839712354136173 0.049852180365980096 0.014545337925905417 0.0005781491569933149 
185 0.2872326646971257 0.28602218484238773 0.20163594345337854 0.31820442126098764 0.24490365082441098 0.2990220757691626 0.1646871284504042 0.08207490295063692 0.15331748663183176 0.12493684430832844 0.00010094510694182741 
186 0.10252316284921568 0.21257421065747184 0.21826610849506745 0.22356473860622272 0.18382745264718867 0.2335929171977124 0.22275595770905232 0.09968073557851466 0.0050909527031094345 0.24492903991408457 0.014432664152696398 
187 0.004531336506673711 0.0041218355354178254 0.0036979623170133955 0.00014310760601974105 0.00011115208864017348 0.0001145352601451707 0.00021295084667482443 0.0004909823754638697 0.0005569415897393578 0.00013514659128015176 0.015717499637918093 
188 0.007388001891286364 0.08398216473349622 0.08597069390107275 0.08398988255953535 0.0926634360154268 0.08604986274874188 0.2311374795425769 0.0676336987954391 0.008529284404139796 0.030570771610633322 0.02104464103995032 
189 0.2357063808396893 0.22443779919484685 0.15916097762602005 0.10687222658868861 0.16159366073854944 0.16186288241541985 0.17478921548043275 0.1415937937767346 0.0019261201101462646 0.004549184009723405 0.007494413382664551 
190 0.010166688602905495 0.01092849141624984 0.008720738366294842 0.008515259750453237 0.009304533061013077 0.008458082045401124 0.00862536230527117 0.008790393749253013 0.008731029144327086 0.009292162959111346 0.0025399081532186288 
191 0.09974805643106598 0.12010162462936111 0.2156748337970687 0.22074067176529805 0.08153824527034688 0.08454578241544955 0.2896076806241266 0.14535426474291388 0.16682666394624102 0.0015713390942508065 0.08441183215591488 
192 0.038908464305821844 0.04672493454422969 0.051146456535780205 0.05195369062126928 0.16440726235085662 0.020702714384583057 0.18512189615306712 0.006003663011024077 0.044965332896825236 0.049137600121151995 0.05425212068611192 
193 0.05805709295734277 0.052766505782218864 0.06725951756575152 0.1152750026084335 0.13620339465696502 0.2418464289657603 0.004341498715812934 0.16879626807407397 0.04755031291650542 0.021563471224720444 0.00020165243950559612 
194 0.10350868517549637 0.037432051614226004 0.03862192740704294 0.0734759912903316 0.06635420536518233 0.09090354643952094 0.05106210678476389 0.2026644698132294 0.005355880012103101 0.010086968386800205 0.0038497514028079088 
195 0.010517854127408884 0.011328322473244681 0.006036216699697948 0.004613981753431576 0.062071460398473804 0.012245329180239569 0.23655900633369234 0.205986943693874 0.06203528842488837 0.042344594775135525 0.12928179061592407 
196 0.041360972878820464 0.26440732469270917 0.26273745373288754 0.26632380905528974 0.2634629731975807 0.15925166025894572 0.253308510207489 0.0277351967661658 0.0018590343886003627 0.14856044875541297 0.0025128965213457623 
197 0.04967243187356831 0.049648815629744256 0.016461582367302868 0.01742474392739333 0.01709389982710393 0.014278143634028417 0.16311499940197632 0.039783123596751416 0.00041382012863447456 0.22866117402453678 0.06412663349834197 
198 0.2466197234714512 0.2285353648698425 0.2922494122559884 0.27496385559468306 0.23342829630187278 0.04735167887833691 0.1873810651189339 0.0006632651622277387 0.18373061603052773 0.11979588074601419 0.01361517320738727 
199 0.029579208259890577 0.05240637089804279 0.1687559647125686 0.19348213694724764 0.19040351147618026 0.05308398375059113 0.20837177519037825 0.14461218339200796 0.15458814186554345 0.02808493574729132 0.0290601880878257 
