1 0.3118875386731492 0.16137854565671894 0.1429609884660401 0.1468700478767886 0.14614084839550046 0.11993198566748653 0.00014021580176404314 0.14298561995200387 0.13104643914564917 0.09008601344054767 0.18783598737678275 
2 0.12862435656359494 0.054292686539305635 0.5702594241968129 0.49007265200999583 0.48995132247942585 0.4376577765255725 0.12598964569611582 0.47254729924091343 0.22190646313768347 0.10694037129927025 0.11613677640052344 
3 0.31792226794826917 0.6670749239409766 0.18202420159742694 0.06591133046679687 0.1862888628576247 0.15443042561172682 0.28841354753891757 0.14278329804105994 0.2766899264650853 0.3280584235437711 0.15664947168319543 
4 0.32092522931118417 0.4222332188028606 0.3252123604192736 0.14586064306954327 0.4248834900582885 0.14700881837407742 0.8727908846365526 0.19814711199727064 0.7000805690572687 0.4787052298937855 0.14426358490244162 
5 0.34402880372007694 0.2800864311044773 0.14196292076622719 0.1789007173984789 0.13056156037190725 0.12811762623647205 0.12584913427801325 0.12490374899120127 0.3022975394579337 0.05282088931426365 0.1098760773537979 
6 1.0513841682426808 0.20112947375758772 0.09294290289348517 0.09547941804641624 0.09279489999089385 0.09037270732109093 0.15742892641088524 0.09425079373575329 0.13102879798896439 0.011223488609440224 0.09013210843440511 
7 0.434027983250278 0.0980606705385707 0.1874341573180942 0.002263669304932492 0.17440926844681037 0.42394314143017375 0.3006134924513493 0.0016012339515061313 0.14740215087647712 0.05128616863484048 0.00850712654287733 
8 0.6381768682581743 0.3703137394670346 0.3639227623515513 0.1551641971909845 0.2658057765941031 0.13331733641495447 0.13053279964993614 0.12590837941385224 0.054527304645040076 0.3644693816529312 0.134578322833665 
9 0.4749011308189601 0.17018916985983878 0.1460000510002324 0.6630719621331522 0.27933131021725544 0.2777324815441524 0.3275188234742181 0.1490327665766511 0.002206846017275055 0.058250277671200834 0.13102470787608844 
10 0.4711297812644357 0.38954816782530344 0.15644966730623722 0.17921198654975434 0.13053552945389413 0.05211970812743871 0.0041445217731421735 0.0011630666070843176 0.05172614718297375 0.1418347700792033 0.004333956788183713 
11 0.3142562166745346 0.23345278585209073 0.14603349410857724 0.15423162943452873 0.15529530171371597 0.1558641577063522 0.13895350796680717 0.07887440635876786 0.12314613113634287 0.0011869810773781353 0.45108417654552113 
12 0.30089892161080734 0.38295955379526525 0.37895418279534177 0.14354713914440964 0.15519599393585004 0.1550192468653826 0.12961913880490883 0.3474295921643229 0.3179299508957154 0.11634845830934637 0.19022316109409054 
13 0.2908850813452375 0.06540089719032416 0.24524592509054344 0.3045670247433421 0.3812986431814114 0.15843501872787158 0.10623877410204408 0.09318219950075424 0.26019371642503053 0.2856742820578173 0.28275837776358337 
14 0.2488294759374483 0.2272018506261002 0.17398009137566994 0.33372940341596014 0.42213408350094817 0.186912147036967 0.05117974316310381 0.09008981497954949 0.012503149086896315 0.00870056863788271 0.15348212064413858 
15 0.30985593965507086 0.18636321614068585 0.18454275593306058 0.12088216930481366 0.15772488464140544 0.09057597678024365 0.10461608672720857 0.00474956952084149 0.3007489911226404 0.42715716640908674 0.28607191773043184 
16 0.0059552234409512295 0.003293318168593018 0.002620983307924263 0.05149943934358703 0.003859774742622335 0.012849543744348324 0.42970260642032265 0.05870867195571172 0.5186858143333026 0.15653651010903324 0.14726721686181676 
17 0.2882683449046688 0.2371341955051811 0.2612910952777252 0.009717410530369008 0.0600147383768288 0.19125747785017033 0.18999902843915706 0.19234205024723217 0.24012659152056592 0.4001983649882508 0.28637584189696064 
18 0.6839456505535519 0.2897921245314823 0.15442130068465332 0.15858089938902964 0.1553879252955941 0.13176580249154135 0.15507369050569153 0.05154036431705933 0.34415962850972726 0.10428548850151209 0.13291252951853139 
19 0.011083615465457441 0.005986165164008739 0.29286121607115057 0.2892722079940597 0.2899703869591814 0.004143458875445205 0.00484156467500263 0.14783889695308794 0.09489342907704668 0.09579598134687295 0.09074679112425521 
20 0.06694935803963276 0.07291190967876915 0.5322883752409666 0.7209903595943103 0.16748900187963933 0.1878932319397002 0.11669545315605667 0.3071588805370329 0.1877653381817641 0.009707422998891602 0.4573301351710306 
21 0.24493785671296564 0.11320976010690131 0.15699170010308805 0.31477244963411266 0.22551839874525825 0.15473539658552227 0.0003144823240521788 0.5633505378913792 0.13636700815044733 0.5412419925884429 0.1307194169276542 
22 0.24424910658347443 0.17566344723005756 0.2749091775117858 0.26918728223864896 0.3143571097381628 0.13076505699949337 0.13492666467277736 0.260972740642611 0.09182935781961632 0.14321068528185066 0.1344450981383183 
23 0.37981357008717964 0.14922858404291084 0.4110580908775585 0.1389253697174624 0.13893437396932207 0.12412741278023631 0.3528012330551107 0.1384953145084591 0.18719464749214154 0.2292544152047693 0.14678962203007906 
24 0.28269012282147266 0.27889532092122415 0.5393029453235805 0.21071288357900642 0.1139653470706552 0.07056615223984508 0.5303639039734147 0.11593439635527325 0.00029887093870151205 0.13701046944127881 0.22104733718194147 
25 0.4632295951870038 0.31627631046015203 0.2693825688379121 0.2890788465331724 0.009124306851852282 0.1462640864537743 0.04091932046665114 0.0008460015230475904 0.1421854547250927 0.12472456923911501 0.014704754259165398 
26 0.26100363453928743 0.21697780492362284 0.3634114512544766 0.3256120625886503 0.3508378564796786 0.3132948896853449 0.24310976057152267 0.294196467305035 0.10374262481609087 0.0014315994050253522 0.23823757239705934 
27 0.1438816195971544 0.2650648356823879 0.0959732579887067 0.14210488686369693 0.10132492146153105 0.050964460879196594 0.12430880406719069 0.14449385309995932 0.14502469172012944 0.0026975622133598165 0.13359195464667373 
28 0.2399314983478149 0.00899586466761626 0.15372957278297505 0.16088615202655987 0.1494788322275511 0.009570178230667636 0.0029045438303398896 0.2284879150667951 0.38519309146578173 0.0029916258806146345 0.002047689620447102 
29 0.16594173247563226 0.15316373387031845 0.14305660438261114 0.14331841853969784 0.0002823147726402908 0.09652620009843638 0.09667190209033372 0.15486632577071724 0.009682058576881758 0.09164344228256738 0.13301097865644707 
30 0.46697761897495127 0.1331549546485835 0.22616275583205336 0.12428412128657484 0.2137112480949721 0.1206876613728678 0.31734539124285277 0.1664034698538135 0.4190322621493898 0.21344635120372502 0.7140827738732636 
31 0.18910744323817674 0.15113006798786977 0.16615388446791002 0.16631456761704477 0.16646582831882917 0.1144580876688508 0.15517929869912095 0.11251194726604652 0.3136051982857335 0.1729441717514426 0.3665763682188725 
32 0.2570161674660927 0.5440518055744246 0.540237746523248 0.20363266835634874 0.16207244262026776 0.30846963385821624 0.308295180615314 0.25286387370823604 0.1873400252355264 0.28260485100234334 0.2140703188152866 
33 0.468989990141063 0.16185803787215747 0.15762435686609244 0.12535453728299473 0.12259121824834018 0.2690752877066167 0.0017842565902217444 0.2712526536350026 0.3130656925009472 0.14774425631315324 0.09091843554402423 
34 0.17501061332242251 0.18514315613733423 0.09826412400753348 0.16905907870925851 0.2582577427909367 0.17132865241741868 0.5705163333997092 0.15837661019478588 0.23932749467594938 0.19209578230347368 0.27893558387530426 
35 0.26231337701922897 0.1469594385206907 0.5311494519400934 0.5207746839942597 0.12498546420496481 0.2665957266650203 0.7283167843306941 0.13371750176268193 0.015206226604252748 0.1889291106305322 0.3382110134004783 
36 0.2970779590139827 0.4982649152043397 0.05113575602912945 0.15557419938329176 0.13277749621932955 0.3984048418454176 0.056691240814600974 0.0836597914200965 0.003866123383605924 0.0009606273727378323 0.14604999165560706 
37 0.13415556401070106 0.12889578758690945 0.2798863390823243 0.2840023790467896 0.3076723559484247 0.23055653890390815 0.26694534185594954 0.002027637614153477 0.1267588411578373 0.05515555668216443 0.019264654033353423 
38 0.24034537184670057 0.16411528597740777 0.16307257760231408 0.1259993010002649 0.38254465583578323 0.16091496059622656 0.15493856105424797 0.28099761165668014 0.2946558019722101 0.12759537525830567 0.11592912354152851 
39 0.14593093925338785 0.14103319019422145 0.2783241311882545 0.2773078341419968 0.28125448447633516 0.2779074219073312 0.14506710623266628 0.10716502934049643 0.154543831013779 0.32046977973479684 0.06020104636473711 
40 0.04674877564802138 0.009462090609883234 0.1834277010114551 0.16820824368515375 0.13294445924790566 0.12728749743218692 0.12130841330059283 0.12060379229725093 0.1266305412774802 0.1058472857317696 0.05878890839247575 
41 0.2140693583452542 0.2649646962513259 0.39113027988392624 0.36609141205427065 0.34143816094213086 0.35282788701638523 0.42464339792920214 0.6307171737857935 0.15158713264629675 0.1560887674139 0.060119163276040055 
42 0.24390341914811486 0.22211498200785762 0.2587680189194863 0.23395914061492817 0.22799320955955693 0.11980341658771287 0.00014580944698749931 0.11591707559726139 0.1112100786981447 0.14510720156067336 0.15739360230979216 
43 0.2766813422577119 0.13429237262031357 0.13097887604694947 0.10947921182857456 0.1222226276344145 0.16840097900645823 0.16928963238010653 0.0035880594438761904 0.05183907761649387 0.14100243832546866 0.15257728767807244 
44 0.25530025902956943 0.05399796274862645 0.09004451194682339 0.090167246524409 0.05507157853239519 0.31141729373038984 0.0003034872217497764 0.006278225591358932 0.08895159894905191 0.02700499914763732 0.41465979214158466 
45 0.17490518131637423 0.21511900658943262 0.15623601036442025 0.1561959559193209 0.1502477917537881 0.003302562750926441 0.15086760266034105 0.16739372154109589 0.16008050726662226 0.13198529269431347 0.43420838927725747 
46 0.6663140429835614 0.16574146607491258 0.29372376716826487 0.13220149046706986 0.14905481547720179 0.15023615416732738 0.22988766288195706 0.1560807665170234 0.2936547691709812 0.2862529909812359 0.09154147487274678 
47 0.04457335813033225 0.3000846953910905 0.014001878161668202 0.12593133055419337 0.13488441879866286 0.10291990580256716 0.05224733343503729 0.04388700354870778 0.4542065148124088 0.2928408181979023 0.053244519648542266 
48 0.46491240524906985 0.17286943052144643 0.1341536885061334 0.00029042280667290754 0.2992539110768 0.0068710568966299235 0.008404198745489921 0.2277572585718879 0.1281563941876538 0.14212374456482202 0.01452556333654087 
49 0.011798885610918575 0.37395316098472264 0.36811239815656016 0.5619110415672512 0.2532284494204369 0.8390199906565083 0.6836393920677786 0.5205243431891269 0.565513133728194 0.15619093971536024 0.1269119498235618 
50 0.2315906904245182 0.23810190104732065 0.09104492931575159 2.078866372817833 0.051290275741630253 0.28139226559012087 0.11464102481540728 0.2219557365932694 0.5522611615809172 0.1671176395516536 0.17774296154229496 
51 0.19266048630741217 0.15728735329822108 0.2585208417156295 0.37802422496707955 0.14537361821470363 0.24769787665916176 0.2981763241105089 0.05415129932739049 0.23421104112837376 0.09565881861937875 0.13898550054534198 
52 0.19875581934296704 0.1094102560562824 0.19055698007101896 0.1070180203151665 0.0927909078796123 0.05586696643908162 0.098809920101818 0.1286855534104241 0.15373373705026694 0.1489428713137375 0.13617703700301753 
53 0.2958936867431614 0.28141051579679655 0.19095202511986642 0.6210975376591961 0.39634933636694214 0.15553055639342084 0.1703100123034087 0.3873690090745363 0.1318749127626493 0.28876415301044744 0.3196680525533466 
54 0.1731998913837529 0.18394954928114515 0.11853327245584389 0.1184101945065148 0.059980649092558735 0.27503713483488745 0.04557887602268629 0.10926221744375297 0.11580308145122586 0.09932598014282057 0.09000158716827755 
55 0.136966923695514 0.004480796386436836 0.0020192858913627987 0.003796785728869878 0.16361885370405993 0.11010695862893805 0.11387272379514712 0.13820808526964257 0.006876394191630553 0.14074491791605936 0.22357383005479115 
56 0.15233918754211828 0.1363264946925593 0.39045115662099406 0.1868873123669914 0.05446108434336594 0.12970058524858885 0.5704777523597517 0.0933972272950836 0.018214659353633422 0.1788533086736379 0.05093108144804681 
57 0.4708879683318514 0.4639482793328913 0.45902031549996103 0.2854716575641376 0.28773603359616295 0.2862287273117978 0.2906975653295607 0.29365726221536903 0.28845372573555395 0.12429752647353354 0.3150740351355257 
58 0.6389527922319456 0.6390877358757816 0.0033753305354053964 5.893297849723922e-05 0.07437657228509309 0.43938940116728453 0.15288196253652586 0.22249939608165725 0.11690752612145339 0.1615778368055274 0.09026356193857588 
59 0.18611970497610208 0.16024375931444368 0.23608229488486288 0.23790355979818756 0.1420600153068019 0.0030093423314401235 0.3964987928228769 0.23417834270375337 0.3718840544067028 0.13132691249722228 0.1322133131006087 
60 0.3535507909144613 0.23728354056614442 0.20036761704742467 0.17498184407459583 0.1693104178578082 0.2504772609794994 0.15504827266271448 0.1550055240132746 0.16029168734439736 0.1558939203715557 0.15540106138591447 
61 0.45399193841734764 0.1429812500013572 0.15706025126840117 0.15729801164250823 0.3420539648520755 0.15525477321023118 0.15263953085498727 0.6558577127165215 0.14791379555344264 0.3087239564512547 0.10789367504086655 
62 0.4124430959465979 0.34841620336655765 0.12896060032129775 0.2212255598954762 0.12592761785937867 0.23238435167993643 0.0022303888596582055 0.1880953383248496 0.3042777495990965 0.10663357292577835 0.012498134873743183 
63 0.16385323315589417 0.05398307955185544 0.15596425546457837 0.27997471932582485 0.33026956954812725 0.0014124689330134998 0.24088292748227147 0.27692148319508725 0.2781678524468685 0.0560825088788377 0.05941246380058729 
64 0.24191742330824617 0.3222435098409573 0.27904624620394003 0.27783049469568155 0.29071007045819464 0.31192339415398607 0.28444828188804294 0.1531217403030123 0.334455390331895 0.09120175246555995 0.11313962955926904 
65 0.15487274176199506 0.010289437817075253 0.14822811508638623 0.3310956920468229 0.1574407470530108 0.0011682444809633097 0.12683273695581398 0.15590676378820945 0.15213427518177625 0.0032534412612221786 0.1580489103826519 
66 0.12796711668975647 0.12696766861956732 0.19823960184177736 0.0013412716497871457 0.0025266817588764923 0.000930948346772098 0.18859187078020412 0.18714524135027588 0.0005153558216957066 0.16037928820701985 0.20306781363592563 
67 0.30610202833976174 0.19186956361596152 0.318223767577253 0.2488091627774871 0.21107724450319587 0.2709367489314669 0.2679410251394554 0.36101172036387474 0.32895218271789695 0.24042520127959932 0.09131488170053537 
68 0.5518924390067976 0.49389520801030784 0.04258189344173324 0.22621124268834336 0.17825198927339336 0.1399520706552284 0.15480497414693417 0.1551387214514559 0.129802051163054 0.264140879238834 0.10854907492949728 
69 0.1785246150908204 0.1291657962286621 0.13079456575261794 0.3256286386439715 0.1274177294266714 0.13006058567756007 0.0563148587169362 0.15351375891417973 0.1749130442528486 0.1555482305464153 0.09614704878337932 
70 0.018489834869276578 0.0038894712859249836 0.3175000611179719 0.28063952994400054 0.40459716574426174 0.3814394266425598 0.311411092907667 0.0013004299486532034 0.00021292482931478673 0.0008753550112672315 0.13927842328012474 
71 0.2999853370013934 0.29230625482470707 0.14197273327422621 0.14431473447191223 0.14327261577048844 0.1830947907553533 0.29507662813149516 0.3464774349773325 0.18931729228922123 0.15906795055381906 0.07243679999107222 
72 0.3029353311244307 0.2951392483506119 0.2869251858338071 0.004198812732973067 0.12790050849455703 0.13245855952259866 0.13057890198968103 0.05150635278519644 0.007606174964081447 0.1250030629276715 0.11140433846207465 
73 0.2610727078978776 0.13144085582571208 0.14235815312062172 0.14559823144830375 0.001957532245567606 0.2351739003790243 0.1087608511719047 0.00040809914162664995 0.41893761079255754 0.10607203315364089 0.09018547451581149 
74 0.6161929602027616 0.15639629456623005 0.36324340501207963 0.05460560145665205 0.057468170597408275 0.05226488804486351 0.18124061145245918 0.13371436813327264 0.12205785736809105 0.06097170518472694 0.19294836040262098 
75 0.15835264175179375 0.48715842494477 0.789045312980452 0.29580113155573073 0.07144360371086478 0.0936563776714312 0.46986163624595356 0.16791066086087447 0.004072300145264052 0.17296746584321276 0.1421303473848159 
76 1.4461721323722738 0.12296135199938973 0.00039825392404502225 0.005940107920395121 0.32461392111133236 0.026298869658813118 0.1145907663380239 0.0028755211088729027 0.23547423416372482 0.24215243592248648 0.15755723106085995 
77 0.30941537988001144 0.2346606842651262 0.549910082453712 0.30868676849521925 0.30185575892114436 0.2989425786965665 0.236010748203908 0.28294099308411624 0.1351145558501834 0.15458202775779029 0.002109632464156519 
78 0.07451055132339235 0.16689129506512757 0.168913934140015 0.1872798870053387 0.2778877121625527 0.2781714169021008 0.27860026447411634 0.4591392478954468 0.14479812684365 0.16339334856845333 0.0018100782819505667 
79 0.2796739349877093 0.25443705389928795 0.1570504848830545 0.16391858810714588 0.15524765854816458 0.21522133695438228 0.13988899619509887 0.06115292589724852 0.49103154726526377 0.22103951962018087 0.18354336907161972 
80 0.15994269356050062 0.14281700441312495 0.06494013254595465 0.009316609373836826 0.10456744602232781 0.10448400509616107 0.11328335968337377 0.12685944783804715 0.10617422893201933 0.3491326269670392 0.10108949984023496 
81 0.1652548669254461 0.37996714566190803 0.12149252141740519 0.12114665172991224 0.3792753855827744 0.4650568286681622 0.13186610637745133 0.1725046006321289 0.1951947333682984 0.1210851563751767 0.2220142212425671 
82 0.3807116888965787 0.26432630234785215 0.16431932124478799 0.2340892830206016 0.21505092299992867 0.14207296024377492 0.001050245480769263 0.0019038160734563547 0.18814709808309615 0.2361478552297651 0.2630210389379144 
83 0.20504948201355688 0.3294641520066026 0.34784803433648825 0.1555049892650633 0.08974700745113395 0.2753389053934292 0.2889102979277496 0.15317239351927547 0.12593780525611464 0.0020960645632364105 0.16589665522352348 
84 0.6361773302215248 0.3460375215476681 0.050552092940369775 0.17117894988442117 0.11391315443844086 0.0010751698836184431 0.13102583994773198 0.1366655716226841 0.06147264306907907 0.4245782643360059 0.14394517438728371 
85 0.15302010839300095 0.14301714842354585 0.14709354142393494 0.1511735062927695 0.10037016661715015 0.29068904960402975 0.05881999538913085 0.0587657441037841 0.05947625431204884 0.3514603774965952 0.63233250994843 
86 0.13043621481228485 0.10428494961683654 0.09629708963204031 0.1000296013812303 0.14109383951717902 0.15294132346622646 0.015754200674530594 0.2987569772465335 0.04487110920973336 0.3184536184516187 0.04843006755295143 
87 0.34241518954866734 0.2863996357475198 0.16600402937894465 0.1816421983001213 0.027316991484052977 0.11403573505253206 0.26305911564054796 0.1570221543588577 0.0056889591667790285 0.33059250263358564 0.054096644680717176 
88 0.342129160439093 0.19892380169912904 0.06904961339541416 0.12698053590114533 0.15921033815712526 0.3899412774668978 0.16139908853475937 0.25197689300042114 0.27114509747978843 0.011022356275203649 0.09200381681667125 
89 0.009090685419662847 0.2890663317011217 0.1749776247139092 0.051274709796484075 0.2927826061358889 0.0523922201281124 0.14169563520076345 0.4098507082591638 0.09656500101106325 0.2786976716811793 0.15786719444559516 
90 0.18855589063464961 0.160966945615721 0.2512407651095909 0.33143809769050137 0.15615089628385448 0.14177800918550965 0.09302437318426371 0.348763444348263 0.14941978878029794 0.14404954287432226 0.0012210799722485177 
91 0.29493637444582177 0.2163957384842572 0.14319524461395972 0.1694034357889791 0.14766224501972758 0.09107569034900287 0.0029505923801114164 0.2106473235623163 0.05103340094704478 0.16941985271304993 0.007130074100935246 
92 0.12191318550569896 0.23336242485853553 0.3651793732249242 0.0901907964157882 0.09364461126597234 0.1151920029809741 0.13192788801864275 0.0017326347557933275 0.12765064455616582 0.09180258070012925 0.09401268051631106 
93 0.45088040000671725 0.5525216666060384 0.5403019219897303 0.143223645941152 0.2400173118716662 0.2853101873659334 0.20361310677708033 0.2583287807263055 0.2600795707781316 0.1800765321824329 0.402531883074996 
94 0.29355520863296825 0.23622089622252673 0.239713920816218 0.2799393540876771 0.008295980578791884 0.30814086723591316 0.38310634875257144 0.006345611030763365 0.15590778139752537 0.05848269282827623 0.1989681702947692 
95 0.13692919333102616 0.003093673760561799 0.002216366388472224 0.1146144084397509 0.30759369009604676 0.10788751839382194 0.004582555272426347 0.009220873831910836 0.12977420631686876 0.00157905644124412 0.10327514674588478 
96 0.2589140600768687 0.15612806875107488 0.15912964176837008 0.09633196356486806 0.15290384800397838 0.280937955948545 0.16993763847405674 0.06346932146798778 0.16555480016738144 0.14850604476546003 0.1881609573293641 
97 0.2879152301449057 0.13202737448168023 0.21415488478599443 0.1249747847648166 0.25738132119080603 0.1892706078191413 0.37501510502778324 0.43597184605040873 0.33988902228221285 0.06906802085509689 0.11444583832247979 
98 0.13608764299382337 0.3769159119111105 0.3877381477278128 0.008663656822770704 0.21684484983670238 0.01036964198706336 0.06752613949727149 0.07879529132515373 0.010035177533964657 0.1507714812189196 0.10912797685393016 
99 0.05907254954927943 0.05594161102791162 0.05440854563100039 0.12746328192498524 0.1281765495224132 0.19570329238043982 0.052059650958099724 0.03877324470013832 0.38046388095069794 0.0007701758762586053 0.15165969874393603 
100 0.3041074620301547 0.15429156165155788 0.1594700088630958 0.15907183519647283 0.18775152139150286 0.15648543184658337 0.15640676525241304 0.1634570970299407 0.05144705731624022 0.18814773142102226 0.9021330876438771 
101 0.42380505446654304 0.09506467424997922 0.2289987524895185 0.09194418904160706 0.13007837160256486 0.05860640173614051 0.051455186991129054 0.15145167057452902 0.09074487283118415 2.2847681417961283 0.011728612920375525 
102 0.2764216239890924 0.14089661434278788 0.12548192761554233 0.3033614319961071 0.423217797515111 0.3016090816024555 0.13031361649911055 0.14348263456685117 0.14516848253538228 0.2594369276144839 1.1884157109438345 
103 0.1681703512026722 0.28022094883750626 0.4248396352369621 0.27965726166090477 0.17667190376949726 0.3228704698366034 0.15711973069012508 0.12806320931246162 0.07284528411146951 0.0004853717995505491 0.11615703507308694 
104 0.2726647227607337 0.1152918677790371 0.06148866086423688 0.0531138366457764 0.18939734596092173 0.22854312849715974 0.22613595012068544 0.33129570183526447 0.3068144562368289 0.2270220346246834 0.27960434803955003 
105 0.3309660932292964 0.000429434442995813 0.008205027184535751 0.18613050757846672 0.13096041253754365 0.13116475715075993 0.21580997414847403 0.15488582475542323 0.1041025495384762 0.19808891380776217 0.2261528500394423 
106 0.3069217835506297 0.0022409375105247875 0.14285306399857944 0.14320587486112046 0.14731883255254274 0.14343047142763687 0.0011939350228509227 0.12703467618815445 0.43198866903263067 0.09921933277903783 0.15466483452592072 
107 0.5750554384538837 0.11191607978146934 0.2480839870369973 0.1414306453304519 0.150756696373195 0.1558387384563602 0.13926917704672626 0.0005164890976789849 0.01667775694186524 0.0443519547292297 0.15541342643311928 
108 0.3139695472961268 0.3815910549976085 0.12825779557419104 0.42905611879529815 0.19080347399105158 0.14830549962916706 0.3073459638316578 0.21435596197264672 0.2656831467066674 0.8436514056524764 0.30550843658084226 
109 0.36796055881862344 0.32402255531280844 0.33625419173412396 0.3941798475921896 0.3885589766322912 0.2679395162874805 0.15288297266688566 0.2775334734314665 0.7137147870169205 0.008650980486994087 0.011104640766070872 
110 0.2212244803844623 0.1562475766074769 0.3920212433861714 0.2828931930578076 0.10950837794042734 0.11544707603783344 0.22613072159812653 0.1443578862454462 0.42434528401454585 1.4018274234319925 0.12891907923615165 
111 0.2108821074345979 0.054014433979160614 0.14199512247139623 0.2756386011059977 0.27858267512687185 0.10662634508393332 0.1555863107121649 0.2010538259827861 0.31455793109879515 0.14679426225634096 0.2598385112366781 
112 0.16892501830225548 0.26921061367056787 0.10293022453504186 0.09097622730752164 0.09697466313775571 0.043799377000206974 0.1210224809331617 0.10488428459951926 0.15914895335214396 0.11455365839666243 0.2797119375206183 
113 0.46437164231298844 0.35222435517802886 0.15312694020939333 0.17401650072058317 0.15427682110769858 0.12662013661491578 0.12791242989526985 0.1551515144478106 1.9809738727684607 0.23540771429635576 0.3037035279183389 
114 0.2151249334206291 0.12813691837798125 0.1285276095444079 0.15436475207658873 0.053105193886105795 0.05108726222031912 0.12652553245715126 0.23753140334350675 0.05992257319242711 0.5493939950689306 0.06572867301744623 
115 0.010965316192415031 0.0022605479097546066 0.14239647364203023 0.15899147981090245 0.05145491206803143 0.1503227918355119 0.14134448944487943 0.0011224577223369891 0.02747171631834533 0.26862563697912734 0.15809088831346685 
116 0.26495731899376906 0.11611651088364106 0.3027916922838685 0.28726100129185284 0.27882510308870323 0.36602028195301095 0.16392714137337094 0.22211349360688004 0.24079461108200917 0.1731086641317816 0.11990442287729408 
117 0.1320168173689975 0.37299452812155565 0.3401369615800949 0.21700786974471598 0.24993121209972813 0.4618041509651736 0.2730950783224735 0.3794685163239322 0.10361016907524778 0.05331046727499 0.09093692261540198 
118 0.4999065180310307 0.1551933244516075 0.001898224637454149 0.0009609166117225953 0.0018403789122078962 0.19047782503527522 0.27715962602491473 0.1453604119284595 0.023669984469394834 0.187426015681325 0.006498942739739277 
119 0.3334061104016399 0.12818988826424338 0.1681448606093987 2.335510428226284 0.0010139144491745355 0.3281115327994488 0.2350028716840704 0.15399476764939202 0.005233925266878714 0.18822026965250416 0.15453503603059282 
120 0.29598199389421254 0.317956600061736 0.32629578732300324 0.324447032180327 0.052312360775026434 0.06818716566160354 1.6880524154994792 0.0010929280748079861 0.005310464067358467 0.12566246349040533 0.0041643381082288045 
121 0.592007111606975 0.0039316205228718815 0.0016001027446694849 0.09320125710181237 0.11528827213875736 0.12315827013846636 0.26247177040801795 0.05108550505308429 0.0009859543756292055 0.00336210116470248 0.05825640639594276 
122 0.35979780845135956 0.21126902072806608 0.8401577740629644 0.09747631716303928 0.05475231226162869 0.14687693697584336 0.12857428844539065 0.1547717638669468 0.12018580636244636 0.15133278462123556 0.049886843922545054 
123 0.2654070976968619 0.20180409575847058 0.06308637247334836 2.2917308461725217 0.2761944570885557 0.15738769360966032 0.15839041149612854 0.18753469522039623 0.13117826718318604 0.053051197783769766 0.18754717148822841 
124 0.1651007823817796 0.1870271581966758 0.26398006895622217 0.14200219378076362 0.08929254198345049 0.04705055699674787 0.1183134736945366 0.4762366081896321 0.12801197670704312 0.11809952403195823 0.028683266079740477 
125 0.16226494326287977 0.16936408824656368 0.0005401179185273719 0.3142008248068713 0.1508804531476926 0.15630726364521053 0.2224026577573337 0.28565823135593504 0.27820416729379005 0.33777055939411404 0.42743795377830374 
126 0.15990899116912338 0.1300973375761192 0.1528261627905554 0.0423647887695644 0.042955774926509704 0.13339968244953226 0.38288688620164635 0.38159511000406 0.16876219889162947 0.11426278103006915 0.11377913163078901 
127 0.24942486312508372 0.1882613928181165 0.18729919405550355 0.18717580439384385 0.23651458164780337 0.05629154667499314 0.054637363491162105 0.06763563346009782 0.17102236999972753 0.14315409932972223 0.43130102193515363 
128 0.11864817982953824 0.002022701716425601 0.17812457773807644 0.14232705340742413 0.24055325925758098 0.006554923760544895 0.0019309654520505148 0.0025628097782846027 0.1561991442578794 0.1665375366743973 0.543416755571041 
129 0.15545030692002193 0.5623326822517605 0.2601193337827823 0.30549837115963463 0.12390332060514098 0.12588421134839933 0.2204312926458627 0.1276993257343353 0.1310705410955606 0.147333636617196 0.2360082410726747 
130 0.8109928799306463 0.27087102460055235 0.2644343839506238 0.02702643186424325 0.02535558438645502 0.059141080795225065 0.1740741574716118 0.13314172134383462 0.16645301675453794 0.8618085274688774 0.26906202517573696 
131 0.30741443363072385 0.1766787031048711 0.11892283477197019 0.29821737800070913 2.1297450383410546 0.3466585408691323 0.053270591312085 0.007094920552471962 0.6232534671256396 0.15354851416150872 0.08277928034464388 
132 0.17805268937501317 0.1633333984039531 0.09111207621247885 0.330942827125428 0.3235466336715547 0.29651987561906346 0.08989183403912016 0.37725350497858656 0.14499544670492348 0.1642012961397814 0.010537019435242101 
133 0.12755502487706316 0.007916653817662933 0.15485686314711877 0.15535227474940605 0.2793502304836206 0.33215909468427185 0.23618952394255466 0.011952777927064062 0.05336089475744288 0.016948504685579735 0.16080949945729373 
134 0.4476992877436423 0.23025808231852984 0.26926427545954823 0.2698989215243035 0.1578734874544505 0.13262172731615784 0.29828869453944584 0.4207212313226574 0.47939401887032496 0.2387461773202233 0.13060221686350992 
135 0.13891768651021152 0.21552014310494272 0.21947247757620403 0.24691430598348596 0.1288907266400372 0.2783100353599597 0.15393649919987062 0.3786938867128189 0.010517950017248978 0.3434784837151348 0.0005549340270007974 
136 0.13040914673873516 0.11017365532580214 0.2787924036726963 0.30481292342379085 0.29026882856794245 0.24732495535050525 0.06941819016768314 0.007614601890530537 0.1708116952708334 0.28978421872713334 0.09119533548403957 
137 0.2981047041047482 0.30806929230130997 0.5771988852975358 0.2500100233286524 0.1321591293658564 0.18830578241446183 0.13369224117266398 0.3008610962338363 0.0010804212422304005 0.2422455067465279 0.2008579866556932 
138 0.32033659202054743 0.2005695898626989 0.2277092838757664 0.43171155539563877 0.09742552419600337 0.09309193775668057 0.0021434239638065122 0.22150990620450806 0.16192357789511647 0.05772692591146189 0.011100193387591162 
139 0.20364084587957798 0.15890365995167777 0.13800003382122128 0.24496761453935179 0.13855005968992273 0.09112360239236317 0.054486066076101736 0.27274082464420246 0.27711373769405867 0.058178184263725896 0.16073925500584885 
140 0.33395408972505436 0.3221639635678404 0.028085074740634042 0.18575936582493213 0.131671818987396 0.12218764859436249 0.15502792448690883 0.14789092662784498 0.18326901503388626 0.1427209677188035 0.30694781083040823 
141 0.32201053167120186 0.320096757570866 0.41912692970840126 0.41956621381120485 0.4961678690367606 0.23468905076251367 0.060220842724046264 0.26046397567561463 0.12692146951408212 0.15341873702359976 0.2819196643621833 
142 0.10631037125662424 0.170028395427531 0.1669616480254028 0.15577659250181064 0.13341035896200992 0.1322223816433148 0.08257676880838538 0.1476127631511126 0.10347871103786055 0.13578185893716466 0.010372218723638582 
143 0.27803339661424253 0.277246570673908 0.12617129693806461 0.12899661414902752 0.12924935256999603 0.14493096432249963 0.09718339372945373 0.13211243358989755 0.06671633789621012 0.1407996478210105 0.02531900862181935 
144 0.43401091790757995 0.46542735255050616 0.28701848658680085 0.28994547100421464 0.2804352145474933 0.2868911377949246 0.2959276258266996 0.20829023012787573 0.15632050113068274 0.00907843355834359 0.18808405669238226 
145 0.1081717552442285 0.23359356428925615 0.00038223105282142456 0.003239663764940559 0.0031436548749645965 0.14815377056113022 0.30118769090848296 0.14041924883197154 0.0584525523089674 0.21127189637983967 0.1117402404587331 
146 0.07876931903357587 0.12130944405972066 0.05825711549764634 0.14231300334833286 0.14480250694593977 0.050514932879208274 0.27902301966877907 0.20036046428288756 0.09697570980384818 0.22519349383267695 0.17692765883870187 
147 0.21791511162796873 0.12998816141195313 0.44021076537331894 0.134562366064495 0.3162562379168392 0.31425152246157495 0.15624898323239123 0.106992554216367 0.16772306283622918 0.1550817945440901 0.10923786851456896 
148 0.16093982422661668 0.054773168391124116 0.05346334485563098 0.05056004979628348 0.052561808433036816 0.0014544438847181596 0.18395143201575692 0.18838996026157417 0.259062895061982 0.009001804833093985 0.11880749247217537 
149 0.4009919640400579 0.40298470402019326 0.17357852653736572 0.13049306449066123 0.13077724716371186 0.13489922783068486 0.1314449732152969 0.002283223964544945 0.2495879339365814 0.2326879342285313 0.0011235046966699969 
150 0.15507783968174849 0.14798576049131285 0.06898256309506401 0.12362842113813954 0.17212115016041807 0.11478820928600264 0.14415175313305717 0.22885930882230276 0.05345786655805007 0.09073815359015924 0.3527570033718046 
151 0.46223797257020927 0.45829166481284034 0.2868657775145884 0.1419958394686951 0.10623802894236256 0.30341562453101467 0.30061613945166066 0.23219169240026183 0.05680219332110781 0.20177854962907205 0.12462375014745497 
152 0.3867547940612557 0.09793789085539295 0.1886737980134523 0.14701770151529736 0.1462981956626237 0.1551070142833595 0.005208682158883704 0.26840562505561927 0.2582285180731354 0.1066893011456056 0.10453138708724374 
153 0.4592147783106224 0.12694359808187272 0.05309600928552349 0.15569495282308665 0.6409711731960943 0.15406768251296832 0.15381733239231643 0.15579762199718772 0.155488351828172 0.1578051004112222 0.28976431941600467 
154 0.30397545652272484 0.33899002366850617 0.026327880147942295 0.3734649483899304 0.11163588192685836 0.1681109807703809 0.2596803839365851 0.1460436632851838 0.10367517499799028 0.1877081736841042 0.0032513497234560873 
155 0.13099822430990216 0.05315616062276973 0.20929750306738448 0.210832895940543 0.11230825237928777 0.10338784914917731 0.3658661566006387 0.10800874495927815 0.18669473012476345 0.15700150180675365 0.008220128199692311 
156 0.09135859717841655 0.018992585848929266 0.25117469236250756 0.18936597892600027 0.1537242970359909 0.16653644740655693 0.19175552434150767 0.1560311546785922 0.1561079791676736 0.11065342693796332 0.28770683925844587 
157 0.15421048166600215 0.13198526191411197 0.1280269133224845 0.1269724913489778 0.1321794412678372 0.0024361123573228838 0.0023168235875612453 0.13858887361625882 0.05293822058986031 0.19245953957939932 0.14817854158896893 
158 0.28345904889692974 0.2700555268813307 0.18920459279093294 0.1884462295180498 0.13618190705626354 0.13061077623734008 0.054188471560202345 0.18471529553678323 0.05379347334416451 0.045147302225831965 0.13031548134198623 
159 0.3209148370163124 0.40724214836963135 0.246935914918609 0.00014829003916538852 0.0026949764109698293 0.001233779025634263 0.052450176954581096 0.32224882208567607 0.001481376619029362 0.04638702428708896 0.05592068556735441 
160 0.4573530534899941 0.3189086074212 0.1451779853169679 0.14647208031139236 0.16141093180632815 0.2995697174121936 0.05556479996942265 0.011885220341079972 0.1463552986037211 0.007647569487874151 0.1280600727313228 
161 0.16704560797809442 0.15554225240799902 0.15938746761948153 0.1429730189529863 0.13846776523105575 0.1387722976099468 0.11484517855195264 0.0022536983922023524 0.1510431231650653 0.057598806999715535 0.30899965032200605 
162 0.29209778782200324 0.31738414663387715 0.15593494508929595 0.29968355765110566 0.29056095340133226 0.1645331097730942 0.29114416949771815 0.2640904370895587 0.14299480474980086 0.22604385684768857 0.0740678840921909 
163 0.3468810509365827 0.27986836448143926 0.05888723044160038 0.12239906458262517 0.19217272809837738 0.28990415883292364 0.15207029665420357 0.14619798248398652 0.1947291627403125 0.24149967195896593 0.2515708014120186 
164 0.08321872445672263 0.17324337105342202 0.35149465373780586 0.16558382251649384 0.3380221476250185 0.17603675587968404 0.10934270129703805 0.05814327814404585 0.15566909073374724 0.003584785191689477 0.19130130490133368 
165 0.48295693129789363 0.3388240572589414 0.12608973014362057 0.051476250345055874 0.0005623402129266708 0.12952089146774348 0.042457628681752624 0.07833437861357773 0.14034988589395425 0.009807927686233953 0.11694782886462818 
166 1.159917216822837 0.15525886572064707 0.15889725012765865 0.16014383379947894 0.40700124200578713 0.3857266086192386 0.16250568206405624 0.0904161193003965 0.0031073698767141167 0.2387141313659935 0.12253125017276467 
167 0.171289295425618 0.12789570088250457 0.002292243962523699 0.005025878062653533 0.010054255971057913 0.009681357011242397 0.2790868338285115 0.02160102661847141 0.12621833576231012 0.16220326028093268 0.004438336070860416 
168 0.4749585134993506 0.6229927161994286 0.15429039045488224 0.9870910838179103 0.3459987842337853 0.5588296319732713 0.1496994063940953 0.10987937732121722 0.05829577120665519 0.10850142056117207 0.20357685073467024 
169 0.21743756593821217 0.21477225685571177 0.14506489783801158 0.1440753339936336 0.1465357626583561 0.15074671806377893 0.15106077358083958 0.1528248137841608 0.1089507892785786 0.09867026028254067 0.010140947366512165 
170 0.30102907411050417 0.2961826560474705 0.2916323213998684 0.09143923226500661 0.21037702648964718 0.27148695600201833 0.1560854489164072 0.09791099990063934 0.2690892091675572 0.2795578485656165 0.30168724255986845 
171 0.2809406650620243 0.4502554551619191 0.24162065962582524 0.30655526175241654 0.31193598270767353 0.05713818429759243 0.05266366699167513 0.1352257894830089 0.533336499779594 0.11839898023553985 0.2632214247403013 
172 0.4333517223842005 0.16807059337232566 0.27106993507448074 0.12093252908579188 0.3241275617369137 0.33231049882029495 0.14242374923229484 0.21557695210900718 0.10554000905143113 0.10578497983659751 0.09610396101166252 
173 0.21278602574022365 0.1738329539291641 0.24017781850800546 0.18507950157755815 0.15047051892162422 0.14483072831036914 0.633608858391268 0.20661766964447992 0.29342863870505376 0.05323916896431058 1.2089665700185694 
174 0.14095537557954074 0.005001278397200437 0.10661678460980006 0.10787761890687086 0.13988134701655142 0.15453476137178157 0.31553538181566054 0.05550963099942585 0.16697343787805607 0.15375800939131778 0.10897930830140545 
175 0.12243117940650272 0.855356078411246 0.34355341759497193 0.49131100566750874 0.3820700497618912 0.6227913265906491 0.2559276802955708 0.18777168024487523 0.1862443612897362 0.11854209817797745 0.15465776167175882 
176 0.4660277527682588 0.460065014644254 0.460758995912812 0.4211678382200219 0.3067703651674023 0.17480800818050035 0.16908767354345322 0.6036205742895362 0.1251675095596454 0.22311951336469704 0.010131149601107836 
177 0.460072150835245 0.29418493423623815 0.2919380702470953 0.29431693758093225 0.2917484733612046 0.29254821850653734 0.29301503551242014 0.12848101291888803 0.054063563476344 0.15429921954688552 0.10636936501678562 
178 0.1429628149390414 0.3153378243309337 0.15444209739547965 0.13193630720949834 0.1616224452478079 0.1312440915469466 0.11944677171910456 0.0019709909318592622 0.11372478821170517 0.09157692806664741 0.008445677343255298 
179 0.23136119028089297 0.12079159826430974 0.28890053022719897 0.323943272200804 0.19077592174890334 0.18731447825364178 0.05734133205711167 0.23637773129408401 0.18767546828513382 0.2606766855164331 0.13575984000865304 
180 0.47906621485960876 0.4610624500832756 0.1291018535089723 0.11276112611374067 0.10677834107531048 0.24032587923364623 0.14323580379944545 0.5386832625484193 0.02668551714461387 0.10505907733529618 0.13699020810618023 
181 0.14531040868253342 0.24589369187812338 0.21110359761139996 0.21095227977310316 0.15584442806989784 0.15758561666309312 0.12421462581749232 0.15857226396840574 0.17712836972527768 0.1557979845079096 0.1563308874425644 
182 0.20535099140733237 0.15809891790988218 0.2660813132698525 0.16890272115537108 0.1697800230924713 0.1351271917812067 0.12886052271484338 0.0006305745188814882 0.18865318214723104 0.004472292415790946 0.15804257316479386 
183 0.24944038484794717 0.12998000859061243 0.15894248836972302 0.13816853121816308 0.1059703338906477 0.15454382045972892 0.1575783304291143 1.6476679696615584 0.13334243087419395 0.04694611588978326 0.24061711104832462 
184 0.44691902936728667 0.1300968900512931 0.03301508047636936 0.00025596972892394376 0.0003443467645460885 0.1190782296206212 0.057811938634371174 0.0012792018566525343 0.015535085120095715 0.16726260022822714 0.2995305988876531 
185 0.1681033110111212 0.1276054967642697 0.14727918438043197 0.10695851884242735 0.10400469047991123 0.10500906004071275 0.10407169113975279 0.03715583258410149 0.00023270587930390718 0.13022412940969907 0.5383620784816312 
186 0.18799120018791093 0.15479792529754377 0.2809492147485031 0.15905825384362693 0.0005630555128313119 0.14480255549940146 0.01918719147275816 0.013960230279005614 0.14732536945099461 0.14382184898129857 0.14593982636216296 
187 0.22002351738912118 0.13501787234606333 0.126412372358347 0.12752708856277195 0.24576783571264826 0.006171378024113494 0.1761920161532906 0.11628247207736919 0.3277122774994954 0.176806963699784 0.0728657187343611 
188 0.14290478331514578 0.13442984556052018 0.1299435662979942 0.013871353426280209 0.0014237480000964808 0.15598291424679367 0.1867073949953486 0.22499824729529827 0.12203215345656737 0.02253869367020478 0.46049328736671846 
189 0.22913261491955694 0.22129125608022093 0.22717834135830195 0.053067532245822946 0.142983903056491 0.14328204981853254 0.14424670633272108 0.48079977811793206 0.05093296036029393 0.16603069332667175 0.1392856214429461 
190 0.31808787479421774 0.15895100277522545 0.001250057495056467 0.15858601992561638 0.14016573256859033 0.187897495870752 0.27012903600951255 0.2735724531811812 0.2785615467844291 0.09800995666714307 0.05259779657018804 
191 0.4059098912025796 0.4619622358854105 0.05416328111289381 0.09832155243875285 0.10003581631158909 0.24046283772979216 0.8700630018040947 0.1590293919776169 0.00722818140856063 0.09006967152570589 0.057180076426380566 
192 0.782200515932642 0.3820751849696169 0.38372452445306493 0.15612986889463443 0.18589809196317475 0.17008610352258202 0.29999399497030765 0.06954263853258169 0.14975496228104923 0.13126846241742918 0.11513299702811253 
193 0.44833399914324445 0.45729387740028926 0.3025880746062217 0.16202825068504012 0.16502502441828426 0.16590272353307434 0.10791697275852208 0.14524283801834237 0.1685977584671967 0.1090387504195025 0.1383814781328212 
194 0.3982787858040595 0.3168187355324239 0.13816242112846489 0.18634393084154333 0.18823413742897266 0.13017637569829965 0.635558001550919 0.16060031505069006 0.15864545634468108 0.12619749400422187 0.1352258326766549 
195 0.16542686419234442 0.37809276983556117 0.1719595225755537 0.1275475524531604 0.15384663495777495 0.3519614211315396 0.2066877501155826 0.11367893466281664 0.15442207841807942 0.28263085053698944 0.15413069109131072 
196 0.3830538439362581 0.027048362907143186 0.025930212824698984 0.3541106415177744 0.02528397361631818 0.5442721843702287 0.1250332731054833 0.028039156200510007 0.16769187484017145 0.06672842212891616 0.08792508931427534 
197 0.7409224901439959 0.3776251260723935 0.2793272902621826 0.281666661027252 0.18202668665238164 0.6605062938947164 0.7603393941463796 0.4383181273978085 0.13897541908052524 0.053014284082484764 0.13000743185577512 
198 0.38525792210243814 0.4603270111795794 0.4737025682104612 0.1279089540433187 0.14713552547818054 0.12819677963276455 0.15829314421025487 9.125086011074757e-05 0.12750186047373724 0.21305312496251005 0.00692215340286495 
199 0.4190022845888546 0.05809231809983473 0.05396088217984385 0.13321075280598116 0.1313056225829996 0.17219016474355975 0.14042823184311537 0.22055080830698337 0.0005224052284287239 0.013245732133166044 0.11998493978713931 
200 0.1575164838298857 0.22862042590556086 0.16395648760678938 0.36197452234397787 0.28783484671763127 0.2864422448514947 0.29493801872186864 0.1437799389915977 0.13073310770307067 0.09685095608341499 0.10367514235417907 
