1 167 89 119 68 71 86 137 89 113 86 89 
2 199 149 74 110 104 68 71 38 74 77 77 
3 199 119 134 107 128 122 65 95 56 59 92 
4 179 110 199 119 68 65 53 80 101 47 83 
5 199 199 179 80 71 68 80 77 53 92 107 
6 44 92 92 77 71 86 65 77 122 107 122 
7 185 125 86 110 59 77 80 83 53 98 110 
8 179 199 86 110 56 74 98 98 71 80 68 
9 131 199 86 62 92 80 53 80 77 89 77 
10 131 80 89 59 95 89 77 83 83 71 71 
11 199 89 167 104 86 83 95 104 89 83 59 
12 199 77 80 80 80 80 101 62 110 71 68 
13 101 199 68 86 50 77 113 80 113 77 71 
14 199 56 199 107 101 98 86 125 74 101 92 
15 199 131 95 125 74 53 83 74 59 47 68 
16 95 80 83 53 74 134 68 68 35 80 65 
17 199 92 137 107 86 80 80 74 131 74 80 
18 182 199 83 65 86 83 83 131 71 110 68 
19 199 149 74 68 65 74 71 65 74 89 83 
20 161 71 74 80 89 86 95 119 68 101 92 
21 128 170 170 92 83 86 95 56 62 77 95 
22 199 107 59 83 77 119 98 113 83 80 125 
23 199 185 53 116 92 110 59 107 83 77 77 
24 199 101 161 95 86 65 44 116 95 68 80 
25 113 131 110 98 98 74 53 128 74 74 77 
26 179 199 53 59 62 77 56 71 98 128 80 
27 161 53 89 125 68 110 50 71 71 113 77 
28 161 101 140 65 86 62 71 113 65 80 92 
29 176 199 83 83 173 89 101 77 95 74 71 
30 170 191 71 83 59 125 53 92 77 80 74 
31 125 179 134 110 134 131 107 80 77 74 59 
32 182 194 86 83 86 77 80 62 101 65 71 
33 140 65 77 149 80 86 101 53 62 74 101 
34 199 86 158 170 104 116 89 71 107 68 83 
35 199 188 59 86 86 83 29 77 110 71 95 
36 158 182 128 47 77 53 80 53 83 86 74 
37 110 80 77 80 74 50 86 98 83 71 56 
38 199 77 74 89 71 77 86 95 65 74 86 
39 179 140 83 77 68 62 71 74 92 83 101 
40 199 199 101 71 83 77 59 53 86 104 95 
41 143 140 89 80 77 56 74 86 65 80 83 
42 134 152 199 104 131 104 122 80 77 53 74 
43 199 125 80 86 89 65 74 80 89 77 62 
44 199 191 98 86 86 41 116 71 98 119 44 
45 122 89 188 77 98 122 71 68 59 77 62 
46 199 199 59 152 83 74 86 80 59 65 89 
47 199 98 143 80 128 71 80 86 38 56 80 
48 199 199 119 110 59 80 74 62 104 89 95 
49 199 89 83 134 92 77 122 41 41 74 77 
50 199 95 89 17 143 110 128 50 71 89 83 
51 199 167 89 53 104 95 89 71 80 59 167 
52 199 199 86 104 71 74 80 71 101 80 68 
53 197 199 131 86 98 86 104 74 92 74 86 
54 173 92 164 116 68 80 77 92 83 95 98 
55 182 104 140 83 59 86 47 68 101 83 86 
56 199 199 68 107 86 80 56 95 80 50 95 
57 119 86 86 89 71 74 62 59 74 113 56 
58 122 113 199 134 119 71 125 74 101 74 122 
59 113 199 68 113 131 107 56 86 47 80 74 
60 199 179 119 65 71 53 95 107 68 77 83 
61 149 122 86 77 68 92 68 50 71 83 131 
62 199 199 98 95 86 62 74 83 50 80 77 
63 199 113 167 95 80 86 137 95 131 74 74 
64 199 77 113 86 56 50 59 98 59 86 89 
65 199 199 119 71 95 83 83 86 62 86 80 
66 104 95 149 107 95 98 77 128 98 71 71 
67 128 199 125 59 86 59 107 56 41 71 86 
68 199 140 128 110 92 83 83 77 101 53 86 
69 199 146 199 131 89 77 80 131 80 86 95 
70 199 119 170 83 56 80 44 95 137 95 98 
71 101 89 89 86 101 65 71 89 74 77 74 
72 104 86 77 95 107 89 68 89 68 62 116 
73 199 161 167 80 89 83 74 98 83 80 104 
74 199 137 113 74 77 89 50 77 86 86 77 
75 146 89 83 65 137 86 44 77 74 92 89 
76 32 107 137 80 44 56 110 119 110 86 89 
77 199 176 86 68 86 62 77 53 74 65 80 
78 199 149 146 128 80 77 77 77 74 65 83 
79 199 104 86 68 92 101 65 77 86 134 56 
80 170 199 182 146 89 80 62 53 116 59 74 
81 199 71 161 113 47 83 68 86 98 98 107 
82 199 74 116 68 53 89 89 86 134 80 77 
83 199 65 56 86 128 56 71 89 89 74 119 
84 155 131 182 41 65 92 68 65 86 50 71 
85 137 185 98 65 71 41 71 68 83 50 83 
86 199 199 101 68 65 113 74 80 80 71 74 
87 199 113 71 53 152 95 143 95 74 119 71 
88 199 113 65 116 137 77 101 86 80 140 128 
89 155 98 137 95 62 86 113 50 80 83 110 
90 199 137 59 83 86 92 101 41 80 89 98 
91 199 107 125 59 83 125 80 89 134 71 101 
92 191 77 50 104 86 89 83 95 77 77 68 
93 199 65 158 104 71 122 83 80 41 68 41 
94 199 191 68 71 116 71 56 95 83 77 56 
95 113 98 98 68 62 98 80 71 146 80 119 
96 185 170 107 74 83 74 80 62 65 98 86 
97 167 199 77 119 59 80 65 68 83 92 95 
98 164 101 62 104 53 86 89 56 83 65 83 
99 164 95 98 95 80 68 134 74 41 104 83 
100 182 152 71 68 125 80 77 65 101 77 29 
101 199 116 44 83 89 98 83 86 80 17 77 
102 199 199 185 80 83 95 77 59 83 113 26 
103 199 68 92 71 140 89 137 77 59 122 119 
104 199 199 125 137 83 68 68 77 71 80 74 
105 161 137 80 131 107 80 89 95 74 80 86 
106 170 155 86 77 68 83 92 80 80 68 86 
107 119 89 110 86 68 77 83 104 86 113 74 
108 176 92 98 71 104 152 35 74 44 26 77 
109 119 122 50 68 62 122 116 116 107 98 83 
110 143 122 80 68 80 68 65 74 71 17 80 
111 185 182 83 71 62 116 74 83 71 89 161 
112 170 158 116 101 83 113 74 83 125 71 59 
113 199 199 107 53 83 89 83 86 17 89 83 
114 164 119 80 56 77 92 80 74 83 38 98 
115 170 158 89 59 152 68 74 83 59 89 77 
116 158 149 71 59 83 77 68 107 92 62 101 
117 199 107 128 68 44 80 62 68 62 83 101 
118 188 199 98 83 80 44 89 74 71 65 77 
119 199 173 131 11 98 80 194 89 92 83 65 
120 199 80 71 68 83 65 20 95 74 101 71 
121 185 146 125 89 92 74 41 89 80 80 119 
122 199 182 83 113 83 89 86 92 80 74 71 
123 199 199 110 11 41 80 92 86 95 77 80 
124 161 199 110 104 89 107 122 83 86 50 98 
125 110 77 107 101 104 80 98 83 77 47 59 
126 199 89 59 104 95 92 74 74 62 122 110 
127 199 128 80 80 47 65 68 53 98 77 77 
128 199 167 77 149 68 80 77 74 71 65 77 
129 182 101 89 53 134 80 80 71 80 104 80 
130 167 199 98 92 119 86 86 119 74 20 80 
131 199 98 134 128 14 74 86 74 74 146 56 
132 199 95 194 92 77 83 101 35 86 86 80 
133 199 119 92 92 140 92 83 59 80 122 65 
134 199 95 47 62 146 86 59 38 92 86 98 
135 179 98 128 92 83 56 113 89 80 77 119 
136 199 155 110 80 62 65 65 71 86 68 98 
137 152 128 140 80 83 128 83 59 89 50 53 
138 107 199 86 116 122 77 77 44 68 107 80 
139 199 134 98 47 74 83 74 71 86 86 65 
140 110 86 122 50 77 74 86 119 89 86 74 
141 134 101 83 80 83 74 83 77 65 125 98 
142 199 107 89 53 74 83 53 68 89 68 80 
143 197 101 89 74 77 59 92 149 68 77 134 
144 199 149 77 71 71 80 83 83 83 68 80 
145 199 89 95 86 77 101 77 65 98 92 74 
146 199 110 101 98 74 131 74 65 83 59 59 
147 173 188 74 95 68 68 80 122 74 134 80 
148 167 199 83 179 80 101 119 77 89 170 92 
149 128 77 65 119 95 68 77 71 80 77 86 
150 199 137 146 110 152 92 83 47 80 95 77 
151 107 134 110 101 131 74 92 68 65 89 95 
152 199 199 53 68 65 56 71 98 80 80 95 
153 125 199 95 107 71 128 113 83 65 98 62 
154 185 74 179 62 89 65 89 68 98 83 83 
155 199 167 137 86 74 104 74 68 92 95 158 
156 199 199 74 80 86 71 62 86 80 110 77 
157 199 95 89 77 65 101 86 92 86 59 95 
158 199 176 134 83 68 83 77 137 77 74 86 
159 131 199 152 116 92 101 83 74 86 74 62 
160 199 146 83 71 59 65 74 62 74 95 80 
161 137 80 68 89 128 149 92 77 71 107 77 
162 199 113 161 56 59 74 89 89 95 98 77 
163 199 199 158 98 89 86 74 68 74 110 68 
164 199 125 86 101 86 71 83 89 86 80 50 
165 119 199 173 104 107 92 98 86 89 86 146 
166 29 104 71 65 38 74 68 83 80 74 68 
167 199 161 92 74 62 62 74 62 74 59 74 
168 170 110 170 38 113 62 77 68 95 80 89 
169 149 199 101 80 74 74 71 68 104 86 62 
170 167 98 104 80 110 68 83 80 80 86 74 
171 152 77 113 74 65 89 80 71 98 98 89 
172 92 143 95 101 95 89 86 68 107 98 77 
173 199 199 179 65 68 83 92 59 83 83 26 
174 199 197 98 89 86 68 86 95 83 77 77 
175 199 95 95 92 119 47 71 80 95 92 125 
176 80 83 65 74 50 65 83 68 104 104 86 
177 95 95 86 71 89 80 77 71 74 92 80 
178 199 191 95 77 56 83 59 89 74 89 134 
179 199 134 77 71 71 80 92 68 83 86 71 
180 167 101 158 86 83 134 116 83 101 86 62 
181 155 92 80 95 74 74 74 77 59 86 77 
182 199 119 122 77 71 107 74 95 80 74 71 
183 199 116 86 59 74 104 74 17 116 98 89 
184 119 199 199 131 101 59 41 149 77 92 62 
185 199 128 80 89 83 71 80 53 104 92 83 
186 199 199 146 74 104 86 71 104 80 68 62 
187 191 179 86 86 86 158 86 68 56 68 59 
188 143 89 92 74 86 89 92 74 95 74 116 
189 110 92 83 131 80 77 71 32 95 62 95 
190 107 194 146 71 86 86 80 65 83 77 77 
191 143 92 119 74 71 68 26 86 68 95 122 
192 199 104 65 95 110 92 89 95 68 104 92 
193 71 65 77 161 74 74 83 89 77 128 71 
194 199 199 182 104 83 98 68 59 71 86 86 
195 199 77 143 83 158 119 83 74 86 59 98 
196 199 188 104 83 194 62 119 86 83 80 110 
197 164 199 77 74 50 107 59 71 92 80 98 
198 199 86 65 104 56 74 65 146 89 110 71 
199 188 146 80 83 110 74 83 80 98 122 62 
200 199 199 199 98 74 77 77 80 104 104 50 
