1 0.3229515123745639 0.30488860717877486 0.05706925962161158 0.1272323213928832 0.20391954359335784 0.09818601598747456 0.1751326263248547 0.00852161001930618 0.058339362754120216 0.2828013014749704 0.27951232431255413 
2 0.4312661295617648 0.3196920673642989 0.0348578325814195 0.16703488048154114 0.012079612671664464 0.05199387128424959 0.16901528649324682 0.16031291513003865 0.052986914257825646 0.12379288989108339 0.18622375625941778 
3 0.5057798283066415 0.5388571435384826 0.10009390024506715 0.20924523861505584 0.004121583695376074 0.2788997812171381 0.1511363734570832 0.15442475129148647 0.0899100364541301 0.15689913707312364 0.35391707901591474 
4 0.49114862515980384 0.25399875829536533 0.3074659478785051 0.13033902169559752 0.06211016161511296 0.0719050811457489 0.1375921110793552 0.09719240587793188 0.16213975706510197 0.18833091197790353 0.4574834598487172 
5 0.35437000207397773 0.18933461660107298 0.30693752744475233 0.41351440997341093 0.19038159578715685 0.04235382942451693 0.009118446669335256 0.04695078700900979 0.14728894685500826 0.31776213707785317 0.30685844139714114 
6 0.48112998995857126 0.30099513054959637 0.10226559384925693 0.10627962426956827 0.10713726315824523 0.26892113311449606 0.270327872914919 0.10741980004525509 0.30737828292478575 0.38663566602696875 0.14732109872776 
7 0.5088378789573778 0.3570251974089569 0.1678991635431526 0.07584183178638071 0.12305912867708635 0.37499674037096575 0.052022361083869484 0.051174084673411 0.00042454952989956496 0.14722830711410495 0.0009611705309051644 
8 0.7910617199609167 0.30208616965413704 0.29788777672026967 0.14600570133400304 0.003953527057170447 0.0013834217683985628 0.27842286165435937 0.13125184208123564 0.2592973572077728 0.4600380969544471 0.23997295027243304 
9 0.46997267425614986 0.46520813049426835 0.28793088481281437 0.26895437351531903 0.29290885542298817 0.5059691843485403 0.0028859825013238805 0.2912954784972932 0.5553725511909651 0.4261197590876158 0.12699125957826674 
10 0.4859301124247146 0.47290937326820703 0.4659163400077766 0.46495797771277836 0.4602320544007945 0.460066998317183 0.2459564168613646 0.15494389796663377 0.1265266625805328 0.13594703680920794 0.3542141828318659 
11 0.4710710256920887 0.3715223445058662 0.4409387611533031 0.09516689706457271 0.13290504903594602 0.1299016968187452 0.28616617760468266 0.24207324069969616 0.17832726043126002 0.2585560641872817 0.30232120379455196 
12 0.9063914605699921 0.30579054086591917 0.357275581733175 0.30994070863278544 0.17322899614995357 0.17321360959552123 0.19102862504864326 0.2750216836761705 0.1413583143494126 0.3932141428603231 0.10493187380965807 
13 0.7359708105082614 0.718356531267947 0.16605744617682738 0.22198055729658606 0.17791534943921583 0.2412652549312888 0.13194227513100998 0.8331156514679581 0.132197495948434 0.11090394257313996 0.15119255941755227 
14 0.3980557268637188 0.23696316049783483 0.23020192991986654 0.13081644780117152 0.21410698454743127 0.028289668873572538 0.23302128932028054 0.1300958853127323 0.278449250510203 0.04217550971054074 0.4748493483714551 
15 0.6728768147035797 0.6430632528980009 0.12306600994302563 0.19205763907158868 0.24806292389459372 0.044145138885106405 0.13293720669077658 0.10426658057282445 0.05200237810796793 0.3033718464874795 0.14234328874952595 
16 0.4531310139108893 0.28422864008077475 0.27989146347564464 0.27730155179176386 0.13719786470093354 0.16208397592603774 0.21316041179581013 3.7134443383413718 0.20961188525794938 0.11191217089211136 0.12536303154826456 
17 0.30479317654076965 0.20194261081837084 0.06888901026641747 0.2919449775930065 0.04401161766807071 0.26989374695102164 0.08741392352184363 0.08694623004735469 0.46503483021201397 0.23267509283511778 0.11736151714990939 
18 0.6238058147705416 0.6334486682049718 0.6310452768821548 0.23597666526651828 0.06021069963553316 0.020785507501914324 0.1618954935319401 0.12407047247609171 0.15363912791687362 0.27733792769540244 0.15489655956640824 
19 0.22208282794798606 0.14416525507849265 0.36513187138150727 0.0029080061852511108 0.3781747992214317 0.7199583107683889 0.6343417243297562 0.11397848039433178 0.14817073879274645 0.010888407019530533 0.12824122238610158 
20 0.28892182297034097 0.2859341443508665 0.2842753819272321 0.28704819974451645 0.2859399549606003 0.4313289598330847 0.12137959714288904 0.19191455500824617 0.23508972083148194 0.014974555841240189 0.01789918120377365 
21 0.784024432008156 0.67637184841678 0.15891239225649656 0.13311767466846547 0.13215441441031928 0.1490942126277588 0.12209325688873385 0.5558989767388898 0.28590773364164157 0.24007774093935552 0.5421264785951845 
22 0.46919632345566775 0.2425230826245226 0.13173673153219312 0.18795971224237995 0.053025138079322076 0.26101766959067696 0.7519731265942387 0.41796740463708915 0.062197155225502954 0.1876778747060861 0.18935524090728073 
23 0.34422174820129925 0.17982178798491333 0.3535361390938956 0.44523260468205805 0.11002463481639957 0.156005680547036 0.14842924860470497 0.10358773097467022 0.260881700545621 0.10458357699501164 0.13800470737061232 
24 0.36657732181671854 0.20029254221765136 0.30211768221040103 0.10631466450212379 0.155290870014829 0.10399510095388287 0.10342945693607142 0.10300507364374845 0.17540418790509626 0.10417721126306567 0.126207062406003 
25 0.46893836785046084 0.46509859529847297 0.4573793919243272 0.2730094627439943 0.36563472459665114 0.19916950680644518 0.2739395513305176 0.09291724963159176 0.1393709920097166 0.35101888246321167 0.4284413939541114 
26 0.37594701128173824 0.24173031504852105 0.9829110717564227 0.16701927693844354 0.1825935458326473 0.2397058299249153 0.22905458416281022 0.1651578215081564 0.08069231089704587 0.28214468901883194 0.044174955117338044 
27 0.4095409255680078 0.15270425295311263 0.13902281944221073 0.27596996154642284 0.4624141455479194 0.2961199878834222 0.28407577618739666 0.28546129657028807 0.3119831263326436 0.15492122426112154 0.2730627621531472 
28 0.16909430983096208 0.13894578656020862 0.23825280486700606 0.1070905614781772 0.31229223248261206 0.08415061188098605 0.06912846071062262 0.2508682396507034 0.12158316389896306 0.0631406910938761 0.15509522055588754 
29 0.3899208499315385 0.19742480386072714 0.14593168060835637 0.14315318764470852 0.1423158493289325 0.1278939499372509 0.14190595606500445 0.13053620352662954 0.12522463622523183 0.43007999031957844 0.24731907414231458 
30 0.46194360208878926 0.2863192422659484 0.2862874978209309 0.26496133106334163 0.343144656939522 0.26216577737805125 0.1341056287379665 0.23960596369204445 0.20302963772843974 0.18251772150218137 0.2421834956025677 
31 0.3103144688683699 0.1881967759980938 0.14618285643571483 0.12005720261799802 0.1188808207159262 0.13048595972549748 0.043163003857598525 0.28389950226205585 0.1559830706604597 0.16607534460712614 0.2120967093425712 
32 0.3411902654643981 0.2699843704937397 0.0062271387365342434 0.16406680085361636 0.15459485685587637 0.054221115960421784 0.19016579035634962 0.5399498320975251 0.3647640816150073 0.1039381756058031 0.27404598037125893 
33 0.5028948323991624 0.4652339521579041 0.45892887439942953 0.26493378212574825 0.19820755982688354 0.057957336992179975 0.27103499834128186 0.10731418025605954 0.1109078389684175 0.8412753622232714 0.2682625567111465 
34 0.3058613728764872 0.1629954026037339 0.1539483034016822 0.17810328824588773 0.10454590140396114 0.09899875142685488 0.1420408497941139 0.1051723597309433 0.09004461100074579 0.08950189842260237 0.4308983043704 
35 0.347302024551313 0.322967511081945 0.19222430261596735 0.35293580503105026 0.24888518063631615 0.7221755826130725 0.18289222598748545 0.38794233902549813 0.043425012777699834 0.27612298090494214 0.14136539677396698 
36 0.46603875995818633 0.4706173668997966 0.5667225468799515 0.16189308909964595 0.6280692880585228 0.27994373352967905 0.22261636447402822 0.7551363431238176 0.338988825522609 0.33490208323949844 0.26029174830473245 
37 0.46994538406639563 0.3321788554797376 0.12619819550060463 0.12646683891915877 0.12597620749329863 0.12545282339449315 0.12557322067966048 0.33598093337612056 0.5370593231005589 0.3402037883561988 0.12018577458233715 
38 0.3400561672060842 0.2804848844870964 0.1571003834143916 0.13038172419676108 0.17390176035638838 0.16998417471668326 0.18499357960916107 0.151970582108385 0.16901669904705052 0.24116117873592735 0.1069561053428636 
39 0.3539405533504123 0.13297494783430963 0.7209219949153098 0.6300564346440165 0.6313686582294089 0.12537749387520591 0.1293574355072291 0.30331544710620584 0.6659604813274278 0.1539047998053089 7.87813635209457 
40 0.4153345718224184 0.054124415885763 0.053950595708977644 0.0651720967915903 0.011222619911496423 0.13091021664045144 0.11525016423745349 0.1153414407208917 0.008524687535572895 0.10402871661456103 0.14846793554518278 
41 0.3103681509970784 0.21301736970249685 0.29023070998954736 0.5522511168438182 0.3091294201761432 0.27809597353230764 0.30798632244450275 0.5379505889048826 0.2540113287717016 0.1549281891146972 0.8289078727079069 
42 0.6925411891508144 0.23888910299786303 0.017739957083193758 0.07693446470890386 0.17533713584497335 0.3750738871962902 0.0920228989147418 0.05128013392382513 0.5495377749674244 0.05906620458561207 0.9169492986147212 
43 0.46610378151310883 0.4649185278893153 0.07889062678242631 0.30570353038064013 0.28589514352997725 0.009117138003635006 0.12118672479697246 0.12931355515408605 0.15407558606912453 0.09034044429970756 0.5393239696367296 
44 0.4455656771262788 0.46692131026954264 0.6519462353613061 0.459127576440137 0.41390974451682183 0.3002119008962474 0.3870203076984531 0.4589238536306901 0.42234230985818577 0.14390344591004833 0.46673025184136385 
45 0.21208848100389943 0.1629119853497798 0.3039811746119909 0.29241502491274396 0.348022498138981 0.06788474115458243 0.10718842873527734 0.12889925505849753 0.30025081250694186 0.15253977981631728 0.3271775459189623 
46 0.4711413278685441 0.4641694585914937 0.312143220088025 0.29197038268116415 0.1533160952359225 0.1959154841944173 0.2651207837973093 0.27355678152613017 0.18702920457849004 0.11796424548278672 0.1857703035620748 
47 0.4252394450380663 0.3757536711917595 0.031090803477864526 0.07296270059173793 0.36233625277889026 0.207125884400174 0.1984398705274284 0.09212287643037698 0.35091747623018144 0.1392076502496522 0.14575223867959686 
48 0.37981523190201827 0.4618682998651291 0.2551018498452997 0.20295224165391978 0.17618744576432732 0.19797313918184223 0.24811451565422793 0.2088842604759531 0.12715880527326462 0.09125842811013207 0.008158597005269996 
49 0.4634908517722103 0.13653179206670352 0.0041065393698591635 0.1540890467028042 0.5510595540129071 0.1423189558183786 0.08938821150012011 0.15894031291463762 0.1390443206945946 0.1573651398661795 0.432381247912776 
50 0.26186825282679926 0.3221003057518228 0.16472095385448426 0.12518944460826198 0.2392737659515678 0.19629856160836034 0.4862942753046937 0.3323126847518463 0.33600774831004543 0.1210864207459732 0.12962130663176197 
51 0.5094104994732298 0.3809409733376299 0.19195852207661446 0.04938830214767442 0.22407211621803036 0.9660017093680224 0.04259722269472377 0.12526830929075494 0.12707110103336916 0.12454602901617662 0.20599921278315136 
52 0.4059920247012201 0.3991697384970525 0.23713610586671763 0.06965536028816466 0.2494224950580879 0.002257442665037246 0.09816190689613791 0.23350160562254985 0.41712197740553236 0.06939391357602709 0.27736297007659516 
53 0.568296616567185 0.18871726971953073 0.1048932810218215 0.1001418205142226 0.05199478212526998 0.09897516336549295 0.09723981645825575 0.32435364257302446 0.338187046449395 0.042516282187946786 0.35402143693328014 
54 0.4799964586044734 0.2930001391765593 0.016881428885907823 0.1570873916859057 0.15689098985335903 0.05530258757171502 0.05194048889900671 0.1439343867534575 0.2379728151945386 0.008391715115418918 0.10326118004465634 
55 0.32837397694145487 0.323277377033655 0.03591508885443062 0.27997049478085323 0.28307584372294414 0.26309326212750506 0.09024913141101898 0.08955936217229876 0.00824241379848445 0.011043368491623795 0.2766198518878564 
56 0.6589190796815636 0.13963815701812088 0.07178649011403238 0.10583240176130815 0.8001580280845406 0.139210175927996 0.15404699622470552 0.10297409709453476 0.3314068184338783 0.1310723779177252 0.30965951715518614 
57 0.4659764044912009 0.461149423338572 0.46306991268300557 0.2600418714050132 0.5495622048306377 0.5495634415658888 1.1351160135400065 0.13102154378511344 0.01089826150043649 0.14290003484974356 0.14661421468148106 
58 0.6745712142493083 0.6626914350041258 0.7219656814879105 0.0034543708070700063 0.0021608911069286307 0.1489383707016252 0.2790019600130442 0.30526531319767614 0.24193998422198604 0.060335071048003286 0.44056837231981305 
59 0.47083720256247297 0.1491147763355425 0.14416092441883244 0.14235653848693275 0.3821138341326815 0.15543871175545654 0.15551620006402445 0.15534640349962636 0.0020419587336046874 0.2951139707264101 0.10641135695267145 
60 0.6838764043580454 0.5141654148274686 0.4744929226078316 0.46493748049101846 0.1089096215549521 0.11102454276944052 0.14918719512135503 0.10620902794984133 0.10894474714719316 0.3304997027022516 0.1498964952649704 
61 0.467925033103727 0.46118816739049073 0.43188108960784355 0.14332215754257938 0.14314849217675985 0.44414222601980136 0.4333383432393525 0.11425001369726928 0.09194781163267685 0.5260560794437747 0.19112816713394665 
62 0.517530361531092 0.45710770303649007 0.6814849574413078 0.25504150879358356 0.16191834100588487 0.0979869389733583 0.09613341581342105 0.18112296376743586 0.32191726691148936 0.10789897268397475 0.13810305498846986 
63 0.3129548253024321 0.18099925164192143 0.03516017714261466 0.1369252449899605 0.030088176422943036 0.1721173947897885 0.02644468896597907 0.27735620566790686 0.40047323156079706 0.2978841541468693 0.8522821616580813 
64 0.47811205796575074 0.4109400025928345 0.14991354306778604 0.6999554540466733 0.34794587589073167 0.35137128499080816 0.1392851703497726 0.5509366350941178 0.16501101538522356 0.393444389647831 0.31199165634725823 
65 0.38066228461920737 0.22201320822825998 0.14990186514670967 0.11217668338171904 0.10102844653992804 0.11897382126790923 0.2759478886875488 0.1859214323678966 0.06105538374690056 0.12025261334892612 0.13896956524717474 
66 0.40275644473516437 0.3116063123219437 0.6329116813328746 0.6305391855336655 0.43202849639139096 0.10436238503150719 0.1043516434958871 0.024601667284542827 0.08028176800608477 0.28691918136764905 0.23352433434613928 
67 0.3454105114033972 0.30492740095839643 0.2980252418601932 0.008409503673963314 0.0032277951964285734 0.0020446683938484256 0.0059416811636801015 0.12453673451241976 0.05909454730347541 0.001316788311205741 0.12991497265340612 
68 0.5086352391503475 0.13489585447469565 0.6509739715345546 0.6389407861545333 0.6339593095650393 0.4834808001481612 0.000881910332052982 0.3120675749067576 0.5443820729222804 0.26625094181079945 0.7573220510066214 
69 0.2773913229792555 0.11333909221420946 0.21499765421269323 0.22300347072001436 0.09828224847984224 0.13093923063063606 0.20488495700103648 0.1449403109823706 0.0698847687127131 0.00854793346185545 0.019635266382262984 
70 0.49010167000992766 0.2183560776743132 0.13137307972447232 0.151182402031516 0.15038108858301236 0.36377047096239146 0.27445002687900555 0.1240811170883962 0.026362348334767916 0.370772590437106 0.04467427914095623 
71 0.3466131208722807 0.3509685594012506 0.14803675575507924 0.14005064304298465 0.16788664790579766 0.05811093140269641 0.12198176470622357 0.0009524244806140558 0.10458598633627858 0.19902562445831506 0.15861753463343753 
72 0.3261730991947509 0.2999263267999286 0.2359212148957912 0.0030629519944653794 0.07008093723426789 0.12723265683930762 0.13091287163229204 0.14188731177661218 0.11039233856305053 0.008425362602965336 0.285266035436468 
73 0.8869513796155921 0.2654970224504982 0.6340249958330126 0.6329665075951798 0.5323968836574071 0.14848115481419377 0.18389415905847706 0.15631920215725437 0.24110988158545155 0.23985284778801486 0.294345216674456 
74 0.6009406560613879 0.3221138382814228 0.2502295909343992 0.1951053604705617 0.5863208765930672 0.546314432568332 0.1603576965360336 0.10626273877522863 0.0013243455960338935 1.0427613395004407 0.27957475140400767 
75 0.41100110943435375 0.30560094534172855 0.09468959814434896 0.43311599161132897 0.17809630932456955 0.1400906393132484 0.30416223759322136 0.14199073209490543 0.4650734217713506 0.005155707896893347 0.30745967028182974 
76 0.25363602849314404 0.2410412411395324 0.2682586964075533 0.2853696271545143 0.12391754066777416 0.15594025564094416 0.28508017579606104 0.2893472863738822 0.149482249485402 0.1359476795647545 0.3740098431225807 
77 0.4679373666120217 0.4650302795397856 0.15200957328217157 0.09360594681966106 0.6281820481300837 0.08421748672761353 0.14788691903694584 0.04425374512733171 0.06527736710352272 0.042969612800765944 0.1433349306253877 
78 0.34788476017156533 0.175382535788577 0.05406110728394964 0.01110441617466229 0.0599110045060911 0.057067342514608654 0.196320418546172 0.10656879854802881 0.13835252356579986 0.3065150012115616 0.2712082842449721 
79 0.2811470846167694 0.1470413441715337 0.05592886644208761 0.19524293849634766 0.19316985859546243 0.0558935227564934 0.14089218902094203 0.46712703184765303 0.26536743253298845 0.38739275680404894 0.15033411429939392 
80 0.4873266421558533 0.2970976260418645 0.16785870112047263 0.11321454487326754 0.1099637352545848 0.13603466794384822 0.13295477724785876 0.16318311165849764 0.16876075156308445 0.42621628922247545 0.304368258678835 
81 0.5008656947209182 0.40247625241725515 0.45494326599436974 0.42200075301628814 0.45691484649175784 0.45645484912943957 0.45641236659665907 0.8598814874325651 0.17428291748407432 0.15601087142591652 0.4999259194981409 
82 0.49099070261909183 0.4065991424712081 0.2612054258960548 0.1291246387755418 0.219997460396419 0.09226541813995404 0.2940489555722703 0.29407139065677335 0.10799084937837478 0.1120032619175042 0.17695731380591972 
83 0.19110809159094444 0.1399340182503579 0.05417370890829609 0.12442806981886356 0.1240552910176369 0.4219552882468385 0.12805699891988276 0.10316660111326215 0.2420464839204719 0.24953073616689103 0.37552450546933436 
84 0.6559068701676942 0.5345513950411203 0.2851614956172739 0.6309774744590477 0.6291047179164497 0.6254742521698784 0.627092010526999 0.5761425833184326 0.09495932311507005 0.00017130220888184056 0.15251881496804565 
85 0.349245570912764 0.466046690227671 0.3126169205796927 0.30366652371482594 0.15358889316855162 0.2963119167598407 0.33820516792435207 0.07728573975532171 0.1542557107574254 0.37538269650367617 0.33216566152076155 
86 0.353353234123448 0.06428229724460799 0.038920272638909736 0.07396622647467588 0.15358895958360996 0.14809780449179755 0.4210956014953844 0.2583563687967114 0.10396910879594223 0.3532442754266363 0.3352690170256487 
87 0.4611699194900378 0.3449659549480497 0.14349106964527003 0.14118085675226588 0.15329031217712163 0.1542114838444757 0.1349534830875836 0.17990029828830956 0.16582394901611686 0.13008332381476073 0.43338115770974284 
88 0.8042387976348557 0.38390741009560614 0.2821211927281322 0.25843949488019113 0.1420012156625834 0.11103800706246858 0.1109819614766927 0.05044067244515027 3.349091040504929 0.2863636346154159 0.2700301609109026 
89 0.4659772192557199 0.4622844989821253 0.008923734230625868 0.04241913383571827 0.15893312712528385 0.12491046275134465 0.2519417696615669 0.14911522479423311 0.27928101882342027 0.11002259878639009 0.7009730859159475 
90 0.34022531538767886 0.09109001796075589 0.4369746812091151 0.10718465537698307 0.15191965042381206 0.10602379604378775 0.13303473009125 0.34592901642664486 0.059927545345209055 0.18606973235907276 0.00037545938328342743 
91 0.35079723520353134 0.2583379602932592 0.13502837435767567 0.31195186478857373 0.2160124205110776 0.20701225202955165 0.1971072708199042 0.08101700263445188 0.060015812464346396 0.27399870095498 0.22450254728218866 
92 0.46845161391926027 0.18918008407082354 0.005981070748804385 0.23321553474071877 0.31193909558236754 0.3113775820431961 0.13689170867572642 0.3822154131560609 0.14289275650092215 0.3040437184775566 0.2741336590489247 
93 0.4829912373760088 0.43706771532768407 0.5710603289790921 0.0991527779773751 0.05200194478442022 0.14997311193583762 0.13845203036751386 0.3081313819199032 0.36699156002161715 0.12488405766633726 0.1479529790013725 
94 0.45871988757358295 0.1309173809564097 0.13203989787929338 0.12888618648563366 0.11311604715329615 0.08237473418245322 0.09191260075417595 0.09861419075958189 0.4910295279554955 0.04405548661107517 0.3630103723229965 
95 0.32517390775923083 0.1257020542183085 0.13288718931707955 0.1278829909934025 0.12915393324989388 0.12803934087864732 0.15790788690620694 0.09688266660010214 0.15190917230034806 0.08577395707083113 0.0919231086681922 
96 0.3559427596960987 0.15698536276282837 0.47697073661648837 0.21799481808035814 0.15891221015610135 0.1249091557649713 0.051962730045763905 0.10616217492832902 0.37937249130834694 0.1041005993785955 0.27329771700547134 
97 0.8472879755047629 0.11593674212802085 0.24711413583254505 0.04691345000564873 0.002367535023026335 0.12121055271806824 0.15619425312669932 0.10212256151295662 0.1260198278254112 0.24197468917770415 0.7252324942002364 
98 0.41177877679874086 0.1646409019585775 0.5137790801806279 0.3934451349132537 0.7202911396288165 0.2721090449536945 0.04890817246891821 0.2200402693641088 0.18719736477705418 0.13019337856554714 0.12214207668256982 
99 0.4129517226166719 0.31899287738865567 0.013969664723710196 0.10397504711288796 0.2360408473989306 0.18818627836791357 0.34162652535222904 0.19594193699652074 0.21899957905784362 0.2140030631539247 0.07062580516051575 
100 0.3269360020294698 0.30301344596672486 0.20970840151704628 0.16799145148099193 0.24105018424620006 0.10514211219661007 0.4171251819952726 0.4171422431394749 0.2773829852483747 0.726275543955758 0.2513946553846296 
101 0.32525161472166 0.2902789368968701 0.05794456751587518 0.4320139646853072 0.14915821530655826 0.12200964825092875 0.2719170623246221 0.14346263193724873 0.4341617397461821 0.3793236279973371 0.10616111139632878 
102 0.3760447458970475 0.3448343296650531 0.46293194097149026 0.4580065861575964 0.45726473636930187 0.6223049675106651 0.6229102889057092 0.09715596046100927 0.2673926820764141 0.2732561569611498 0.14228124538097475 
103 0.4839850123586995 0.4879791257514352 0.16836251012200876 0.21495131378775234 0.35411172544174896 0.1312340779135237 0.1398906560469424 0.15090133621504442 0.09099190422624481 0.13988244795403482 0.004001712733494145 
104 0.22652912221506583 0.1552345977662526 0.29553143298501894 0.00394456106126384 0.12215500633222298 0.45996654032324 0.2114474880752848 0.052103492396966544 0.0939985558411518 0.3439361498763631 0.1104686846893852 
105 0.4679266312717303 0.3463424121178722 0.3039756588401463 0.32451320848524823 0.052065045265008436 0.2969471612703991 0.027252263058223036 0.8761824718589803 0.8140833508010452 0.06288393564266315 0.1550845129393963 
106 0.31927949588492055 0.3010366172659342 0.00414755202464967 0.24006042483319412 0.13719874868164972 0.003940399376677561 0.10893449559298496 0.1399943339441041 0.24064033249229055 0.371424600516411 0.4640024368014881 
107 0.4939290633193689 0.4464837206199217 0.4565867909720591 0.38986828890699954 0.4220480187361684 0.41991958853077627 0.0903311466826473 0.2878995555647794 0.37042920989355466 0.008141881867791412 0.4153209389925987 
108 0.48897546316165474 0.3908997537725689 0.29094611956556804 0.05306345006516544 0.05211138078893818 0.05203473069157738 0.0511203391080457 0.05118810126913331 0.27202952956634263 0.0005820971939591857 0.1299419255914085 
109 0.4103122477061518 0.3076002687274322 0.24039687937544052 0.15893736430303207 0.21391775938055702 0.14502863100520358 0.10906056947764675 0.11510675462598918 0.3010145633562651 0.008336160507285584 0.14191409629196805 
110 0.704408630913715 0.18678271836156846 0.30189728090619283 0.001444865361948544 0.001071520906426926 0.4140506260948005 0.10419679429566742 0.10347298516105319 0.341296235922405 0.24322680900366578 0.3080922339313261 
111 0.292053177720355 0.47591399882273855 0.1318912517768478 0.07053207532543304 0.5779287615888844 0.00029283239175903475 0.0071074515499560675 0.14808788914293913 0.10918839699868776 0.14153296474830945 0.286517001118348 
112 0.7582722095680872 0.18820174519401078 0.16014361832517388 0.2150062126876673 0.15642712904158707 0.58412984868942 0.13806659743066696 0.1911159195754255 0.6310276424040282 0.2464854669336738 0.1295012866127223 
113 0.9095872438433616 0.45580792626634015 0.1308868877207896 0.13089166669821495 0.13131605076570985 0.25493084037328373 0.10631674024836357 0.02813525469478151 0.29164012230076075 0.0933159554703451 0.11999057989294393 
114 0.4963448664106149 0.2105094268729193 0.23104157171053075 0.09928724527748045 0.09892180995690758 0.05138718990038882 0.05130104943346758 0.3819020595727167 0.27145913465848004 0.12222433344033234 0.3490580270587209 
115 0.05707233327445671 0.005903683441520258 0.004371578775662854 0.013916808338874986 0.13133428305475903 0.12017169896642699 0.0019817187445401174 0.14326789141625795 0.1611519968836479 0.00902357319163194 0.13919301526534333 
116 0.6337477041207329 0.4180232708033582 0.15826457085383794 0.003257083341585698 0.0031317274756546 0.15019837780620726 0.2196601903705222 0.710145181750125 0.015033961547942454 0.4169302648653659 0.5409503477968673 
117 0.4269708803595247 0.48206298513766654 0.2872065987597132 0.6609252414244864 0.6602290764805172 0.5213280789739567 0.25551549469971313 0.1991580130013091 0.2820798397798505 0.052953392676856836 0.052964504239920274 
118 0.7345119057059488 0.13150467744653582 0.4099915677376966 0.25110519260179665 0.12200435194969295 0.20493503022032122 0.2790525786534168 0.2830279290389992 0.39026811228534974 0.327110580621941 0.05099315145464445 
119 0.405931351380616 0.38018293667871106 0.3832172874080726 0.21536287202201798 0.21505571450646066 0.07104033453462044 0.13650349390543148 0.1842595043527382 0.13100831699771298 0.11108553716678671 0.8239765897515312 
120 0.8479155151552167 0.8469472775288001 0.2541294461880561 0.28588739557108767 0.29624320582855646 0.3029000552229508 0.30314024183298827 0.30332463809359744 0.21736340822613265 0.24504829233874226 0.4264478429974812 
121 0.8740327717669505 0.8677236269864572 0.07005960077360207 0.7079525350979203 0.060022952778444605 0.12028921039663487 0.1549666054520742 0.15443518869739137 0.14233935273717968 0.12195298610532035 2.0555876915034066 
122 0.8204428373973371 0.7185103988087942 0.10217496921413627 0.19396879073003426 0.15450690762936503 0.14401877071886027 0.14165019719026084 0.16406341975362615 0.05097945383696789 0.009360952255448751 0.1549362937729537 
123 0.2941628416584674 0.13953548370165691 0.05292148432721788 0.1608816854729671 0.1569269001074396 0.15617506372374912 0.15530115365542763 0.3181990580680747 0.13124676333815444 0.17904062961223488 0.3420696620862529 
124 0.20444969611871144 0.1522718307482105 0.1450370091610793 0.14996847984608763 0.38899159942115347 0.23203412939284362 0.15444197226167233 0.05089174146642428 0.2739537283418567 0.35001064082522326 0.3715642800264547 
125 0.7842979408155539 0.8819009109742524 0.16989576912930104 0.520952540079664 0.1032970979060206 0.21939959246795837 0.2620276046423413 0.15093398248390244 0.10516189399144871 0.08070794141234394 0.3063223385726719 
126 0.39137417841807753 0.13988218282542242 0.6332721631619922 0.6121505774553313 0.6119913487184707 0.15539531093652492 0.483912130661615 0.10626771305500604 0.15345105527196168 0.10506495310538888 0.13893986193849095 
127 0.4575562723824209 0.46199803438253895 0.5822344448936008 0.18977723358012533 0.43392774928444133 0.009938561550587366 0.29130376349332465 0.00928577939680686 0.41534341907321704 0.716993550872882 0.014196543851266341 
128 0.37996390471294106 0.31156485336311235 0.02291674716404124 0.2710669770597445 0.27005171437377484 0.07239442778471705 0.05909573916083666 0.027119084695808482 0.15506958164738371 0.4549783520008699 0.3764508119668726 
129 0.4082003832522041 0.2624152916572591 0.37496897093519266 0.2360009899711457 0.11294985244339095 0.3423267921699118 0.13021915252496008 0.13024837020177493 0.23334985990988066 0.2914787750339425 0.05305175749364821 
130 0.4254300359393799 0.31157410725427326 0.32288496041175385 0.36414074794971896 0.6641774607533435 0.2733633495494967 0.2411747103671651 0.0569829324687241 0.3008915983067304 0.24222052438902786 0.24310311145952745 
131 0.3404657058692475 0.3150041058298392 0.2990420887626186 0.555982334344236 0.6061861976849752 0.1430523188088415 0.1069998444589686 0.11820047882956075 0.14237266859325715 0.154526493014302 0.42399730475487374 
132 0.5481552515437187 0.23027412319726004 0.05400871962529763 0.05506504618401031 0.0513951396611656 0.009275456207491928 0.09123674261296166 0.1303965103896143 0.3790346807499656 0.15494596661569204 0.24337146011655442 
133 0.43823325340332175 0.22549972706862143 0.14716272621868853 0.3021258561925375 0.2824709658557296 0.16626730475475426 0.14031871851295108 0.43326023275797176 0.15398438432522177 0.2264802169972988 0.050998872127133055 
134 0.5034314488117229 0.19764789925508097 0.23199259470956513 0.1331768177074526 0.1570076441229311 0.1196788581822048 0.12826332396669393 0.02907094735484783 0.11711700319940554 0.05103808123477016 0.026760353069535725 
135 0.2566728103144733 0.13293131337191078 0.0069711831164589455 0.003977470375339465 0.06326953480065889 0.5851950732947504 0.10420780035000377 0.04590378314838972 0.10565056900744452 0.1291122078848197 0.10620194413730388 
136 0.5812110458836823 0.15224823202760085 0.005054224200600643 0.06596545516098118 0.0020855304361813154 0.009962486569868645 0.042163046915085545 0.13026802459597242 0.2592788444960501 0.04324099833759654 0.14812909894079596 
137 0.35455709991580164 0.16885314421087294 0.1299209614661212 0.13389523499094125 0.1310726898273309 0.2790317350075284 0.6811368605382757 0.15409153643172147 0.23702734372905176 0.2588883400183253 0.23752874461187368 
138 0.3814239368796368 0.24425123948441296 0.149107139773907 0.1429376262494788 0.05622625501855261 0.45699632881609986 0.010402335364512183 0.053951937205225065 0.010194963769297516 0.15120646465369703 0.2334078037609011 
139 0.6513468111725746 0.430312270652383 0.2891309291630293 0.25916320803932713 0.4274151921686542 0.13940572172489496 0.09024277433679728 0.4259424521818218 0.0919810793656719 0.012966708840894015 0.21099943198918147 
140 0.8319834902811465 0.375815631691232 0.6350910081685956 0.5551499847470431 0.7121124883898542 0.7115783044650108 0.14789355703105045 0.27816701532683474 0.17529248315495494 0.14327820802034985 0.12958881592176752 
141 0.504128950958588 0.17786784277811485 0.1439065150832768 0.16292639966166966 0.14116817688215733 0.1639773078081408 0.13848310841589928 0.2604541460562615 0.364927861966887 0.10281731368008984 0.09012010836850415 
142 0.302346971668495 0.1879733745949821 0.054350403500283306 0.5220617160471974 0.5211471509800312 0.5193541900342229 0.6785464138427812 0.18608578921870134 0.14939144177737163 0.15389043727051543 0.23006256451254004 
143 0.9098610894754895 0.43794995641359513 0.27812151608801194 0.28789298211945713 0.15734303149122297 0.06120823024540911 0.12812825508326497 0.11931352037546716 0.051309365131343654 0.46639318662779417 0.4416269119893741 
144 0.4684285840924982 0.18808409849942187 0.7240136215426762 0.025912538758941395 0.00023747646938687694 3.209029114437101e-05 8.958376004919444e-05 0.000197178786157437 0.10700591649160351 0.05208075849035865 0.34225687950016237 
145 0.46102372719026086 0.4369372894658845 0.1433635606192798 0.25826107507653084 0.1113058041662569 0.13200724618581638 0.18418849138013194 0.23588976071923007 0.1063759126044257 0.14215747146499957 0.5884542894018594 
146 0.15725949061334177 0.1480089096181203 0.052373228503542535 0.0522157855433214 0.31104717740605814 0.13315211756882306 0.18133472380751847 0.46497829154082027 0.15611921149926467 0.10905830430899499 0.009975575988603325 
147 0.3147850293923451 0.2970576876665678 0.1361334254206632 0.008462328352631943 0.13108746443733565 0.1551718227455421 0.28474253923261905 0.13102810093139716 0.1490898032359418 0.15535841272807538 0.3713226674098813 
148 0.28197658220799404 0.2891099143318723 0.16626772403225587 0.1660821821595153 0.22895649229982062 0.25809411458021536 0.10514822763080822 0.1512922746664902 0.002031755954579495 0.12294902055295509 0.050594577776303495 
149 0.4699601209570705 0.34514691070248027 0.3249195722531244 0.28324238823457293 0.282914246212119 0.33041514203207 0.11024060794119528 0.2679999240270359 0.39590540638790905 0.14513296990648783 0.15455774610906303 
150 0.3187619000664128 0.15338727291502607 0.10388884742870985 0.21715556842042893 0.17816280517732253 0.18813356978790274 0.1169881745023531 0.11616066994852758 0.45424117869380076 0.0030117454706584113 0.03850855630535399 
151 0.46603078663744313 0.4640992068178029 0.4599801529796501 0.45905876795086265 0.28553025309623514 0.28537189028742205 0.621127597246085 0.23294819532578437 0.6278095700614621 0.1416486637350829 0.8100874127418418 
152 0.46497246490598343 0.46127577020537913 0.14514878086240657 0.14119448766100895 0.1394176362496431 0.1383077003681752 0.13852974243109273 0.34395483528357573 0.14811773853129395 0.15333978891733224 0.43124550315117816 
153 0.47603310479263783 0.46119788050804367 0.45905034520266597 0.14497329903739775 0.30110152464951767 0.2851277606391207 0.459177701996472 0.43331887921522494 0.2714990982701462 0.12374555568212209 0.08963293895719282 
154 0.47309263312856054 0.4029659073796079 0.283989889177505 0.12455720755043842 0.12424506563183435 0.14322477443353243 0.23708249363302691 0.11124281724389995 0.11807387932002911 0.10451845487872902 0.11596773796144078 
155 0.5949785454053682 0.15275087742513094 0.04869615770886071 0.10100665049039215 0.0989046133995437 0.1690959060528474 0.17186570106637689 0.057104561148191735 0.05244164820566155 0.009172888668061319 1.1319145240210862 
156 0.42391069456414954 0.3481228516285704 0.19411782271232703 0.18959618364608133 0.15697963479311383 0.1709284350113407 0.09808918536714195 0.15906144384318033 0.11289134819396374 0.23814116029127064 0.2850786730982815 
157 0.46960858423264185 0.056807691185682074 0.3078868519080302 0.2922096822760256 0.22613320511343993 0.1693845123383788 0.01194439072565956 0.26831949202254 0.3646218887746393 0.14793906265571088 0.348642111216952 
158 0.9174821500304624 0.2129214502693646 0.05291790556763054 0.142129352604913 0.14528381865719453 0.17616468575830524 0.1540050184965729 0.14240429846388736 0.05209094934139813 0.23319499325773485 0.24146076104264935 
159 0.18156066256885772 0.13392106135510673 0.3190961328075055 0.1690274391391675 0.11893188277126043 0.2901231323386497 0.2759121271520115 0.4314249808855166 0.21293388137367764 0.09491241493632785 0.21695977703782354 
160 0.4117947549620986 0.3365192726326729 0.005029775991788554 0.003285100848655631 0.6831340489642201 0.13903749290816414 0.10622038467954376 0.045013205723456906 0.013256339851729138 0.2330399005776922 0.12090496279288487 
161 0.40395191391480445 0.39391325236449326 0.16999516984829022 0.20292790100526048 0.13305939861030858 0.003983724946964529 0.043179162624333856 0.13863080645334414 0.2782956625046342 0.1861196098926996 0.10394749279402049 
162 0.46607609531685945 0.2966411282970398 0.23492065024645292 0.18813380922212097 0.3941395255538822 0.27121106112169713 0.06633200400933426 0.006967593209701306 0.009152857010802151 0.278478982606325 0.1749799983496274 
163 0.40077664564228677 0.2963583132415124 0.5209362955889709 0.10527226216517427 0.5200653437469658 0.13295173702613816 0.25644785549679305 0.25601010179076056 0.3118008489115578 0.27390279179785715 8.020344435192392 
164 0.08678083484678645 0.054318040442515425 0.5242146153330687 0.2612961260821134 0.26007420057787733 0.2623313580380451 0.7462706049546721 0.1301448979039037 0.23450940455086489 0.04597750734503947 0.05056897669415683 
165 0.4652810154625904 0.46612074484727906 0.3890954122429502 0.3880272622688672 0.3892197776398678 0.38752110859957156 0.4152459448091683 0.4059189640951466 0.12538079587247708 0.10450995251250639 0.1394864708652932 
166 0.7267266947322089 0.20898180746585204 0.40659529129345273 0.13688934098098038 0.05107180003405887 0.11905875552973733 0.0640080429770098 0.029012388761673336 0.3442327304359569 0.2942692991647071 0.2690209817730391 
167 0.3098353637208682 0.13502433262059022 0.4619560171459849 0.46104153220091604 0.3020773273149455 0.301264113683688 0.3014340475451771 0.39351541564296255 0.28763830818898484 0.38944844238744203 0.39011896171740545 
168 1.0040956247142976 0.44995194970938 0.23329292348957686 0.19124118303240323 0.19488766164896631 0.23836865231405113 0.15781171350868206 0.11899417259389722 0.009938993914042626 0.13399897451079212 0.15351706786700525 
169 0.3119907591602722 0.10798226509246867 0.21711056305303167 0.14788912382904762 0.16288272364453427 0.126943300948545 0.10595913174549842 0.261160951353812 0.20024392339993646 0.287968912271225 0.12593872098242187 
170 0.581938591631344 0.3963562259180726 0.31395329833655516 0.12628508726424847 0.05208965785578279 0.304093164789748 0.30097694142372333 0.10659042770487304 0.14791145482724488 0.23726446744181295 0.296532860243202 
171 0.679998877181637 0.21230180458117331 0.29002435884219224 0.3534824857615799 0.3521122375319141 0.27753715545321533 0.2561064137932636 0.36245815540728366 0.4301530837155525 0.12044894696772701 0.3421680863616974 
172 0.5385097309196993 0.40015246644587954 0.3260740462215779 0.3239041384604864 0.008982212321990701 0.09008051363855074 0.20904975903243006 0.13843757295383163 0.1063809573820631 0.4167054584666747 0.5972025975143822 
173 0.15278315395479147 0.0070070775594022194 0.12223333471968267 0.12210787448934113 0.07894145202563152 0.14202923975505932 0.11618991273993018 0.2850837581580077 0.3116489749866673 0.15009075645924952 0.7652793304421319 
174 0.483547404786945 0.27277529119787225 0.10495347404635602 0.158087377694752 0.12522148952322354 0.1581705048742279 0.1453872692289213 0.105438420815128 0.10630611960017333 0.09016074258994244 0.10346045285937855 
175 0.4528872066684162 0.15288846525041677 0.5531042881478836 0.0921710907456017 0.09201559461779141 0.13994233746755214 0.2709301286149852 0.2731990427721094 0.1851473297050088 0.1315934258905127 0.09634508206442582 
176 0.4640964457239658 0.46005011431564036 0.4581632289124524 0.42740359584558085 0.28473769162296314 0.28472801636910283 0.5019711992207476 2.479987810059173 0.2926969430355939 0.23712637456827323 0.12067534517458256 
177 0.46694091390629744 0.4611265417162951 0.28890873223603464 0.2781007616628415 0.4989796859213147 0.4970522705115066 0.535993167230087 0.09414309516794539 0.1316127440423127 0.44156232135913775 0.2822016178261002 
178 0.5351313761133696 0.17096485118609017 0.16307248894027104 0.27718756665980315 0.16200814112321993 0.10189101225275365 0.3901945217352498 0.2124623152874534 0.23164132452681585 0.1100217600112341 0.12551983204076755 
179 0.39514009785099447 0.2982926332651523 0.45934702895403134 0.35343695817786625 0.153477178973338 0.13290514351099247 0.15593395596700432 0.16314099759974532 0.15490985120469247 0.46224819106461545 0.009018985616766173 
180 0.7332326630830508 0.64296857097764 0.3431449448690458 0.1311468823166244 0.5531954859050181 0.0019638360412894684 0.7142153179058468 0.15229672652819737 0.10594280437245374 0.10730895239318095 0.18619939119589723 
181 0.7846318259768967 0.2193673617826999 0.1270097080241097 0.1262083914572898 0.2880791448854705 0.1563014361841759 0.30696361850626985 0.17991703583507146 0.25218539485978475 0.1394271246195089 0.130067425609786 
182 0.9408295009053038 0.27299193192471627 0.05625886585360362 0.058090850600976296 0.05491990560882343 0.624158416367468 0.10891090265994308 0.010961275410608096 0.08995930716522693 0.013177774084208949 0.14732606558423456 
183 0.4722518721603155 0.19531656958191768 0.26493140388477165 0.15791951838727059 0.15407874337867966 0.14297470939825274 0.3754243230371337 0.04193449897291224 0.04522119187202733 0.14197622614919325 0.2602337422711791 
184 0.3896088454794473 0.4669803405496502 0.14791616757515946 0.14992428863540397 0.1562716642472104 0.15705977436387997 0.17424648591374314 0.2549776026105075 0.14827652144105485 0.14416480587751757 0.050987708636666795 
185 0.4722880331542392 0.12818040075367598 0.15800068593872574 0.5381572608160514 0.13091272180570002 0.13035862942022547 0.04616678835783894 0.0012631791793165092 0.3292682072939943 0.07034063913662791 0.43270549117541535 
186 0.3558260526813317 0.24927179280000544 0.05393300633002873 0.1825876898573302 0.13013281140523958 0.09023706137542398 0.07310323210198888 0.3271187925856225 0.3254305633993759 0.2588810767973033 0.5256378910890707 
187 0.3031813275393578 0.30328303417841695 0.05524541682228978 0.10492882835346329 0.08889838951556861 0.1649447218502651 0.15518873863236848 0.3059610179972392 0.7139735116031787 0.27551050830856205 0.27302865221811423 
188 0.46520186595660995 0.3825336060822462 0.2370146478292927 0.2359045040702803 0.05909305373022988 0.2363232003473854 0.13016004008902726 0.26557128284324705 0.28435632535626887 0.4300082009194597 0.050493736703890235 
189 0.5804402095505985 0.17612593515115016 0.1907248069316534 0.09272046485133068 0.3010360906003662 0.15526129855485848 0.2213252440360538 0.23922069698993909 0.06012704749817388 0.3032559064499445 0.21702777879983515 
190 0.3701636311580909 0.33304831466208284 0.15825812924081717 0.23306702956008962 0.12211561569379548 0.42134221810903405 0.42126493462829373 4.753590301431776 0.14240131654820942 2.411571940896806e-05 0.32244026287154703 
191 0.4389930384619838 0.3923636541613842 0.1370298642066814 0.1399540847992462 0.12103048174131814 0.22793467335910655 0.16894583954904085 0.11192517859604223 0.33574495605836496 0.27733610551698007 0.37558775868137495 
192 0.8460530716960051 0.4899172417931741 0.2988869071335394 0.05412071306852084 0.05399579691626499 0.054017248080880265 0.02207634392776292 0.12488279015071946 0.0909449403035314 0.6332029499080924 0.15454422695192882 
193 0.4420041458934403 0.18919212194478519 0.22990422559181134 0.8492561893154296 0.20889055736831175 0.7579925938251986 0.12512726934359186 0.16095350664351926 0.11824791256143818 0.1428864648690773 0.0911172153092803 
194 0.5778600504271534 0.3074408092479821 0.8578451643795653 0.2899607356808449 0.3144518256170983 0.18322176124834755 0.13288873422675707 0.050925022149650445 0.4314302444369851 0.22312478084174714 0.10902712968132988 
195 0.31719594853830024 0.1520228366560321 0.11206410717417548 0.10012313273464102 0.12295600507652082 0.1468848373429843 0.11615711592513378 0.1863576879732438 0.2900422357595325 0.7253747914421318 0.43244578869199657 
196 0.46913702791520073 0.37720023129528535 0.4639505291995949 0.1780931057101398 0.188920785954787 0.14816203069443112 0.009263490199497681 0.008543192827593415 0.1549335305457511 0.2401907555219207 0.14505797131885068 
197 0.6462702720674312 0.7475017948276079 1.0308940308998942 0.34291068650566814 0.13121445959453304 0.10893274022275179 0.631104604483891 0.6433688986007642 0.13035188791758223 0.2717852463469548 0.0010046140506272394 
198 0.4699061765473669 0.46092920376048774 0.45936330234115097 0.4601546659436888 0.45698175928218276 0.40798903322093594 0.6973138121754605 0.2702527060639177 0.11058273375877192 0.2501852866552632 0.5414380425329455 
199 0.4730961921699528 0.3897121240672998 0.413941432086391 0.22094309006290835 0.18714259044402226 0.18433019582569976 0.23354591305617767 0.6308965344826589 0.14824980841965996 0.31185118472266815 0.5195654090026629 
200 0.3889371542042248 0.29555815479819714 0.2039324676915104 0.23328177648708603 0.2299106941058664 0.21299974437487101 0.15537371401754996 0.37596119491440305 0.2692104182347652 0.05064226963470375 0.11670651889787109 
