initNo 0.15 0.175 0.2 0.225 0.25 
0 0.003058712941678904 -0.011354217193026522 0.28913581106711816 -1.242565810590316 -0.1318362129202762 -1.7183875824038668 0.6313581392160186 -6.326554729094918 -8.468694241256726 1.259135501333133 
1 -1.3437095776258188 -1.3023343605453543 -1.6217892144191486 -0.1635482623739013 -2.8135293103498857 -4.961727928984733 4.084368382554321 -6.021471793237883 -18.892417433079917 -2.803831406469915 
2 -5.031370797506468 1.4562350256940837 -3.1415914633691906 -0.7951561977655431 -1.1092804567484476 -4.7275415047276494 -7.039153276684745 5.2910707161353425 -9.424934828648725 -3.251481398353561 
3 -0.8668750794204311 -3.7945403287406103 -1.922373818703259 -3.6265450818528167 -2.0308185776298755 -1.053748153302345 -4.516540395371213 -5.783623514209201 3.5913370396428164 -7.852626117167971 
4 1.3432258927718383 -1.9962928406812228 1.570798854515194 -3.1416252020672544 0.8944481966648224 -3.876044811125919 0.3621062132020626 -4.849207057103306 3.2226156878175543 4.708176276457958 
5 -2.2912767781723815 -3.082247912758733 -2.1930742757744888 -0.86831882495036 -3.4161223858382987 -0.9849603434933831 3.141592653589797 -5.910934396736819 -2.3677156901300034 -1.3749655711380313 
6 -1.3449765092827963 -1.2165870614381267 -1.798229060720166 -1.4938302204266092 -3.115255753177128 -1.5186787058662252 -4.642220951381267 -4.699099342264636 0.21419494236241104 -1.9858746674567018 
7 -1.2340525502339783 -0.7037048011449915 -1.616578200481548 0.41059620005625797 -0.9077583739706316 1.6162643805031371 1.0866663231204359 1.5553111103864181 1.0515844502428868 1.8037255498519822 
8 -1.570796285253466 -3.296524058804184 -3.135441386552244 -2.5153292251057593 -3.1415949520411117 -3.0856711366766674 1.4547150290864712 0.20500352105731257 -0.670348308532851 -15.678301837481543 
9 2.5199984323997837 1.5922042022224387 3.221055962688987 0.9598864275610985 2.2420164933981233 3.1192127471058013 0.005646234572172618 -0.9066499067968492 1.5325176584493654 -1.2548985107041415 
10 2.895717794239934 0.45912114001851057 0.914711619618122 2.0054296468645054 -0.04235595540402775 1.7776920669695744 0.6808787142158048 6.715564177072287 -8.139922527590741 0.24189652088054278 
11 0.31261735267568314 -1.5091588620772023 0.04024022719676508 -3.3480241381514886 -1.5412177765473782 -3.8364780630838746 -1.5709186548184806 -6.299727883681231 5.447581621632087 -8.481286033627619 
12 0.484588281166918 -1.4383078631651465 -1.0684529393362032 -7.063452041840615 -3.243705929406015 -4.47311284506394 2.94305618497578 -1.6272942579797842 -4.647342943273014 -4.091376706525604 
13 0.0773884031894025 -1.5825377015126325 -1.8651579101578268 -2.4224536104392893 -2.9923685176903976 -1.8870230701639839 -5.464433009910534 -9.64467068872078 -11.584278396110092 -1.6510213930278308 
14 2.8387118002708607 -0.9294592511115982 0.6160710921555708 -1.2818779909919127 -3.048307515245153 1.5693395593929966 -0.8471082940049814 1.5866618110710724 -2.740627515552252 -4.61314666223007 
15 1.141435949693677 -3.157174213085625 1.1246208904768817 -4.70813931766139 3.22865516767609 -3.1407104803730928 -1.5708190473538732 3.464841358516115 -0.20478675997042753 -4.712852364513675 
16 -2.7160340796473625 0.7714387704910276 -1.5863178333557695 0.006299473795234073 -2.2198240564785685 1.1077672988638791 -7.136031965463119 2.0178352384406835 -2.4818060742758288 2.174992893970064 
17 -1.333574434968276 -2.004456255003714 -0.7360103661409257 -1.5351746797141206 6.456764487599171e-14 -3.141592653596606 10.997147299308924 -3.1279632702437534 -1.974784023734267 -4.0654658415206395 
18 -0.6254893292123196 -0.4153084437446011 -3.085266337642357 -1.516000515138196 -4.155969382869144 0.11004223559594221 -9.126972121888954 -4.066856283517082 -1.152989529105468 1.4932782312722734 
19 1.5280600814185954 -5.487575931160086 -0.788050589236301 -1.4885126898005343 0.33317141135108574 1.0825674974305584 -3.143864751544719 -2.974467831772513 -3.14142358776181 -3.049585526563006 
20 0.5199745807579904 -1.8200898530495488 -0.6069295405452946 -1.5707945669319543 1.3448784291171922 1.5641787171630614 -1.8604660393782813 -3.0356906926797094 -3.16406928499972 4.714337847223457 
21 -0.007047428383558107 -0.5339386767165661 -4.586282753021233 -2.3786910995037456 -2.6015060939330614 -2.559699328064653 -10.56705551321609 -4.026291008339744 3.208789041417549 -7.747379742124489 
22 0.6672086782337807 -1.5685657822238688 1.5687068443668017 -3.07558797701921 -4.098557536165539 -2.596256481362378 9.191986359742671e-05 -6.257353737396897 -2.8776019357002847 -2.255028992391227 
23 0.3328349320511777 -0.8160333128949206 -1.5756128499985798 -2.029579336214252 -0.4118198034594131 -2.9168318291980486 5.765517544232937 -1.4278269022199066 -8.242790545322093 -7.435309415388628 
24 -1.9189006760361798 -1.052464180841881 -5.078056557146667 -0.007591272960015729 0.08677924021673113 -5.158250193739662 -3.1334476728000134 -2.7556797104237725 -4.101021514048634 -3.730438188209367 
25 -0.054222459600133964 -3.2081947915846305 -0.06971013601977959 -2.261123170964246 -9.782608755647932 -4.702922046040465 -1.5669921584801556 -12.212232238511096 7.869212528138362 -1.4031476599857426 
26 -1.571861596904604 -2.701527418446068 -1.577143624788627 -2.743965710275953 -2.844341558077535 -1.7739048401343958 -6.339584567060245 -1.3365260233561418 -1.5719877203660984 0.5237918753784822 
27 1.4454372399215982 1.5322442773118088 2.6704968013663666 -1.716817453955568 -0.6781763607732862 -1.7747380096771512 -1.8208748488363558 -4.9953504290891875 2.3277887248602824 -1.6867515378783553 
28 0.16934967731597375 -1.5106555860102797 0.31921677233818824 -1.2798230249206797 0.25708711988367217 -1.5707131999985064 -4.98814387286448 2.8640619772768168 -10.213563833130245 -1.5878465676870208 
29 -1.6473696804385751 -2.722178160548057 -2.31906359681126 -2.143009544295341 -3.815771280067418 -3.9033871189363825 4.715374286962262 -12.566993136668849 -0.5495606855583245 -7.53148182017681 
30 0.6000673795877148 -6.242698480806792 -1.5703979355501905 -3.327086582276463 -1.027747441896769 -2.9927885162444228 2.3148374682966395 -1.5187402506097532 0.8994000503313309 -3.27327809793455 
31 2.0455324181134547 1.1744120253549155 3.068084283845145 -0.4735403070510565 0.25085784907261116 0.4878253759105766 -0.009282387999534028 0.5776247404127983 -0.7821952873710043 -5.876729762616792 
32 -1.8331864346011948 -0.5243412208137617 1.798856693291731 1.3181204239986368 -0.6683957981129875 2.8717809779292134 -3.8734165087505437 1.8517402497172541 -1.6033652349323382 -0.443376364262017 
33 -0.23481742373590994 -2.4354435358029165 -0.9232015253832138 -2.3013785340795168 -1.4284828728900003 -1.288754254622858 3.953522418130313 -4.711798412840681 0.13945466972754347 -1.5830299720000318 
34 -1.577664572927638 -4.61278928121536 -1.9360547954478646 -2.7244704291693047 4.713537814768128 -3.1418369958280565 7.561133579276739 -9.196241714961062 -1.550153545011985 -2.9557583096406796 
35 -3.4575994055406634 1.0723691230924546 -4.6742094876957685 -0.45262551001268797 -1.1600270464286404 -1.2915468329330133 -3.5920119428253816 -2.6918880785566293 -12.457347124432621 -0.2905021736483461 
36 0.724962664502974 1.5376067628961634 0.3886540168326079 0.8614016728947201 -1.0414301351715134 -1.5823610144306075 -1.569922784781821 -5.132984930103323 -4.088117013781016 -1.692273527117809 
37 0.42298704648102564 -2.8520820012425028 1.5245387638514638 -3.844376109390497 3.3266029047938583 -2.7466179535886908 -3.5597628300664073 -4.597705801217873 6.364032820526292 -1.4627850630883643 
38 -3.226833038617144 1.2327594802998016 -3.1463909141174895 -0.31560788477469437 -9.397821558975156 -7.939206997952256 -2.199794180106384 2.479905475063704 -15.95512341330998 8.695188814229644 
39 -1.5628266622262883 -0.10177972734874935 -0.635735188031745 0.009759724856517413 -1.5709689096859694 -0.5288282825886461 -3.1415926535897922 4.1270997009091013e-10 3.552285215850197 -3.158990324247716 
40 -0.014164882877187741 -1.6076608367392984 -1.8723915172235026 -1.8134575932952022 -1.6826514217668476 -0.2572373460143179 -2.9998644613493477 -2.630537500280036 -0.6823199118991795 1.2563774332472712 
41 -1.2932756299685046 -1.7260224509611992 -0.22608778642135868 0.021792164925291423 -0.39757518384645674 -1.6162293845648867 0.0017525644296896108 -3.2265798815995543 -1.9863199710106425 -3.283759190793982 
42 -1.4497217055906966 -9.091963895169607e-06 -1.572782674569128 0.25789753651145175 0.453103983903339 -0.673815998489473 -3.1643655997216604 -0.39357812590450064 -1.685412461765699 -2.132696819726217 
43 -0.0003839890643741002 -2.8831845575870285 -2.5514356350920746 -4.652997634084457 -0.7466323266882007 -5.958294872510644 1.9584500605658246e-08 -6.810688228717982 -4.463467592927637 -6.632925684880939 
44 0.34775876975179093 1.25568549387038 0.15421057881954492 1.336677008026641 1.852120522705168 3.093812805446798 0.2902926758850451 -3.08003599664777 -1.1411419393823439 -2.9399193954337286 
45 -4.09461621033586 2.087936771806285 -5.721000750335953 0.8126383969985075 -3.7971994204757156 -1.8547250979404595 -9.43083443764529 1.1019406334054067 -12.549693409874445 4.149642593924083 
46 -1.6911534134252597 -1.5946409554662098 -4.712388954381702 -6.2831852992569255 -3.6214827688566738 -4.602821006734809 -3.15530352573164 -6.963943933988261 -10.985884925085822 -10.397133990554211 
47 -0.6993868000865733 1.5776656074591773 -0.021557678503149366 -0.08115641863114727 -2.010972697933588 2.588647308469254e-08 -1.5185507635584683 -0.12109827420225304 1.123422209073382 1.192866077342489 
48 -1.3063446845947866 -1.557326795792738 -1.375865668544636 -1.998033535338834 -0.562814559250188 -2.292143036535723 -0.07425202408635928 -1.8923009295508129 -0.5587143902292383 7.808291781429252 
49 -1.945592732731505 0.453222062075659 -1.1212901818442405 -1.9751110804831638 -4.2903603267633095 -0.5152955991251864 -2.881161981153823 -0.897625883488748 4.604610690391364 -7.958573099164728 
50 -0.9248792761632577 -1.4817478332490548 -2.6740537123825976 -3.547306945222024 -3.9084270130064205 -2.3737931512258137 -3.6187182062704233 -4.602650809685862 3.2325647710071927 -10.944755001247145 
51 -0.4029501592878696 -2.674225456549605 0.0005111860769212924 -3.383109902120836 3.6127305899393076 -4.111362971756462 -1.5712742871935683 -3.369878362474032 -4.3194768304595845 -1.8642877221419614 
52 -1.9725775314475649 -0.21985257900984267 0.035788550147762034 0.7648896466721087 -1.4895434059290895 -0.82204377418063 -1.5779632161034503 -3.136096277063254 1.5829704296727676 0.35825253013153613 
53 -1.5338428601576648 -1.6509621406133743 -4.711960852950446 -0.03461344163608458 -0.0018053404334590574 -2.991031734469268 -1.501309685029277 0.6774225213474105 -3.1305366782814006 -0.06879641751120891 
54 0.0512532674391281 -4.608352528409914 0.3492495877286288 -4.671555124958651 -0.002716889700222925 -2.568021384563986 -1.1684006214650176 -2.843111096919257 -1.8175912898329636 -2.0170851606810634 
55 -1.498564358203399 -0.7758195208503229 -0.04805882509125189 -0.1370913373233669 1.3609916166073568 -2.323342606004829 0.45805605746128214 -1.1607934960003037 -3.172673610538749 -3.113905042457704 
56 -9.750910368270751e-06 -1.3775653152572112 -1.5707882524570311 -3.141584229540042 0.26558949517758995 -1.7695993951269067 1.5707621633178919 -6.259816992749516 -5.67908938044029 -7.447622057574462 
57 -3.0193300571514574 -5.079840294024719 -3.1594068350107536 0.14234571843218968 0.957015645334901 -1.75888948605618 0.36207465890251916 -1.5570640440873569 -6.01857989587854 -17.194796234950488 
58 -0.9506193271722296 -1.3328397938931278 -1.2494565977577614 -1.3095147142359163 -1.2715530733948248 -0.9403705223725389 -1.5221043843141406 -1.0166192582009153 -2.9860936525910757 -1.9286984672552863 
59 0.014727913967862306 -0.17946493888057197 -0.21928430430764373 -0.9883616188329869 -1.5906260018174965 -1.3948141419585267 -1.505210430095805 -1.514214081207669 -1.5159116582497698 -0.7607074526261683 
60 -1.787642387480074 -1.05418824770502 -3.1367091358196055 -0.02824017166926934 -2.658810800717604 0.011626502594861404 -2.106960563033622 -1.855381596459014 2.9141323429293786 6.770073934984227 
61 -0.0026885909582886392 -3.610825068952015 0.11709235684391554 -3.0531639111704525 -0.8937988518421875 -2.426429258661004 -1.3083185930577077 -1.1041636235282606 -4.231789458351693 -3.1475553129351557 
62 -1.570936439408645 -3.0825159739868955 -1.5884203482202497 -0.3049050858828387 -5.989020553478974 4.495091076662272 -4.249924062484056 3.249629990922457 2.0344029688386986 7.852773241081158 
63 9.52003972969295e-10 -3.59742894746235 -1.0429979791738482 -2.8006803800050184 -0.17088819604321398 -3.1924623454499246 -0.36385636551778117 -5.340006096668952 1.4066787745651046 -6.040981309676017 
64 -4.767626992476672 0.3377557453523838 -2.9157910495940333 -1.6016990654842311 -3.1480345568720622 -0.2486057450013376 -11.95693924841968 -2.1552263699060172 -1.6425939227227093 5.55933930532246 
65 1.2853961650503882 1.3034026027768741 1.573982058665804 -0.004508757375578628 0.5883559024096655 -1.6819012115592555 0.320295708783692 -2.9147692384117247 2.3740726612504766 -7.766123689580697 
66 -1.5242163939750155 -0.10118896784436644 -6.283185307131998 3.175271234016637 -0.14335537949063853 -3.3480601173738456 -3.1412850252050557 -3.691240786868145 -3.157053800922429 5.095848945514027 
67 1.8451976013745128 -1.5707963314257545 2.653660373913703 -1.6335948605791681 2.984203102010358 -0.7918364656192822 1.48066925578416 1.1608706047419222 -4.755305733962265 13.33698121586542 
68 -3.169995592367962 0.5987449578967238 -1.1520148236008043 -0.19578057142261587 -2.0573071219851515 -0.6935226507516962 3.1425959448661556 -3.1411436053875867 -7.587860396581009 2.358964969740658 
69 -3.737995225715211 0.10806837980511047 -4.274373678744621 0.7187705193447962 -3.1470828340668247 0.09262886782958962 -3.887547044433737 -4.558107989541283 5.319136629749684 -14.603125424820385 
70 -3.355478511448624 -1.5706472425822786 -4.179394381571929 0.4983421847903515 -6.270167774326794 -2.691427251917689 0.2436613433846878 0.8352409882223901 -6.640873536704706 7.545756609953549 
71 -1.1212092228226131 -2.32656020834852 -1.5733252392166872 -2.8055144020562897 -0.612461269209994 -0.2816304470541193 -1.5871172905685733 0.12001904632485504 1.087656008300233 -4.635420083772336 
72 -0.5799043849922524 -1.0769880681035313 -0.4275394263521145 -2.495411055796137 3.107841971792727 -3.4591940591280768 -0.22252428153843598 -3.528636255489883 12.310917831832363 -0.3307707122159223 
73 -0.00013492885300416929 6.271174314964202 -1.534802274938353 -1.8752881195761617 -1.8584669515471794 -1.8957924708965157 3.18288777787534 -9.352503994693311 -12.93998545811575 -10.811784356525449 
74 -2.6690723235891096 -1.8435265126862503 -3.311826599622929 -2.304769577849413 -4.793663296580373 -3.0393217733362063 -4.4932721075790525 -4.697733273057209 -1.717522174912553 -3.7930512462367023 
75 0.642403726792501 -3.7971034141946967 -1.4957807305985706 -2.8307621135060486 -5.168084535505516 -4.712359589700259 -10.407336828754929 1.3956115266612057 2.271471901090674 -3.162262905817115 
76 -1.4081176476049255 -1.8668649178336192 -1.0975847205316132 -3.4671130044790712 0.002571413487732613 -3.0356267734759523 -2.291110097128308 0.5103396137733484 -0.7554157615701714 -1.807708730518896 
77 0.13451587746423402 0.23439304373258724 -0.47234682624950647 1.6179408950725214 1.569020202519106 0.00029495004367577555 -3.150498602762717 -3.4484369495052065 1.8474631855910153 -0.0019249953884020671 
78 -5.158790731956371 -1.7524663585032696 -3.5208415053916196 -0.4591354395462949 -6.283181973284835 -3.1415933627559993 0.7211749940545205 -3.520180806323844 -9.497074402495516 -12.786191162631642 
79 -0.10478228228512573 -1.1768903690266808 -0.8681670120515222 0.43275082620252064 1.9492141553572053 -1.2591100504132702 3.096235473156896 -2.3422845677708355 -2.595041738023834 -1.8742820637453494 
80 -1.6446243586555873 -0.11495260448911893 -1.367240574551373 -0.30196961251712817 -3.1415920948259872 0.016331225188332327 -4.251227010540815 -1.5702089019617356 -3.4752705697514497 0.6575545888581362 
81 1.2317644062539481 -2.7529514989492627 -0.1648927962333734 -3.01492324942035 1.3609654360455579 -0.13156765496843303 -1.0561039441760345 -4.389583736666563 -12.265476317826135 -1.6847433188968057 
82 -2.248172692844795 1.267865449595505 -2.776319265201323 0.41683713568003783 -6.279269522245358 0.18545249395446603 -6.239394059909564 3.616147927325331 -1.5699187899056959 2.7929712563263793 
83 1.4383570583717844 -1.1648243012357091 0.20282966393342985 -1.5048743642965199 -2.3918207926028108e-09 0.014941399929910806 1.9122230824704973 1.5698848872906492 1.5713885926547566 -9.45485793774103 
84 0.024419794835993408 0.005721870142556645 2.233685091179816 -2.559360304938402 -0.05089357275871227 0.7851825053927424 3.482077899985762 -4.456748462682434 5.181633946603417 -12.571313308297869 
85 -2.0342185642863724 -0.19545955372666998 -0.005900104626812999 -0.3343479172217254 -3.252414593646009 -2.572168509922921 -4.063332798664009 -4.690096229017137 3.1415921905082294 -9.166519612066574 
86 -1.4106102965084375 -2.75126683120469 -0.8046929369883244 -1.4520843618932922 0.004787800220971357 0.007912761397038486 0.24975366560565207 -1.5708076324794908 -3.6306244197470243 -8.152520068947336 
87 -0.9909572361674777 -2.1367827115723648 -1.5708304222056257 -2.7441310731799886 -1.444739386744653 -3.0645421815845397 0.02632382476751043 -4.714867640289049 -1.2677889971805971 -3.829732987083999 
88 0.34118782713990436 -1.9380979614134708 0.5970729738682925 -4.650401208844486 1.206603434555461 -3.5007395982413096 1.337235014775006e-10 -3.1415926537285097 -1.3738925373457211 -3.9832977917315735 
89 -3.233187777389778 -1.9267953888091527 -2.4750439527973613 -1.5887365214067832 0.3271231084740879 0.04376956869937598 -1.9477733012644782 -0.4343957488699212 -5.3836925846392765 -1.5707811652205717 
90 0.744598792075876 -1.5100079853948005 0.0038780872476429362 -3.1087213602562356 -3.4004432756483176 -4.277107722250523 2.604951491288282 -4.752992701833633 9.687732512570852 -1.7524425064496505 
91 1.112925103862078 -0.7886972604364154 1.5669962651559197 0.02773325886729204 -0.23934824797929422 -1.5687748820360967 6.10829803430446 -1.1665886943570782 -2.363794474833956 -1.5707963269704057 
92 1.786206123768261 0.060776994954921774 1.8092118475627679 0.4134162673348248 -0.7108098787106573 -2.253981228040173 1.5735252265918616 -2.2214403200267068 3.1425386910589044 -10.270783716428996 
93 -2.223677100440978 1.9456543313369206 1.4080679230994042 0.23700239329640493 -1.812755777532676 -0.01744429427940139 -10.450160316631445 -4.766353440548041 -15.707962734474192 -0.0013569163756263695 
94 -1.5677869116416636 -0.0664744120635508 -2.804611583779578 0.4692463025936211 -3.7065407959013066 0.7607713385361807 -2.291701197523874 -4.711117604966887 -10.315090219834236 0.18123847290660017 
95 -2.3819257599390764 -1.5891441700920128 -3.3527474521680487 -4.954712848007652 -1.5697617996900712 -6.348770088547293 -4.706744354530886 -9.429124834782176 -10.995464137086842 -5.587458007343339 
96 0.09428207640195117 -2.1291774641403878 -2.555806369759658 -1.6682108515034646 -1.584327449605499 -5.036325559859609 -6.354764327582583 -4.004330268542969 -7.852083715510737 3.1507976905972463 
97 -0.005868576291957863 -1.269438917725501 -1.375541678441418 -2.0709808759503754 -1.688049032763179 -1.0723080663995705 -0.6714115399484833 -1.5703578019346747 -2.217970530664555 -1.7444518210001903 
98 -1.8096381052424908 -1.7723932154542674 -2.2193900685183823 -1.8918329995242575 -4.225564953175536 -0.4855379869884626 -3.926902293935364 1.446177701135198 -0.8034485266843692 7.7174948185323125 
99 -0.5989972851918475 -1.5920806409833197 -0.984323489764932 -1.5456180367492245 -1.5710423141410852 -0.5469043273265156 -3.6962371994840266 -1.2554367021125716 -2.678423471251766 -1.3505327463167778 
100 2.5428197039575684 0.1292728970589702 2.1003825411881385 1.4050884721025136 0.11276985273014214 2.013508414813715 0.7097282097450535 1.610963746452193 3.638537430207445 4.135392759331429 
101 -0.36166972069501535 -1.5245927448199934 -0.570618817348509 -1.7286589374175074 -3.060739507280464 -1.5707918865792334 3.0778947731539223 -2.90833850198712 2.280263135776552 -1.197039954107756 
102 -2.059703122527116 -1.8196219032335939 -4.409123852731458 -0.12355745928043065 -5.170973029130518 -0.4306928665983707 -5.333575057342243 -1.5707754989813199 -12.835346484657581 -1.882022696580782 
103 0.0004987472372309422 -0.01097000707798942 -2.0506181928818 -0.4602007421577565 0.9822129497547926 -2.3609032386107454 -3.1424988994516845 3.151847847641945 -6.2830388906502055 0.0006021208427533022 
104 -1.5800864238789825 -0.5385699743481761 -1.0954698484438563 0.28743463069690545 -2.9040890001144977 -0.04717403941572289 -2.617937957349381 -0.26455682142567344 0.01600306344919715 -1.5276801224329257 
105 -1.6587766007151135 0.33926002794245186 -1.5707615228881169 -2.6201315996512946 -0.6455470145181611 -1.7432001340045888 -2.5080040935697823 -1.8697665438922606 1.4598793121385252 -3.990582998408564 
106 -0.8310548883448782 2.7270054285292193 3.9444883617253876 4.725478945100232 4.759492905455558 -1.6285472421733989 -7.853098212337494 -0.23988485840063908 -4.180758258998605 -10.685577820730622 
107 -1.5706110395348487 -2.2328910249454696 -1.5707462909796488 -2.6285568412248894 1.5262420603199331 -5.8635909088421325 1.4171997496983662 -7.9954309021262455 -6.4169995966419355 -3.0456222769863155 
108 -3.1416108071917326 -0.00020375726342323285 -3.986959388775174 -1.588408473226609 3.8499162836443075 -1.4834123764379628 1.5683335400526026 -0.013005618820501655 0.9512705713800826 -4.71573280608784 
109 1.570790636478438 -2.67184683957407 -1.569830190830543 -7.313389836218376e-05 4.712315021749932 -3.2022877597895523 -4.177060794666066 -8.537827696947096 3.2632728453367337 -4.587923848567591 
110 0.017194427617866815 -2.1413524535606947 -0.953847310442036 -2.928723859284012 -4.7132934814249285 -9.331740583251701 -6.2857842988135095 -11.874733742710719 6.253182169633112 12.147250221210259 
111 -1.3235382086453382 -3.1585303652250882 -1.5057626798738681 -3.0507711285951506 -1.5708449463980578 -3.1410117985116432 -9.738101947520643e-07 -6.422438730289511 -0.9506052296624132 -4.702180215399086 
112 1.585059073043614 -2.4806397735228125 2.0056343628157314 -3.095282938871103 1.5324696843776318 -3.9442741021658163 5.128006456755236 -5.481357812285673 -3.1196798259104774 3.5579047689990957 
113 -3.9823871066537855 -2.6554738856990623 -4.11011128985968 -2.8917533913942073 -1.2996007666048028 -2.704123422954427 -1.1773890990645013 -3.8919884034904486 -10.901382050502535 16.129392193060802 
114 0.001273641724143986 -0.0017460723154476235 -0.16843017862710957 -1.8387893453054878 -1.6584460278446398 -0.8744529585560743 -5.1659666340212285 -2.450320475722815 -5.481436361298689 -4.163680948349876 
115 -0.7288051701399865 -1.1280085578474057 0.3452717440044296 -0.8436385864637633 -0.32558025764172066 -0.9218668915306273 -3.4428488694564425 -1.5285458494505708 1.5771451021803398 0.6935434549786442 
116 -1.6337999746597118 -1.0066104968349536 -1.4285922578494359 -0.14594334301024867 -4.695407486389305 -2.9460640552234536 -4.909166172154044 -4.750211372827344 -3.7434461931795258 -9.480592517045357 
117 2.7695983576516814 -3.7578247957643556 -0.07694711111880265 -1.2470387862313557 -3.206253088288953 0.0004427626355018246 -1.9128027821744407 4.705321543282339 -9.368876989691083 -12.420316753484332 
118 -1.7731513745941807 -1.8153852402715354 -1.7533330121973685 -2.713606072089895 0.8710928552829926 -3.486201752693308 -0.03497695502728428 -3.429662418874968 6.920039520152886 -6.238182494843797 
119 1.998396472021699 -0.9515128191279596 1.8650398175247596 -1.741331921668581 -1.4236870973293034 -3.070112061550132 0.11700805363330619 -1.4289126225666935 1.6941274373426811 -3.800829631439664 
120 -0.5053805470254024 -2.541079686785622 -0.8502178568861427 -2.2704340145013506 7.904861832504844e-05 -3.150816044338123 1.811358797819408 -7.541922216842124 -1.246991767093037 2.198039179256533 
121 1.8525261182050956 -4.173353896999603 1.5741362200204254 -2.8409868949266084 4.707847104744355 -2.0556319520844917 3.1415925695672056 -3.1364096966112567 1.5707963699957843 -6.2838782473976895 
122 -1.5707523891217685 0.22821195585244644 -1.7874151693468914 0.7091729915640717 -4.5911244532580096 -0.10434676576080558 -3.6508156679465946 1.6254321414307908 -4.264037128537392 1.7140231929314924 
123 -3.1874354557870026 -4.711761366536935 1.1121025204692303 -1.5764582423148499 -3.7075170474132624 -1.3947948109241568 -0.0031986205249429434 -0.7054901224181056 -1.4307423150817251 -3.811577120069 
124 -1.0528474377374906 -2.2883048554441126 0.0719450397844456 -2.7286133944586766 0.5175450384224471 -2.019216124070184 -2.4220586080199 -0.7204262746541034 -3.388416631036699 -1.563119763793451 
125 0.06113273496241716 -1.3243129560031484 -1.9344698389661903 -4.896124552638214 -3.9370477110622324 -2.705683045452529 -3.7426871036416176 -1.5708317260260178 -2.198298120386867 -7.9783887392046235 
126 1.570600919427947 -3.2406064012551337 -0.8518086557317197 -4.129065533042167 0.7538750180007905 -2.480438773781617 -4.788485637944196 -3.8246646255421854 6.462555449944332 0.4299948620156599 
127 -2.8695452581982925 1.4238264890351602 -1.9004023383375774 0.17858248746105568 -1.3999387630674964 1.5675139562407896 -1.5727269025032808 -0.052641599105933364 -12.86004952721258 4.555171319180174 
128 0.7060542634193063 -1.4975129137711969 0.45445345153164274 -1.4784243515954827 -0.032058621384157 -0.07424619401593661 -0.7106523206226694 -4.40217630131852 -1.8929100544452728 -24.881323475967825 
129 1.4939344756592987 0.46856337705070294 0.1815462846179412 -1.5708097061945319 -0.8576133286367026 -0.011412691003249582 1.3563846199740102 0.7433269535015532 1.4229300075286662 -0.18302361847295875 
130 -0.020654687286035214 -3.13381278134845 -3.01534456918833 -6.018486511306821 -2.761500292275059 -2.0184217020312842 3.1257621719162936 -2.1916570749931523 -0.14473232513272477 -4.711062013517654 
131 -1.3153330468756894 -1.5703876284173197 -1.5706766940355805 -2.897402972920276 -1.5724751506294499 -3.7999108477904238 -1.492001187719383 -4.611204031105212 -0.3246764093857508 -4.717980383129791 
132 -4.698375199518261 -2.838394573990756 -0.3454364484195079 -1.5712680790919162 -1.874902658303133 1.484758884796105 -1.6031355365254238 -0.8770665627842091 27.98229403853844 10.99467375361089 
133 -0.08640869070360228 -0.96962943127003 -0.20409585948843417 0.046237892020442976 -3.0990853676378047 -4.327747599978826e-10 -1.0511744662478164 -3.1207962186492897 6.319977338395901 -2.591475988616049 
134 1.8659520367238291 -0.37581988367552494 -2.6056684448499734 -1.7098761426395799 -3.1415410377912405 -4.4830344909127 -12.643724844459323 -3.402815892887775 -10.995456107089662 -9.407719809753093 
135 -1.8440635599349455 -1.557618151054356 -1.6505273336412725 -2.5600069291572476 -0.5620949837256084 -1.6429819988207464 -1.8198659488397704 -1.4667517390650167 -2.4978722830192543 -4.714398970390261 
136 0.10331433062555888 -1.4609251693354035 -0.6874902317317108 -1.6257428858655474 -1.301128754011438 -3.749309262205365 -3.24032447084213 -2.110558977181485 -6.396463395288019 -7.853982645546248 
137 -2.3021738340979896 -4.47955610418392 -1.4542851535564558 -1.7775045255276523 -1.6651492478955545 -6.116335769131307 -4.6972870627539045 -5.392718253478018 -5.6747421838868055 -1.2828011309999365 
138 -1.5825527211344506 -2.089190495661449 -5.550886706113844 -0.2929876254072464 -0.40750892588471965 -1.1551854462286282 3.1415943310243093 -3.1585922251420753 -3.1394730748840454 -9.344318966863717 
139 -0.014328099646511945 -0.8645187851598837 0.34444608628191203 -1.7556790115963652 -0.21813092799604714 -2.107810736208299 2.169103459300425 -6.3136903631238805 -1.5794399151359573 7.318952160195846 
140 0.2566854556873628 -1.570847674103957 -3.0072417212735827 -4.71504256225909 -3.1600083385658073 -6.5403889330005445 -5.173691448641759 -3.218804760404386 -0.18322212905973856 -13.213892191562415 
141 -1.762977872665426 -0.10929546668605143 -3.141781215692313 6.935644835660903e-05 -2.9191007355911682 0.35940313134688123 -2.0877170811478107 -0.5298443248865861 4.298605543157863 -2.573311560966985 
142 -1.5690337497317846 -0.6489105202806675 -2.1610624195110972 -0.6957777316600233 -0.7778746719420753 -1.2769259332976737 -4.928627817821266 8.91579451895163 1.5643128212966233 0.17022918514596977 
143 -1.441245099828204 -3.1875864475816877 0.13238045621074704 -1.5703941537930906 0.008800567255377985 -3.107794145270931 -1.1876379150508907 1.439698559583489 6.286677416341446 -6.283562403965074 
144 -1.58515093365997 -0.17237993934277168 -2.961644725385843 -3.0378323569582286 -1.2514780578084168 1.0576708559980208 -5.434113249224295 1.4562139534977934 -1.8662750329905955 3.435738618019831 
145 -1.4657224301514345e-07 3.0269928763226597 -1.6572396519924597 3.596078280975643 -3.1131032508467418 0.9354933570993004 -4.3291101539135175 -0.15410729932694736 1.5707484402817853 3.4100803040371894 
146 1.1272604775297934 -4.712761957324199 1.5744211388119556 -6.113833552197387 3.1439273958085274 -5.653874991975965 6.282880210198168 -13.715963976773274 1.269807735115793 -9.016201276392179 
147 -3.0973239434452107 1.1885359837687985 -2.380454600245204 -1.2312990824661192 -3.4214308048840967 0.17632894865582247 -2.020213920241532 -2.181448484181 -15.732326096525695 -20.793012429638697 
148 -3.0551444123657676 -2.221844913769419 -4.6962346037219564 -1.4233954555426693 -3.897634529300321 2.0805059784907947 -6.101067831570099 0.3729179580252396 -1.5693054733899983 -12.894193328036986 
149 -0.041667330139573924 0.3080412522529648 -0.4380740970243835 -1.267145778892825 -0.05024393990533142 -0.14656093350164845 -1.5708137476741801 -3.0878139096444603 -3.486840110111371 -2.5346381074273086 
150 0.014446701602076282 -3.102088826991112 -0.22483845502915153 -1.3832235973547704 -0.6506433990505883 -2.7894072564678227 0.2973138878481176 -4.655988107134779 0.7488866656499884 2.5568426558573347 
151 1.165189005549853 -1.2789846318828761 0.9192731484044199 -1.2754290683372533 0.0015328793407941833 -0.13427394670386736 2.942662238562545 -1.795617013153283 7.823798133680285 -3.5747302031116366 
152 -1.2757903609427395 1.2745429077284731 1.5110832296966077 0.7824790133760655 1.5701999757266842 -0.2549294109987826 -1.8641010754131298e-08 -3.1415941910641405 -3.7178027451347075 -10.995582490521114 
153 -1.7112580758643563 -2.996601161712259 2.5048909308726777 -1.0377873490815734 -3.699112044339384 -4.6544290553006915 -3.765940008446089 -6.494732997905204 -2.6077318758284163 -7.08274884062332 
154 -1.7006842145747134 3.0536250881330864 -2.151822184662299 -0.49147887670419965 -4.371158059854262 0.7335921119492104 -3.1607936925324074 1.4598706943712272 -2.3931160034792684 -7.412036042897849 
155 5.253346078574337e-10 0.051314215147539824 -1.5718276455969822 0.5976602606845822 -1.372166474298142 2.080936624098446 -0.541878268858782 -5.072273893727542 1.5802384898941941 -2.4774687657774175 
156 0.47689521369522364 -2.2664058612187503 -2.11567176728629 -5.416068821905654 -1.570788990772199 -3.7913492108764344 1.5706415347666534 -6.108737210625145 1.5708099649397689 -12.193653076118208 
157 -1.660010600481368 -1.24707423123033 -1.5691692703310778 0.3254416428311123 -2.1858149965397837 0.07019160021440542 -5.583526457696459 -5.526856367590686 -26.158326051011944 -17.53320940592837 
158 -0.5100744790050586 0.03605574982406388 0.0014176486489859627 0.40562318755426585 1.5707957793582583 -0.1088587674358105 -1.8976401151959441e-06 3.8247464062650804 -0.17160185610494927 0.9380213872727404 
159 -1.5575466332165206 -2.8388326918378475 -2.4078257266842895 -4.503524267503294 -1.2058279508614844 -1.4470497272168374 -1.565377002532939 -2.8092489092114192 -0.20331945800123305 -3.091763142373158 
160 -1.758171516466726e-08 -3.141592591010357 -1.351384510186978 -2.2974963920918534 -2.25785779319216 -1.5494311650179051 -2.14371040403876 -1.3959368554576503 -7.277978968221718 -10.580288469166089 
161 -6.364080933364884 -2.7395563996921948 -6.283171448954196 -6.2831678432665425 -4.774704335056003 -4.1162914783490825 -7.619348746230661 8.252622504016093 8.8230790469346 3.398141659076868 
162 1.1939845610590478e-15 0.2900723628516927 -3.4225639313053957 1.3320415475316263 -4.149140679026648 1.510920656989828 -13.904141052509706 -2.161399378434174 13.708917990509791 -13.33242066645227 
163 -0.44611378267296053 -1.4716730054639995 -3.7100229684218724 -1.5578403830914431 -0.6786931895164171 -6.44145053693528 1.7637865089740203e-11 -3.14159005769838 8.0554354972088 1.5422400496900428 
164 -4.141640950511291 0.7866262899163214 -4.0546773936975935 -2.2123175559464165 -3.9548451153748303 -1.571533188799675 -3.367386663872459 -1.4548991070012216 -0.0014992228784867082 2.218067651277942 
165 -3.1192846881148597 -3.082279863029992 -0.01172170857193315 -0.22977980882711138 0.5050096281562372 -2.6730992269268534 0.8828774288295202 -7.069816544951438 -11.305190817805448 -7.9094892505344845 
166 -1.2826413255778792 -1.3644731128156091 -2.0955862544522037 -1.3745190250540913 -3.07004975492866 1.4309764488699028 -4.713426940416265 -3.1275322418961617 -2.9703046360311682 -1.5437720575727314 
167 -1.5707963872726225 -3.157410836886868 -1.5707970668233697 -3.411182073383234 -2.5664278609575693 -1.9134226645990824 -7.840605135478769 -2.1458628124475756 1.0320036204743153 -3.3280908440167067 
168 -1.0663075125523673 -0.9589942003308596 -3.1415917327872283 -3.2003671558274984 -1.5974037499592466 0.4421453964435584 -0.9682363759125004 3.2314707452563605 3.1415931544769777 3.138370090090634 
169 -1.5717839846993225 -3.1115171291562143 -1.608491145484839 -2.744555612273808 -0.11781952247283946 -3.218163449277217 -0.8596560448567362 -3.712205568419825 -14.813021323362085 -0.2103886235804711 
170 0.46684995718290734 1.4474768972291978 -0.6252893558172019 -1.5035134475096201 -1.5704739463574906 -3.1046667540749238 -5.154850022972416 -1.4495823070510805 -4.566082816029449 3.4841313426198584 
171 1.458742501364092 -1.4184123833333533 1.78276666412307 -2.7354756623819196 3.8018565874364416 -4.609343516935958 0.8367633749386095 -3.220184684172688 13.622207988376932 -14.509706326174822 
172 0.5298831775829815 -2.231229016548395 0.05475130416554835 -3.2973691544793966 4.510098479697618 -1.5137519110045898 2.772671755063306 0.6606197587898843 -1.5984791107614027 -3.9798888396378276 
173 1.497749294605495 -3.133046727850846 0.20813123057601288 -1.0938802204602316 -0.40682378687575177 -3.1480799423197885 4.490007316439384 -0.5602882807794495 3.7818130610844363 -4.584018493248447 
174 -0.45486363168588967 -1.3334997870685583 -1.6831425751738929 -1.331500888310872 6.420019459072678 -0.8589805922478237 -1.840759090296815 2.275578081252238 -2.378305401321078 -1.5702263482954735 
175 -0.8867291916133971 -1.6030948369651383 -0.8696408111180861 -2.364675029578963 1.5658043888936184 -3.5698306968204303 -1.6050936945188927 1.9323207210371613 -4.447448461065802 -3.992138604787231 
176 -1.78375607225589 -1.1962304932401824 -3.30505228577512 -3.1149866090160545 -1.518199601942612 -1.5076821022162024 0.5216731117371032 -4.716606946676124 11.44370398215331 5.362690887290478 
177 -0.7123434804284168 -1.5678833037561573 0.3379711673379917 2.454705828626155 8.58811612477767e-09 -2.8889114651345516e-09 -1.1953673706111227 -1.5792781930966056 -0.0009910711414029263 -1.5996059273243053 
178 -1.5714700657024117 3.5002852990336266 -3.0207687941528043 -0.032598940471154345 -4.63198676465468 0.15565858526538565 -8.960254471544795 4.640527655269995 3.1346788747139063 -1.5819220552959683 
179 1.422112590967289 -3.2138683627393516 1.2798854015794396 -3.1317376304458495 2.791342562275667 -5.791465503316744 3.139858461915945 -3.1414342041683545 7.6540948927290255 -2.7704870217654487 
180 0.5988177538776723 -3.441641730561568 2.4877047804708203 -5.180280117490444 0.8922333406184517 -2.184181066520205 1.9759939007374332 -3.2930225383159915 -3.9403651843640413 0.16038891808472533 
181 -1.8944962784135138 -0.9298172162431688 -0.0973810715734976 -3.059663465352803 -1.1935841556037143 -1.257087477219153 -0.6228420684139794 -2.7895097332275256 -0.452124761537687 -0.5017277580755503 
182 -1.8477470573023411 -0.6653276607867764 -3.001640730722536 -1.0094765299747477 7.842861476870243 -5.214767288012728 -4.2006974633491625 -0.8560459050037676 -16.74771058691283 -4.552026773352597 
183 -1.607676429455277 -0.43368880949215105 -3.468002739974267 -0.27162757885534433 -4.712317198569196 -0.13908936309516048 -3.9262822121164724 -1.7351376847481628 1.5709502230096635 3.1257567459432725 
184 -1.5718948905448757 -0.011604935627541358 -3.1291547641963406 -0.015114187059292097 -4.8812005846970195 1.1798551446461936 -4.8163568741507845 1.6326797711118388 -14.149106903788283 2.5582475815210515 
185 -1.2503039754744283 -1.4980363229355609 -1.2921212399968045 -1.7760091712467163 -1.7719528241321678 -1.6567849078868164 -3.9899686599563124 -2.698592031274989 2.758425450172046 2.42346042729805 
186 -0.8467100338704537 -2.253744608863091 -1.3171220082807258 -2.8599148940639356 -3.0552598022571202 -1.6084907507618855 -7.924985765918014 -9.443962568841506 15.707654749141911 -6.109551202597365 
187 -3.814694341741324 -1.5360553469704659 -5.443492025733168 1.8563470140664964 -2.3227996933832538 -2.934250417971672 -5.14576435152291 -4.457699103739471 -6.249207801783661 1.563846090105176 
188 0.2848600510870288 -0.7425422978054811 2.0815884391104906 -0.056962113485875376 2.137360794147259 -1.583547160068547 1.3391845860664977 -3.218364433803252 -3.7086848781441115 -9.515095731818818 
189 0.08236485909998748 -1.7344752842456974 1.235597294436403 -1.6275683703345283 -1.5707954646297946 -2.568304137156176 0.1152347013362756 -1.5773469407117329 -7.855363418626298 15.492226730861274 
190 1.6855941010180002 -4.064099559032606 0.30092935738174154 -2.5367241065021724 -0.03226057565597848 -4.733674112684883 -0.1694201830022603 -5.155937933371495 0.015272399871297282 -6.571350271579421 
191 -2.1956230504387215 -2.0689932972989196 -3.1706064376942558 -5.078349953703002 -0.07821123927319416 -5.706932271967924 -3.2651154025578797 -5.215030195664603 -1.5709244234050983 -6.0087516638628005 
192 1.5019156264115412 -0.4195348023070456 -0.12074909236715745 -2.112236549993511 -2.412604037149821e-15 -6.283185307179583 0.5564275189710851 -4.199535557343561 4.52056522229467 -1.3934725566378674 
193 1.1365646798103748 -1.8716128100212452 0.8519543293988399 0.6225349859732818 -2.612993944887048 -2.1337432500390157 -8.526635476980791 1.5822257190096198 2.719821324028309 -7.809055812506784 
194 0.021813779798162198 -1.4414817056807698 1.6570838397382759 -1.6731813491947536 2.1298654669659287 -1.6183430378198846 -1.2213209140417098 0.2638592688421603 -11.650252924944557 1.5032587859231479 
195 -2.207409794626064 -0.7639241425274168 -3.099505963536418 -0.4381433935207436 -4.712448690813878 0.029118956671885805 -3.5298430979332105 1.467976235176833 -1.8268296665981174 -0.41504278574996634 
196 -3.0742809230550714 0.014293994838780282 -3.202742315633715 -0.370902704456164 -3.7796679333780796 0.4495246044495273 -5.163333117318467 0.4793670292641658 -3.2584947300204776 -0.6277976812958548 
197 -1.1745607708564572 -1.8377825577160012 -1.8478812428558808 -1.8532855929846093 -11.012064168725905 -6.656564737629988 3.178832442051405 -14.180277670061415 2.426094653633506 -5.844615529065979 
198 0.8856044352186907 -0.9597505209399882 1.6467014676808511 -2.6587883123092966 3.1415931545111264 -3.5405149113707304 0.4009807928650615 -1.0511882302658506 -4.962037516507754 -4.161824254260659 
199 0.2921069830414541 -1.7622970672234062 -0.41911910446428974 -2.059391449693138 -0.027119884908494516 -5.9907038816763665 4.528950163372216 -2.912523504355073 6.283328365761338 -10.33147371180703 
