0 [ 0.98039707  1.30620711 -0.00413985  0.03379384  0.45112318  0.29736373] [-1.5950746  -1.06385588 -0.45937468 -0.47723235 -0.95340715 -1.71718434] 
1 [ 0.34144442  0.14374562 -1.3487294  -0.9967271   0.97013472  0.79856861] [0.9456006  3.15573045 0.12635571 0.02367547 4.6432908  0.16364572] 
2 [0.97709329 0.4627624  0.59265712 0.06645153 0.68359005 0.25735388] [ 0.76219283  0.09209394  1.1233271  -0.27378006  0.80224684  0.19308168] 
3 [-0.29171048  0.21969497 -1.41407793  0.70780654  2.2142407   0.56487993] [-1.67459117  0.76036169  1.97568215  0.45804739  0.39940261  0.20916404] 
4 [-0.4210395  -0.56885678 -1.24760509 -0.60075498  1.32779343 -0.97200108] [-2.09863195  1.93469917 -1.29159103 -1.65808269  0.3014221   1.54704321] 
5 [ 0.8523448   1.06023341  0.28771706 -0.3698989   1.08816367  0.37501426] [-1.48519051 -0.06623082  1.00686675 -0.18888188 -1.14520284 -1.90613502] 
6 [0.83359639 0.53059658 0.85208696 0.94001252 2.71300839 1.18800925] [-1.68427303  1.4322244   2.67232114 -1.66749392 -1.35579851 -1.74404687] 
7 [ 0.38809116 -0.4893054   0.10460717  2.17082524  1.26943458  0.71731886] [-2.29155737 -4.74349033 -0.90234654  3.57606875  1.49476776 -0.30647462] 
8 [-0.28377985  1.14512282  0.31000153  0.34021621  0.91946503 -0.38804953] [-2.47399777  1.39810368  0.1766173  -0.21350619  1.45546642  3.05312664] 
9 [ 2.17868539  1.94057533  2.03265529 -0.72211128  3.31592048  1.48621219] [-1.29220687e-01  2.42742538e+00 -3.84951777e-04 -1.24215016e+00
  2.97491861e-01 -2.59698298e-01] 
10 [1.10250128 0.7661177  0.37498841 0.34228875 0.69125079 0.40675097] [0.65387158 0.62658605 0.74400744 0.23048015 0.45340901 0.67038724] 
11 [ 1.36433911 -0.0445405   0.18595334  0.54811386  0.18113623 -0.04829252] [2.54207335 0.13706191 0.01105429 1.66593592 2.96828606 0.33788684] 
12 [ 1.24069801  0.64280992 -0.45972027  0.58175982  0.4723298   0.45724109] [-1.04497415 -0.76287458 -0.68669446 -0.59437379  0.46789299  0.25339099] 
13 [0.41305894 1.02289686 1.804415   1.53473916 0.4927826  0.58411752] [-1.06429248 -0.09420947  0.3803988   0.20600274 -0.02949459  0.2247811 ] 
14 [ 1.00297325 -0.96523767  0.31006718  0.7107967   0.29392201  0.29143177] [-1.73218395 -0.68224259 -1.73089     0.15469004  2.7782674   2.00771563] 
15 [-2.26786841 -1.44256353  1.24836306  1.17333721 -0.54561433  1.5309385 ] [ 1.26981587e+00 -1.84472978e+00 -1.42452948e-03  2.44176598e-02
 -1.68440717e+00 -3.36616476e-02] 
16 [0.22707854 0.65887207 0.5860446  0.47047021 1.28507428 0.93045987] [ 1.0086281   1.6498413   0.09190656  0.24507254 -0.0547046   0.03124028] 
17 [ 0.18166082 -0.97302304 -0.58568129  1.42557481  1.14813613 -0.08169957] [ 1.11630994 -1.62974635 -3.09155603 -0.06314843 -0.67573599  1.31923978] 
18 [ 0.8141688   0.37835951  1.0733374   0.96377858  0.66609939 -0.55229788] [ 1.5721353  -0.04273447  0.69608458 -0.0656643   0.47957522  0.10626878] 
19 [ 0.82113364  2.21016563 -0.91756387 -0.1333549   0.66918235  0.54123913] [2.56163075 0.46978975 0.96139696 1.28030451 0.27007529 2.35681917] 
20 [-0.24676806  0.70611636 -0.24195016 -1.40692537  0.10467476  1.67372624] [ 0.55301721  0.79923692 -1.84619992  0.15485278  1.03011128  0.43493295] 
21 [-0.20830337  0.76953466  1.01135959  3.03592055  0.77892815 -0.51180074] [-2.53395538  1.44304253  4.57164589 -1.63225532  1.39369589 -0.00645899] 
22 [ 0.21694144  0.8888602   1.78588269  2.56363017  1.20438011 -0.67458447] [ 2.26519608  3.00682583  0.07939464 -1.27975995  1.64424685 -0.0345315 ] 
23 [-0.60904666 -0.41988064 -1.06864092  0.73932744 -1.80292634 -0.1680101 ] [ 1.66754492  0.18686169  0.9397514   3.54675452  1.77474697 -0.15384011] 
24 [ 0.86298645  0.11816549  0.45203738  0.91524305 -0.09274029  0.87403339] [-0.50621018 -0.51750374  0.58995929 -0.50085383 -0.51778421  2.121573  ] 
25 [-0.04245494 -0.90504452  0.95425241  1.10087308  0.37605965  0.43555357] [0.65715663 1.77910169 0.82088298 1.21714923 0.42482438 1.27826124] 
26 [ 0.62608091  0.44822743 -0.3252572   0.2149877   0.02690523 -0.23968317] [ 0.21859508 -0.22964207  1.8796722   1.08071812 -2.07798207  0.49604564] 
27 [ 0.35658704  0.43585609  0.70155776  0.60016267 -0.81621201 -0.59162257] [ 0.46852116  0.37351507  1.4073596   0.05452013  0.55804234 -0.06433667] 
28 [-0.11457079  1.05252387  1.89572857  2.19272085  0.89817796  0.39169091] [ 1.22043782 -0.21522135  0.76137397  0.84444032  1.19232309 -1.23145773] 
29 [1.40704757 0.65846697 1.38515487 1.78273605 1.96659517 1.53822509] [-0.00394042  0.62174239  0.17169363  0.34516937  1.86664345 -0.14934358] 
30 [-1.20092197  0.65430686  2.24961937 -1.1238776   1.16826642  1.12487041] [ 2.40525802 -0.08423766  0.52232533  0.90419845  0.46539732  0.75432926] 
31 [0.03961949 0.95419318 0.70436847 0.47113926 0.70125417 0.47598882] [ 1.0359521  -0.0999716   1.4755696   0.89223902  1.51753264 -0.2076706 ] 
32 [1.10702003 0.99595316 0.08669437 0.60609566 1.85550779 0.36531442] [-0.68915012 -0.84853049  0.0808222   2.59469372 -0.19910099  0.546257  ] 
33 [ 0.86513294  0.62018826  1.28027375 -0.22838602  0.20200531  0.6353732 ] [ 2.65003291 -0.24553256  1.06487062 -0.94344365 -1.19661108  0.14664619] 
34 [1.10372868 1.15543209 0.78784135 0.25937498 1.10229263 1.0787072 ] [0.80164148 0.78615021 0.73711149 0.06206184 0.25828142 0.34582077] 
35 [0.91823689 0.46634224 0.44366431 1.01505275 0.5215224  0.36309963] [ 0.61455348  0.52170995 -0.13264035  0.82298317 -0.04155099  0.73202904] 
36 [ 0.23659712  0.9627052   0.75439863 -0.8011967   1.00917747  1.15223397] [ 1.05426406e+00  4.39529799e+00 -2.27825556e-03  7.29202471e-01
  3.20854485e+00  2.66819463e-01] 
37 [-1.08521937  1.20889409  0.65153756  0.22126589  0.02695208  0.26239563] [ 1.53633628 -0.69852754  2.0281956   0.54535676 -0.74528192  0.37874205] 
38 [-0.47974014  0.7489965   0.72483808 -0.30437168  0.69081417  0.27510319] [-3.40639396 -1.11484397  3.518099    0.01152569 -1.4232919   1.31504644] 
39 [-0.45933513  1.14607822  1.49230433  0.98985451  1.24121429  0.6190877 ] [-3.86321021 -0.27506686  1.6560188   1.28709942 -1.40877039 -0.06319467] 
40 [0.34107369 0.41198239 0.64055492 2.66702534 1.00966632 0.02903623] [ 2.34140328  1.24564539  0.12961981 -1.54739895 -1.28382388  1.23981219] 
41 [ 1.36320337  0.7270122   0.73326218  0.19201991 -0.37079484 -0.5289376 ] [ 1.29714901 -0.69074354 -1.4001925  -0.48055473  0.37849348  1.32256585] 
42 [0.42071226 0.68611415 0.44952437 1.14367256 0.77496658 0.93409921] [ 0.71817726  0.27202554  1.4553044   0.10810439 -0.05619964  0.1896839 ] 
43 [0.53157941 0.75682683 0.63653592 0.45712095 0.50226003 1.16509308] [ 0.13215014  1.46232482 -0.69768034  0.45012517  0.07723852 -0.21112892] 
44 [-0.82175903  0.98695802 -0.36917296  2.05187903 -0.43940255  1.14829974] [-1.53452215  1.19508682 -1.21527769 -1.08792402  0.41651788  0.04865617] 
45 [0.21844898 0.46431024 0.67450564 0.00742899 0.51346466 0.65922771] [2.49633192 1.31566101 1.21515755 0.26873549 0.18920504 0.23763662] 
46 [ 0.60736387  0.27369438  0.17870858 -1.17170967  1.06987664  0.46735112] [ 0.20143877 -1.08324288 -1.4799349   0.88678346  0.96194655 -1.50088067] 
47 [0.91380199 0.99736766 2.61924578 3.72140668 1.81691294 0.81338791] [-4.7266487   1.98274837  0.0138535   0.64170005 -0.32678232  1.38479597] 
48 [ 1.5982026   0.59405809 -0.23670091 -0.14400219  0.69112018  0.07123043] [ 1.6904233   0.6488528   1.90912351  2.0706104   0.16443511 -1.19767664] 
49 [0.75153634 0.36160278 0.73303319 0.26030132 0.65878866 0.3795739 ] [0.21327062 0.67887833 0.71822266 0.99728805 0.43698092 0.89252567] 
50 [-1.09231418  0.12621544 -2.78897203 -1.30025541 -0.34013538 -0.86266144] [ 6.53562303  1.85279653 -0.98954972  1.23487531 -1.37676067 -0.15995988] 
51 [-0.22051755 -1.09368828 -1.56080078 -1.15269049 -1.00282978 -1.17883586] [ 1.85463396 -1.42116235 -0.12049015 -1.38711732  0.10164273  1.51480094] 
52 [0.73128864 0.53512477 0.85449763 0.70081084 1.03963229 0.77621395] [ 0.38925359  0.15603868 -0.00529765  0.93516436  0.80487701  0.99307571] 
53 [0.89235025 0.20794949 0.59638353 0.39006879 0.88231462 0.65772443] [0.30430425 0.7144199  0.37867375 0.59869161 0.74948804 0.50289681] 
54 [-0.25586829 -0.96162836  1.06472066 -0.70664388 -0.35576024  0.9267694 ] [-0.01671142  1.46201801 -0.89112985  2.88575698 -1.18500731 -0.02853647] 
55 [0.94522294 0.75055763 0.70111602 0.45894086 0.94723624 0.75952999] [ 1.01458017 -0.15154623  0.68546932  0.60564711  0.76017571  1.00251369] 
56 [ 0.16032374  0.5605121   0.34738228  0.84202266 -0.52880908  0.88570667] [1.14453695 0.22458222 1.29945839 1.48483276 0.0696138  1.62413448] 
57 [-0.33094317  1.00920982  0.52111172  0.3557942   0.59868233  0.56123393] [-4.1126444   1.52953896 -0.20656788 -0.1461928   0.16033814  0.19582385] 
58 [0.80841355 0.77663664 0.30855932 0.89840364 0.50195149 0.5276742 ] [ 0.78100466  1.13183068 -0.03329652  0.41797154 -0.23812504  0.75243652] 
59 [ 0.19900909 -0.56841423 -0.39998823  1.28647123  0.44310604  0.55034938] [-2.10977347 -0.08403697 -1.42990428  0.07697532 -0.25923106 -0.08236618] 
60 [-0.17702602  0.94465675  0.28496153 -0.37544706  2.8256969   0.37066554] [-1.13414955 -1.57138263 -1.87388879 -1.46768516  0.20604415 -0.22483335] 
61 [-0.17159082 -0.85892405  1.48100894  1.10435825  1.40550464  1.70721391] [-0.85597067  3.08555453  1.55288964  1.73888392  1.19147095  0.15894947] 
62 [ 0.70449612  0.36867977  0.76663321  1.67411077 -0.630596   -1.32078251] [-0.03670615 -0.26975026  1.91134917  0.19849725  1.80142826  1.48096825] 
63 [0.95106458 0.03159018 0.37239154 0.84383049 0.35569451 0.60395958] [0.31247081 0.86494262 0.02408042 0.59587246 0.3060197  0.26590697] 
64 [-0.29674685  1.19517913 -0.64054326 -0.45320833  0.32300192  0.53446197] [-1.21736034  1.78493729 -0.01078481  1.34273078 -1.25278411  0.01494118] 
65 [0.43592536 1.08170517 1.31157911 0.39670447 0.40315868 0.43801643] [0.96171947 1.57216306 0.4601475  0.23001073 0.11142112 0.08921395] 
66 [1.0689797  0.84110583 0.48892437 0.29294067 0.3156165  0.61729463] [ 0.67269175  0.69358355 -0.07791813  1.09498448  0.73938449  0.7577067 ] 
67 [ 0.30495869  0.4968796   1.11157039  1.55161366 -0.27416832  0.59179759] [ 0.52725612  1.97899048 -0.03142822 -0.88999616  1.22235482  0.2367477 ] 
68 [ 0.92195241 -0.10569399  1.07932018  0.35313035  0.3581351   0.58743475] [0.36761527 0.97857602 0.42977253 0.55565187 0.42851464 0.22051691] 
69 [ 0.69252737  3.2439596   1.02480837  0.27131663  0.74155587 -0.28835306] [-1.17526608  1.17733671  3.80640036  3.4455815   0.06866233  3.46340104] 
70 [ 0.9265561   0.22387061  0.89389137 -0.30986749 -0.12122429 -0.52007772] [1.32124742 1.7487474  0.9178257  0.17240728 4.23228449 2.92408632] 
71 [-0.09198346  2.11354606  3.80488821  1.41478187 -0.06675982  0.2299002 ] [ 0.92660762 -2.10859105 -0.28263515 -3.31768948  0.21681778  1.03089972] 
72 [0.79106232 0.25817494 1.21160613 0.94415849 0.46784215 0.6375875 ] [-0.29171744  0.87467001  0.86267235  0.33449648 -0.33004107 -0.24493308] 
73 [0.94857481 0.41775382 1.01410134 0.8357581  0.66837225 0.77412424] [0.32185236 0.40253585 0.73570137 1.19274212 0.54519723 0.5938366 ] 
74 [-0.14374191  0.59402132  0.41935826  0.91610694  1.44122625  0.41194822] [-1.61862953 -0.93923446 -0.9908636  -0.53102988 -4.39533188 -1.10505335] 
75 [-1.08734906 -0.78825883  1.47278448 -1.29913976 -0.35499397  1.19228107] [1.52739695 5.48885335 3.18345603 2.30904525 0.32260286 1.44063444] 
76 [ 1.14951186  1.8082895  -1.16139633  0.27258386  0.84109517  0.10634001] [-2.50573568  0.26168342 -0.01272286  2.43898338  2.25020274 -0.2933349 ] 
77 [-1.16478327  0.05653895 -1.30143699 -1.45375291  0.39176872  0.40455894] [ 1.06919626 -0.16574317 -2.13286141  1.40008916  0.73816663  0.2317907 ] 
78 [0.20172267 0.61040227 0.37468915 0.27086557 0.42963192 0.75034182] [ 1.2805554   1.85318056  0.09275666  1.72190668 -0.167355    1.3890661 ] 
79 [1.02773004 0.39305356 0.33695381 0.37011477 0.37954512 0.85108354] [0.91836929 1.219672   0.67034138 0.09966428 1.03614714 0.2408616 ] 
80 [0.99291266 1.33789242 0.85266806 1.14769216 0.80041754 0.28149351] [-3.88006852  1.50079415  1.91751264  0.674705   -0.15459369 -0.0120293 ] 
81 [-0.28848109  1.62803126  3.11851547  1.71192087  2.18391384  0.48441707] [-0.15373375 -0.01474561  2.62370515  3.3554703   1.81948281  2.79479406] 
82 [0.61431916 0.33249699 0.26413499 0.70296246 0.90156285 0.62793284] [0.48427991 0.84074663 0.38570049 0.67235546 0.90357967 0.81971659] 
83 [1.06889043 0.5762763  0.52923455 0.19757675 0.41134563 0.47213698] [ 1.51190041 -0.1083629   0.68706696  0.60880338  0.4164068   0.26271556] 
84 [0.80697238 0.13509727 0.19380942 0.73114326 0.83126578 0.62281966] [0.182341   0.43553439 0.13042619 0.20572486 0.12110513 0.40539246] 
85 [-0.865642    0.92734167  1.4395937   1.25254699  0.44255514 -0.48339815] [-1.37807918  0.66741749  0.2704876   0.05594194  1.14337421  1.817984  ] 
86 [1.10725776 0.62695256 0.63635186 0.91680734 0.80952641 1.12646476] [0.99621071 0.73990841 0.65542669 0.05187929 0.10362038 0.83722161] 
87 [0.24293042 1.08509316 0.48536414 0.95798542 0.43206634 0.42830841] [ 0.88376495  1.5047142  -0.05688333  0.12984591  0.09093087  0.10094277] 
88 [-0.37197691 -1.20054314 -1.49495883 -0.33600918 -0.36791914  0.95934784] [-0.34599304  0.37059407 -0.95383216  0.99144378  0.97558779  0.17673943] 
89 [0.56783565 0.9597503  0.73821306 0.24690028 1.51879702 0.36040336] [-1.25450608  0.5884617  -0.93898355  1.34807145 -0.13142162 -0.45837279] 
90 [ 0.32925063  0.66686728 -0.05940881  0.50136803  0.83454629  0.06176102] [-0.76958593 -4.49800674 -1.84524347  1.38444076  1.6122654   0.27374087] 
91 [-0.89012537 -1.33215567 -4.72133889 -4.99949324 -2.34101407  0.64038096] [ 4.51344298 -2.01405307  1.52747221  0.44060692  3.38257133 -0.10150999] 
92 [ 1.39891046 -0.09589593  0.58297561  0.15727572  1.20779538  1.3140024 ] [0.24640682 1.22767633 0.27324331 0.43860807 0.3566938  1.32714568] 
93 [ 0.90065908  0.4057835   0.81435873  0.90491654  0.1495674  -0.08200092] [0.82138526 0.1533913  0.85674941 0.85177074 0.6839019  0.46813351] 
94 [ 0.63711766  0.49332903  1.08756226  1.1556712   0.84368309 -0.35033557] [ 1.6871287   0.22166723  0.75107149 -0.16753543 -1.31838898  1.18912997] 
95 [ 0.26879637  0.26810958  1.21211585  0.08643795 -0.40695967  1.01080562] [ 0.70853692  0.6166717   1.49097448  1.65804667 -1.64292918  0.328486  ] 
96 [-0.4117287   0.32192647  0.87153183 -0.7041328   2.07511354 -0.1259791 ] [ 0.1064809   2.17692161  1.27900627  1.14843591  1.87593841 -0.62058319] 
97 [ 0.19098166  0.2724439   0.26439681  0.18623751 -1.28653218  0.17998881] [ 0.71388156  0.42732968  0.01996147  1.83507433  1.22277012 -1.38252689] 
98 [-0.16135977 -0.31652738  1.5318307   2.23812309  1.71931502  0.70160232] [1.00313084 0.53923159 1.70530646 0.41185874 1.74514678 0.07133786] 
99 [0.69302782 0.68394371 1.01978115 0.48670842 0.50722186 0.67898593] [1.00447919 0.71011955 0.62285037 0.52699428 0.0318707  0.41232258] 
100 [0.80459669 1.39262469 1.50673182 1.13100693 0.4639077  1.35059391] [-1.67147045  0.85721248  0.51699556  2.97123865  1.3854459   1.72364301] 
101 [0.64601223 0.69704905 1.10520642 0.79961239 0.44184074 1.11546573] [0.79930614 0.86089121 0.64200167 1.03333699 0.57131723 0.28694263] 
102 [ 1.32349597  1.77773272  1.25971703  1.41209678  1.07414014 -0.49528132] [ 0.10477053 -0.5213805  -0.5220209  -0.38758537  1.14798328  0.11777298] 
103 [ 0.26493261  0.67126217  0.59293182 -0.35043882  0.43674023  0.37925544] [-2.17749971  1.72513858  0.17468262  1.70628772  1.64098757 -0.01137485] 
104 [1.12016518 0.96551766 0.18804512 0.74377884 0.23079372 0.56765964] [ 0.7037196   1.29334894 -0.52288401  0.28822991  0.38551577  0.29554885] 
105 [-0.15012229 -2.9991194  -0.56389985 -0.23721408  2.96413721  0.97051776] [-1.13165164  5.3165972   1.77511572 -0.19638143 -0.09227811  1.3301038 ] 
106 [0.32231386 0.70964899 0.4889349  0.12427792 1.33169801 1.06711501] [1.01125963 0.100714   1.23639103 0.13212947 1.52453215 1.66117669] 
107 [-0.04926138  0.82636386  1.2543434   1.06350116  2.12892236  0.63879475] [-3.13754201 -0.18013516  0.98383895  2.20763178  0.59316123  0.46775357] 
108 [0.18389783 1.08025772 0.18077897 0.52508218 0.861275   0.23714829] [ 1.09030177  0.53629643  1.08485066  0.0232815  -0.09711388  0.0792164 ] 
109 [ 0.74783164 -1.40298643  0.54187906  0.06123582  0.3268656  -0.17759017] [-2.17453579  1.23784668 -0.3474297   1.0419915   2.09967421  1.1493459 ] 
110 [ 0.16218668  0.66326897  0.48964912  0.97793856 -0.4869275   0.78641459] [1.00951321 0.12421084 1.34219242 0.02886393 0.00468298 0.04865877] 
111 [0.28952753 0.83312041 1.68676436 2.51296288 0.97701579 0.21877923] [-0.33831753 -1.5684507   0.10313796  0.22461778  2.57750103  1.71805679] 
112 [-2.46609195  1.54762694  1.58585877 -0.25932582 -1.04688293 -2.14003815] [ 0.92162919 -0.41744084 -4.72344032 -3.19576478 -1.70414154 -1.48144917] 
113 [0.36523114 0.77694059 0.07526862 0.86151963 0.36392403 0.49263881] [ 0.27184399  0.84362633  0.69032548 -0.21631256  0.56359482  0.37867458] 
114 [-0.05209691  0.7272839   1.52034913  1.93352479  1.56837923 -0.2827931 ] [ 0.58368328 -2.83589615 -2.93776334  1.8706631   1.19635819  1.87769837] 
115 [ 0.39031486  0.69505524  0.44538215 -0.57588309 -0.57032464 -0.58280789] [-1.20574709 -1.49648588 -0.91111843  1.26078972 -0.18324176 -0.17731704] 
116 [-0.48525913  1.25368119  0.26328215  1.4774295   0.79858246  0.61932339] [-2.1414761   1.43383755  1.86601537 -0.06076249 -0.07302986 -0.05770543] 
117 [ 1.03227767 -1.13423286 -1.41725561  0.0972134  -0.7370139  -0.08294288] [-3.17979328 -0.12451119  0.01521143 -1.21309699 -0.54915616 -1.91842784] 
118 [ 0.43706925  1.58565987  1.74595698 -0.36440101  1.29185894  0.48540065] [-1.40988583  0.63769215  1.70099976  1.33890848  0.16395693  0.13889154] 
119 [0.17026378 0.41714633 0.75148497 2.24679145 2.79841703 0.01808625] [-3.62316389 -1.90852565  1.77517965 -2.75742163  2.93634819  0.39886693] 
120 [ 1.86676835 -2.31649427  0.08314893  0.73329796  0.29750913  0.47911964] [-0.41595993  0.35242854 -1.64844821 -3.65036282  1.32450073  0.35025564] 
121 [-1.69502927  0.45543341 -0.50542198  0.17756457  0.60850789  1.17727553] [-2.62293578 -2.4832542  -2.10428498 -1.68553099 -3.1540364  -3.84147944] 
122 [-0.33748731  3.00607046  0.53265714  0.99528861  1.2188629  -0.51928207] [ 0.84910432 -0.24488657 -0.37881598  1.88142232 -0.1153139   1.46769293] 
123 [ 1.39776062 -2.00807609 -1.13471229  1.49935414  0.40398238  1.43598565] [-0.06485292 -1.40004078 -1.36558384  1.64169193 -0.01975242 -1.79886001] 
124 [0.17945773 0.47990053 1.54788713 1.37606466 1.86097448 0.63292884] [ 2.71234539 -0.37048234  3.09823554  0.11505586  1.68711443  1.37159681] 
125 [-0.6954682  -1.05045066 -0.87056846 -1.3752977  -0.82901222 -0.68790278] [ 0.12368078  0.14159041 -0.20578783  0.37739967  1.51790945 -0.26123696] 
126 [ 0.97030268 -0.01015455  0.08001711  0.89903952  0.73564949  0.22740814] [0.21001282 0.25072609 0.32097416 0.6645104  0.78457161 0.25521199] 
127 [-0.68548701  0.07641626 -0.61395084  1.14940142  1.97006621 -0.93665096] [ 0.92473105 -0.78868301  1.65130978  0.97682072  2.64315568 -0.27739797] 
128 [ 0.17929687  1.17521436 -0.07913836  1.37220118  0.31954551  0.24761254] [ 1.17458056  1.35103718 -0.0634359  -0.07899117  0.12721466  0.13020929] 
129 [-0.77674798  0.87889248  0.93131475  0.11260892 -0.07879458 -1.14440295] [-1.43866372  0.68598333 -1.08796947  2.05911543  2.54826553 -0.02906047] 
130 [ 0.22454694  0.71806813  2.15690867 -0.22342568  1.26815068  1.71698134] [-0.61439815  0.18594125  1.72224526  0.12601472 -1.42006643 -0.09761145] 
131 [0.70566361 1.44599256 0.72746938 0.7724249  0.42441787 0.46421286] [-1.58514393 -0.54065378  0.45411144  1.78655626  0.09514581  0.02098853] 
132 [0.89965136 0.2758221  0.66924622 0.04266426 0.57579705 0.39476616] [-0.08371648 -0.86290789  0.43988762  0.26144029 -0.29188111  0.88316205] 
133 [ 1.39565596  0.81661023  0.44912849 -0.34298745 -0.47045234  1.1509564 ] [ 1.72781006  0.77574974 -0.37206863  0.58950455 -1.63227489  0.21373405] 
134 [2.31357281 0.41510307 0.61311465 0.91149802 1.82438335 0.83246164] [ 1.96599224  0.32768455  1.76898812  1.63982784 -0.23518832  0.07337099] 
135 [0.3118519  0.90460933 0.89369828 1.9328935  0.55262153 1.22983726] [-1.26455765 -1.50484378  3.42851648 -0.20775427  1.24618217  0.26092907] 
136 [ 1.17574657 -0.8064468   1.10740288 -0.45363493 -0.16657252  0.58595467] [-0.67629546 -1.3001329  -0.70944454 -1.20623027  0.35383898  0.6012626 ] 
137 [ 1.7473105  -0.39877429 -0.87443979  0.80811721  0.70392399  0.64247605] [ 3.21011626  3.7322748   1.02888766  0.94078097 -0.5842014   0.81849454] 
138 [1.16634178 0.81709925 0.149155   0.39679084 0.60004141 0.37044294] [0.78280585 0.35969326 0.65125695 1.0009284  0.2083058  0.95864132] 
139 [1.06952203 0.91192542 0.73378531 0.25357263 0.02879283 0.65092821] [ 0.73172225  0.53058775 -0.08609082  0.32073422  0.21261164  0.40330532] 
140 [0.52637068 0.64916443 0.91380855 0.51474746 0.42031079 0.27171112] [-0.17395135  0.69229058  0.90429125  1.00848813  0.67602531  0.78378766] 
141 [ 0.62993091  0.84239036 -0.58481977  0.92172419  1.09617766  0.01974027] [-0.12614867 -0.94332801  0.81760961  2.37441273  0.23594422  0.08088193] 
142 [ 2.94472525  4.02500276 -2.37333777 -0.83007258 -0.24896431  1.13809107] [ 0.72137706 -0.60771827 -0.62389429 -0.61545923 -0.42081033  0.00909517] 
143 [0.11497153 1.09849739 1.57791351 1.92783178 0.57426229 0.56795341] [-0.76614137  3.03854043  0.14004926  1.83549958  1.38080622 -0.24808956] 
144 [ 0.67159521  0.77848669 -0.8420722  -0.26939388  0.06621382  0.40849154] [-2.737755   -0.93366379  1.34923893  3.96696317  0.49789063  3.15132346] 
145 [ 3.05771643e-01 -1.34418728e-03  1.69914307e+00 -5.60833420e-01
  1.05596187e+00 -7.10700872e-01] [-1.04936268  1.14783207  0.30490154  1.51760131 -0.09306906 -0.17978129] 
146 [ 0.83771346 -0.1114969   0.91822734 -0.45325345 -0.1555424  -0.1088932 ] [ 2.01115417 -0.74767604 -0.88411542  0.88398511  1.32530268  0.03324417] 
147 [-1.18457623  0.5721605  -0.22529593  1.05848788  0.93148978  0.60218889] [ 3.23922831  1.77468053  1.03475917 -0.73355784  0.93237876  0.16565591] 
148 [ 1.00332348  0.59706619 -0.07455513  0.3567429   0.4155388   0.43380703] [0.95039174 0.39198186 1.38556775 0.09044659 0.97815834 0.52359479] 
149 [0.33888264 0.83255671 0.23802136 2.3725675  1.53600301 1.15013468] [ 0.52735232  3.24058036  0.05516354 -1.65815678  3.06584062  0.19588119] 
150 [1.11966463 0.84388969 0.48357246 0.32571156 0.72683843 0.38777404] [0.70568286 0.78244456 0.19422231 0.95086263 1.01154385 0.88412537] 
151 [1.21610736 0.71237876 1.01836056 0.50959236 0.89577572 0.87998181] [0.02462357 0.78584298 1.83888082 0.06758093 0.19426791 0.64317314] 
152 [-0.1870829  -1.91452626 -0.32303943  0.80500913  1.03961009  0.80934373] [ 4.75134298  0.63552285  0.82550981  1.48344424 -2.01299     1.40569407] 
153 [-2.44042088  0.80631096  0.98466506  0.58990413 -0.94760409  0.34437692] [ 0.67832125  3.06743945  1.02525994 -1.50526789 -1.21749928  0.02640891] 
154 [0.82241103 1.77803395 0.41942271 0.9041763  0.33766879 2.76642796] [ 4.96140439  1.59857248  0.04651187  3.21105802 -0.98903285 -0.14672123] 
155 [0.74448299 0.57322406 0.82155584 0.50826773 0.94398911 0.63460056] [1.10146639 0.64436844 0.66018125 0.78423616 1.09765778 0.12881901] 
156 [-0.3272978   0.34175136  1.00802846  0.71182862  1.48637076 -0.45091679] [ 2.26458158 -0.07922866 -1.85710774  0.12688793  1.5339899   1.93941704] 
157 [-0.22503164 -0.28245134 -1.15555028  0.39944459 -0.46740057 -0.4106461 ] [-0.62351149  2.53998419  1.58969778  1.45389199  0.11935231  1.304633  ] 
158 [ 1.68393384  1.5347895   1.41880071  0.35185673 -0.41919275 -1.3395481 ] [-2.59083079 -1.51529318 -0.10461884 -0.16297833  1.35293985  1.53274436] 
159 [-0.13894134  0.26201547  1.16109531  0.48138207  1.06443913  1.61742956] [-1.46774203 -2.09739325  1.49376499  0.06320087  0.14433235 -0.11864359] 
160 [0.9365897  0.01639397 0.95109752 0.69589033 0.17792196 0.47079443] [0.41214836 0.37169939 0.6736854  0.74445087 0.35203373 0.1735713 ] 
161 [ 1.19501213  1.14551807  0.17595232  0.4659346  -0.06991077  0.23201501] [ 0.75861268  1.21193008  0.97891423 -0.77614625 -0.4028591   2.52135206] 
162 [ 0.47944165 -0.90796945  3.0797678   2.06942076  2.58643754  0.13666008] [-6.63409116 -2.92916265  2.35608701  0.65120346  0.90462409  3.90626911] 
163 [0.79218353 0.9690332  0.28569165 1.25540774 0.40567031 1.11454755] [ 1.52493243  0.06519227  0.79385412  2.01657141 -0.3088614   1.33028236] 
164 [0.76976079 0.61533023 0.39526154 0.24575852 0.49183267 0.31878033] [0.559533   0.95192232 0.54923753 0.43296942 1.12735197 0.85527727] 
165 [1.1708145  0.83028787 0.16473367 0.36984149 0.62429173 0.39075863] [0.81313174 0.42661208 0.72272092 1.07605564 0.2936532  0.99265451] 
166 [1.0427887  0.94755677 0.36842073 0.91719813 0.70995816 0.81333566] [-0.80051923 -1.14669487  0.33518181  0.38951322  1.58727212  0.46998923] 
167 [2.61149139 1.14874661 0.96973763 0.80760921 0.03794082 1.02792167] [ 1.03822464 -0.75080047 -2.44883578  1.65988449 -0.98420442 -0.44466055] 
168 [ 1.82687559  2.58887444 -0.19775654  1.45964717 -0.19052865 -0.56063544] [ 3.70273026 -2.97780636  0.3644647  -0.44498648  1.99840612  0.22647801] 
169 [ 1.03185002  1.38052511 -0.20114786  0.86982732  0.27259667 -0.68123708] [-2.18365729  3.81461544  1.36620979 -0.57292059 -1.75225812 -2.40706763] 
170 [ 0.34938124  0.6621379   0.43459981 -0.47530086  0.78174397  0.29792036] [ 1.0466035   0.38481781  1.55707556  0.11506711 -0.03214052 -0.18074309] 
171 [ 0.63970349  1.44559401  1.68550717  1.65819723  0.68331716 -0.99379974] [-2.35378411 -1.34202563  4.58147227  4.66045755  4.55686529  1.46039537] 
172 [0.33011776 2.75599193 2.57977568 2.63330708 1.43377876 1.93573178] [ 3.0350509   2.50841054 -1.16629945 -0.47795698 -1.68481515  0.75592146] 
173 [0.15790371 0.6990272  0.60276595 1.60044755 1.07698553 1.24128391] [ 0.14012803  0.30720643  1.65111469 -1.11059641  0.85818372 -0.67320995] 
174 [ 0.36178155  1.93678997 -0.85361195 -0.94186759 -1.37907221  1.79048719] [-3.3455891   1.65420263  1.04613528  2.21753065  0.11913458 -1.70183245] 
175 [1.07072399 0.38965046 0.94239565 1.00863155 0.28819361 0.83675062] [1.30284092 0.67442562 0.77651073 0.8665237  1.35914972 0.59907306] 
176 [0.33170979 0.67174624 3.15949404 0.25260005 0.44669374 1.10165875] [ 1.08034596  3.43693668  1.32686244 -1.53986174  0.11572396 -1.39523696] 
177 [0.79010448 0.26869739 0.57133189 1.03950117 0.64938951 0.63834094] [ 0.10097443  0.64350871  0.77653182  0.52752696  0.66772186 -0.06506735] 
178 [1.10781936 1.6360567  0.98052606 0.19004165 1.33031018 0.2033322 ] [-1.39663847 -0.31334946 -1.41152802  1.05743554 -0.26686571  1.02886607] 
179 [-1.92241439  3.41402183  1.51946518  0.03908786  0.65298397  0.93821651] [ 2.44935131 -0.95699832  0.53517155  2.29438326 -0.23852225  0.19302619] 
180 [2.50326399 1.55851689 2.04853383 1.2781157  1.1509166  1.45432631] [ 2.104127    1.07079135 -0.18594671 -0.79503202 -0.7153749   0.02279311] 
181 [1.32181956 1.29153305 0.82094893 2.35449198 1.33713541 1.18863372] [ 1.11170709 -0.94582503  1.81575918  0.29569372 -0.31872517 -0.33958116] 
182 [ 0.99471502 -0.04300127  1.14962662  0.23817762  0.44928262  0.549223  ] [0.4529485  1.27652681 0.60496    0.40874767 0.26696602 0.23667069] 
183 [ 1.75567634 -0.4945372  -0.01864324  0.94947412  0.55848268 -0.14181809] [ 2.1042157   0.5280004   2.751914   -1.68576768 -2.25263368  0.98690335] 
184 [-0.26381407  1.47807617  1.51656955 -0.68103714  0.99754797 -1.52959138] [ 2.00699033  1.82597527  1.47073584  1.78013027 -0.04001082 -0.02797228] 
185 [-0.21079148  2.92819382  2.05802247  0.33326144  0.22147674  1.02911945] [-1.21345352 -0.06084612 -1.66512139  2.03487425  1.66815818 -0.11164881] 
186 [ 0.30315148 -0.73846161  1.3325666   1.70757578  0.99195433  0.38000984] [-0.74426585  2.04468819 -0.17388322  1.38919057  1.55990488  1.79734801] 
187 [ 0.84015346  0.47749662  0.72650189 -0.52352546  0.8639622   0.71792745] [ 1.56573052e+00  3.78728186e-04  9.54714785e-01 -4.17689643e-01
  1.85347074e-01  1.78394380e-01] 
188 [ 0.56083721  0.5047552  -0.80841961  0.94785358  0.20286746 -0.48814231] [-0.33564781  0.74209491 -0.7846685   1.69012226  2.29029609  1.2473839 ] 
189 [ 1.02921196 -0.32867801 -0.26473293 -1.84602441 -0.24956376 -0.5595079 ] [ 1.69964214  2.99153265  0.46382831  2.32865576 -0.9371355   0.34004008] 
190 [0.79656183 0.35025725 0.5806447  1.0358246  0.36362456 0.98652761] [ 0.83220205  0.26112887  0.39084069 -0.38644427  1.07615246  0.59543835] 
191 [ 0.17980799 -0.86591119  1.30275538  1.34989904 -0.57932875  0.13497129] [-0.48871226 -1.43110349 -0.24972154 -1.29588319  1.29180667 -1.29508546] 
192 [-0.22198001 -0.74210213 -0.60393932  1.0601379  -0.03871296  1.08764222] [-1.10589564 -0.24649312 -1.45232653 -1.38104448 -0.37422808  1.48867929] 
193 [-0.39795086  0.61049473  0.73450514  0.32281453  0.79865186  0.68803626] [-0.77549896 -1.43982323  1.78669121 -1.80208004  0.08791347 -0.06370591] 
194 [ 0.96162101  1.21648855  0.75385386  1.15877421  0.66258974 -1.0330862 ] [ 0.24552371  2.19765741  1.78790312  1.58307092 -0.13033026  3.30068944] 
195 [0.24001379 1.23774159 1.04515357 0.62958231 0.40982653 0.43676926] [ 1.09921374  1.34637409  0.0314502   0.11125789 -0.13708788 -0.13142107] 
196 [ 0.34201808  0.36899242 -1.63210016  0.53601423  0.58948039  0.03478882] [-9.08239122e-01  1.23518655e+00  1.53486870e+00 -1.43098691e-01
 -2.13143685e-03  2.69280714e+00] 
197 [ 2.76414807  1.47000215 -0.28063243  0.03509138 -0.12991796 -0.53475727] [-0.67962716  0.97103413  2.85294453  0.29215356 -2.20250465  3.00368196] 
198 [-0.98959378  0.74777838 -0.70849767 -0.56513666  0.33966928  1.34442066] [ 1.87958084 -0.75409375 -1.40507549  0.27872809 -1.70908965 -1.77816728] 
199 [ 0.89148993 -0.67516013 -0.07120848  1.16636519  0.1490932   0.46815051] [-0.99033045  0.53110228  1.25429035 -0.24337288  1.89655262 -1.8441901 ] 
