0 0.8140996912859157 0.4158904114068964 0.4109190792671451 0.4081573155367868 0.4061364514504644 0.2563059485313748 0.25709309630800004 0.2563998592344354 0.25720152400990837 0.2559644817071349 0.22347881127026015 0.22302968137080437 0.0022054011713021904 0.24204009097688406 0.3159982313170595 0.48160621516531776 0.2783245657635862 0.3005806157897757 0.40514319653908837 
1 0.5973995482347403 0.22522297020258897 0.2241235592001838 0.22323355883806384 0.22306532361722708 0.22311773170344518 0.22309763610392874 0.22262812661335207 0.22297973107875602 0.2224801136541139 0.22248869598867138 0.22251547431287633 0.00020466570500388137 0.30062393341445803 0.26260770995993576 2.2178752556238823 0.4776523626381013 0.2796291268206137 0.8290088877422788 
2 0.5211100114970784 0.3408651985451998 0.26610340558646284 0.2552054570853495 0.25407140909728976 0.25495448317099134 0.25252718622287196 0.4941889324342308 0.2562095631376313 0.2561823751943457 0.187283745146271 0.000932511050762308 0.11825734888281669 0.137354053420778 0.17084240324109023 0.16020669945586352 0.22094804786227962 1.2270542831411975 1.192527261854524 
3 0.6836159953797589 0.233041260178102 0.22824486771992802 0.22786855601120926 0.22508832939689416 0.22497633027851838 0.22316287361318365 0.2224658074062018 0.5254653592421448 0.8211969430658783 0.2200222108942389 1.2595701653502145 0.00010370011140259372 0.20036355391543093 0.19316043080170586 0.18681857767022292 0.3561100131013244 0.26807183441151095 0.7983473943072141 
4 0.5986544921660204 0.36298076880156427 0.09060990566318461 0.004935573934273796 0.0031510753057970575 0.0020055811523653766 0.0011678167394311156 0.0010695112535561435 0.0004935380998560834 0.0003536340283161188 0.0002358253241860897 0.00027633503705049023 0.16845969068254885 0.5377586086244177 0.32199827496873445 0.1928759034121461 2.1682771595364665 0.7261318491390658 1.177895431202264 
5 0.5403430598486993 0.26592961587052577 0.2598762460696382 0.2571815572656644 0.2563721395869405 0.25648386180902816 0.25598479578128974 0.2555654572517716 0.25625227056540134 0.2569894517726501 0.25227426656700214 0.26081121993358525 0.3201987035040408 0.5331971250642427 0.26325705271747446 0.1887822019587071 0.6121679694277888 2.0741813324246046 1.5540192927886747 
6 0.6096640767232226 0.34120128190248633 0.3319435645204618 0.33015651906206034 0.33210921818546346 0.38303056757570997 0.3821996964410679 0.38289028166296823 0.38911644229572584 0.391244599703358 0.22250694524196324 0.22304921097747 0.3392619690191212 0.41613485187531984 0.18008359574972155 0.41526662967240413 0.2732452136657666 0.3304016611055347 0.5720677837062829 
7 0.7391347809535638 0.2009344758019671 0.1959587148093671 0.19392993806444525 0.19317348009745738 0.19286647266831025 0.19296235638559467 0.19207819676008064 0.19163368520863977 0.19225932925547928 0.19140935400740955 0.19326654603258775 0.19042695698889456 0.22658952389873432 0.6496328089635623 0.5187158508209644 0.2655414439056212 0.19149717840716418 0.2856657492240038 
8 0.5995223537357601 0.2359330935069106 0.22917147240075475 0.22699648455207555 0.22439198395627402 0.22405205368276948 0.22313104424492347 0.22305222601715213 0.22289731862952844 0.22320882686881083 0.2230145637894554 0.2230866458702052 0.17996733262331932 0.2629961997274499 1.2163433041813134 0.1873854105555417 0.28913998820845843 0.25546835169879145 0.5922644361463678 
9 0.6630436176437486 0.2586445442923333 0.2270201780704013 0.2228637110572298 0.22232534896272305 0.22205053647229334 0.22189890777061816 0.19288357895250519 0.002948779240356414 0.003096507658176595 0.0011636462993680485 0.017952159495394415 0.23851233034838537 0.23374755585352047 0.39267907819313685 0.2922215547345939 1.4996377007311525 0.24004526284856897 2.127144514033591 
10 0.34739604138165436 0.19405842342984858 0.19318886479375608 0.19238667573738955 0.19294152388479513 0.19312278035812258 0.19350411470565154 0.19607943048137821 0.1949982947511255 0.19403777616618112 0.19191525955995803 0.19120522600001943 0.3319031988048491 0.3517276899084032 0.11017372513275525 0.4290502138233321 0.32795255571439696 0.5420458613822288 1.4824171101513703 
11 0.5357843832445 0.37887832865112303 0.2630268194568208 0.19098177991761278 0.1891961514917604 0.22793749505373784 0.22508345056512225 0.19314106473805803 0.191366174377408 0.19157557779278167 0.19141967433265084 0.18991144004091076 0.0846308695398561 0.18902541085839752 0.19014716175750346 0.45445409252368174 0.3996598637899793 1.3282714946271863 1.1375693936753348 
12 0.46014941081898075 0.2650062924451986 0.2249890439886173 0.224057808185681 0.22503542580094926 0.2249642218561414 0.2233633045037413 0.19723203580205362 0.1873390488902571 0.18941723166445001 0.1895309715465341 0.18835771682151892 0.20015545773075116 0.46372485067721647 0.18761393977643692 0.18787724466080613 0.18203156876664162 0.38293098727567254 0.2529181412520751 
13 0.6185325733433862 0.26116510532939885 0.20692649010132058 0.20095627877863764 0.19615198959260582 0.19590604152483215 0.19499894341997015 0.3034803387311744 0.007912577686442379 0.22257015087581689 0.22256187466344857 0.22314047416591132 0.3393923898498803 0.4643938837590911 0.32855124655057 0.24612419084769477 0.23531348049462775 0.2750419981684171 0.9322729015448233 
14 0.4718804669934147 0.22801272254969218 0.22610058369041064 0.22424345271769885 0.22399027443640662 0.22424406758100845 0.22395532240022709 0.2229633749818587 0.22413124390073258 0.22342529327095773 0.2231201584518374 0.00014570047024631272 0.43601450470041225 0.16942963435804148 0.2636631313101938 0.43884943095801177 0.2055536041279422 0.7887985671066047 0.4761445311887027 
15 0.4021688460644499 0.2610074071766375 0.25901869976643743 0.25743812015320344 0.25722328182267407 0.25696791934729135 0.25654039492815195 0.2572473770792014 0.2574381545075919 0.25697154847083814 0.25777231260478883 0.30110937302107144 0.2767332252927923 0.21284760166066974 1.0614406722962433 0.18737022441689688 0.23104110554958934 0.3949964217097788 1.7804390944076622 
16 0.8067436388945444 0.24189550484997402 0.2331187200700673 0.22627536155342431 0.22507937784023446 0.2232420232655039 0.2239705677470223 0.2231285099274769 0.22554195951202272 0.22499111245365855 0.22510370086443832 0.0011182928225870192 0.0005436159433445109 0.5121094962153285 0.1634249102825429 0.2425337351573218 0.5825757253288584 0.2278930155729364 0.3713433160433659 
17 0.5223857817239077 0.26602388334902827 0.26093110963533106 0.2581735729503236 0.2572554775517346 0.2570467593733454 0.2559434969323353 0.25562556827869143 0.25597412972000044 0.25546100741355704 0.19501130860562532 0.24088683856190474 0.0999077499566281 0.2640391511941844 0.19859913906188442 0.3070733730366433 0.5299032112959885 0.9724017630766564 0.37318595178870306 
18 0.7602406996518556 0.11647670128233645 0.0018990499152649054 0.037835116157243665 0.1961512489931727 0.19613673702269718 0.1959981555231214 0.19600696841312737 0.19590856840228632 0.19411606660891878 0.19487035369691874 0.19506658349602035 0.1967578382214885 0.4369884588380537 0.18841823990003315 0.14439280896957585 0.2546913622077167 2.5867863620161513 1.2639363453844135 
19 0.6640884552092625 0.4349343154680225 0.43196186067975684 0.4284138378496021 0.42394153204104645 0.18999256992712432 0.19209757822115048 0.19193643083158052 0.19210002874373555 0.19214788575330077 0.18794854035037467 0.0021711283188614594 0.21775655900191238 0.2677887170152027 0.1724534023673585 0.1918667044274267 0.9698623134147873 0.2768049707645239 0.3401461350558672 
20 0.5810229782310394 0.4139790729520858 0.4098947883905102 0.4090094653156713 0.40816880908377207 0.4080887717366326 0.0029061153833287445 0.00396702874659316 0.0011579529182903503 0.00217555559477578 0.0006747153120627569 0.011923028118324686 0.006994857815098454 0.23668102213561104 0.262825785148177 1.9762254741334981 0.22369738920511417 0.21320639214518744 0.271659865418429 
21 0.5827131976213 0.1990068363380808 0.1949163273125225 0.1929268924379639 0.19147664289449806 0.1919237933089497 0.004033748191036857 0.0010504730894820291 0.0029521436012824864 0.00225526507246121 0.002562598605995392 0.000959729295362477 0.1645739180651309 0.1908165687068566 0.3246673071602466 0.2492747413845835 0.24494785888879722 0.37712018393793234 0.3290451181727918 
22 0.5515345679231631 0.19389187687203924 0.19239940267696598 0.19202860401939414 0.1920098238290322 0.19156917407807939 0.1914907764094982 0.19151252257537 0.19315193694297128 0.22265349253385613 0.22256723918486943 0.22250568857962372 0.2224901536294286 0.034020601686123086 0.15606383327796536 0.2773967226974101 0.24474467990116322 0.20977756065048436 1.2559716332826616 
23 0.37198386644148296 0.2389032455687341 0.2339065445877042 0.22706481382011678 0.2251769234490495 0.22332549673163715 0.22265034111551074 0.22251025732518692 0.222884787363967 0.22247893480701375 0.22261352561924874 0.22259731147249107 0.24623036624740946 0.22244944976507774 0.3860335032528066 0.1743311102900933 0.2519721285316445 0.2363428143367876 0.67884438455813 
24 0.8013650010110351 0.40304650109484097 0.047237955730828896 0.13093903427862608 0.0020107582578638983 0.0018757056440001918 0.0011798348870599717 0.0009364148149646478 0.0003408011932879429 0.00013388242349710033 0.0009338880582383524 0.03889077264549168 0.00034365324025675825 0.19147992470430797 0.1936527915445252 0.22337247258504056 0.2832254523204698 1.1857622000433279 1.0250478171340527 
25 0.3345996684348975 0.2291646154727296 0.22709724962726008 0.22603072284417514 0.2250759004500773 0.22444981138859976 0.2240650141872611 0.2239511966437513 0.23734747846671667 0.22324938760676982 0.2231073093353002 0.2225844923136131 0.0015414230920445249 0.00018250528609820016 0.1996730027154625 0.2210480734129059 1.363419714032265 0.3121633778460202 0.286923946918197 
26 0.3214008919034612 0.24294713017316671 0.23517662413034035 0.2310100287784571 0.22988731751055136 0.22792737799858176 0.22442621160175213 0.22498752530317434 0.22421389298133243 0.2232724580030725 0.22289871926059823 0.22288064695627785 0.35503310418459333 0.4081279923325005 0.3160374385691145 0.18836176284505002 0.19918735163120438 2.1905509351744636 1.639419786665767 
27 0.4513120517361757 0.027032571244136827 0.006096187439869061 0.0030913020531302404 0.001290609855653324 0.001202403925714579 0.00011883299511517009 0.00031224912264016247 0.00022205772299521698 0.0003250260129044058 0.0002506165256301873 0.0002880651698673464 0.19137608880335488 0.2747857110733891 0.3405959016484488 0.19391115006998372 0.4556290998231982 0.2508900129048428 0.2607355642147775 
28 0.6166259678687116 0.23190654532629362 0.22703306172809268 0.22431559957597513 0.22410636596585842 0.22317668648568456 0.22321197836460405 0.2230853641280266 0.22300806483848135 0.2224600040952256 0.22246484484351603 0.2230524665460072 0.22817557321576465 0.19897659368786957 0.2861786802467605 0.37927521799748787 0.2236818419765081 0.21081465767631902 3.5855103512745012 
29 0.9197208810521571 0.2736239790480137 0.008493271140947556 0.19386766290798274 0.19236678913137806 0.1921044140213164 0.19194856403850724 0.19187884495054308 0.1913937714026166 0.1904732435218004 0.1913055642807675 8.98701404854485e-05 0.0011795407314754147 0.08681903453025352 0.4317788141528902 0.5406524016265277 0.3556680453567347 0.1896334509753399 0.40915167601372127 
30 0.4187551146738968 0.2435661442493624 0.2309512395299418 0.2260077510179741 0.22406840580110932 0.2240371251982991 0.2230206101722192 0.2228812301662524 0.2240174364663221 0.22253176094848937 0.22251779991518483 0.2225243385658784 0.2641491222700074 0.21048676427905955 0.17885303678058118 0.19088057184323337 0.35528213679059006 2.3385162811252127 0.916616438507078 
31 0.5505449395828048 0.4379277108556434 0.43212611170023885 0.42997063328174656 0.4289721020222803 0.4293095196427228 0.4279124763777573 0.4301914046169111 0.0008890549670419468 0.002283913207441035 0.0013522242160077802 0.004161007088049784 0.19257842544050852 0.19227994212510824 0.19605662764863774 0.2931611722349281 0.22390758266669275 0.3874556143676 0.3859985086626303 
32 0.7265134083076472 0.27396945701854225 0.26800402443103755 0.25992074349400474 0.257949803970668 0.2570713344415565 0.2570899754329068 0.25638565357956566 0.256965357615754 0.2563335266985489 0.22298943112334757 0.22252677216480343 0.2279819407772905 0.0018895633925497535 2.26979089873729 0.2049146634234733 0.5881563244299379 0.4451825829935989 0.8513679597198724 
33 0.6701108655582915 0.23891412096720166 0.232008230063103 0.22890221344107964 0.22597773160010592 0.0022158008234920423 0.0012568469630309664 0.003899816140976009 0.2521985320975302 0.27394964642274156 0.00016521182833661996 0.002173194863051009 0.00255141737022635 0.20360185931682873 0.07449999465897594 0.2223214055311875 0.2231956956657215 0.22104171907635384 2.5628946175887375 
34 0.6343359226593273 0.3269173105449916 0.3239163262488305 0.32294546795597645 0.32191251180349134 0.1920448823834049 0.19188969792509414 0.2226337118954802 0.2230092995542503 0.19688384103782774 0.0012594515484722901 0.0013284480632493878 0.0015931934539215042 0.06592061733114796 0.47419165125262297 1.6584947453364731 1.018440024037195 0.8622625208999799 0.8169754486714891 
35 0.43010303317765475 0.23892640227646944 0.23206912739561725 0.2289309503811532 0.22592239214341503 0.22510438646228725 0.22329338507121022 0.22258143018419552 0.2228901225760187 0.22255212796921153 0.00011526843759357419 0.0010463528040969283 0.0002890388547085454 0.1873433521694945 0.3186015016196799 0.379113103959839 0.25468884876294506 2.127358248084714 1.7907470895036934 
36 0.5442279354542101 0.42087865960950555 0.4139290341988824 0.4100512770447553 0.40914354289117916 0.40724651844885607 0.41465569720319606 0.3350233663538378 0.19521540230560408 0.24896131839701763 0.19220513653254767 0.19045655508691528 0.1913002178339609 0.18955756617761899 0.2172381024460759 0.2549759858867515 0.5613710273279808 3.7485445844265355 0.4342461484227138 
37 0.4200090281913922 0.23388929327610164 0.22893893034348411 0.2250790430968035 0.22506844198463738 0.22318117063126386 0.223191343702557 0.22293583340295076 0.22298198172127437 0.2229719062781843 0.22262447378462769 0.2230874010095858 0.22349407991872905 0.006926863720732257 0.48351638321511237 0.25959856008513116 4.413486724549141 0.27528036785069787 0.26157079853423904 
38 0.45035314704958074 0.3394095977997378 0.2700790515572318 0.2552712763397098 0.25395250371317024 0.25316419284847136 0.2524760935809649 0.2524192531877707 0.2523149261241573 0.00089872516737044 0.2193698000958615 0.18886871539035233 0.1904284272063772 0.1997483669538065 0.2058310911487995 0.00024754208438770853 0.5305044804528602 0.25480682022271695 1.6703439677938772 
39 0.5994982657278465 0.2553854622081144 0.22707465585969722 0.22494948308713303 0.1948882256972 0.19606746289126997 0.19689872119557417 0.19600812942755552 0.19305980267257472 0.21927099599615096 0.0003293620764277527 0.22253152007863508 0.19138904114134703 0.19198539725300878 0.3433443404200289 0.6634656045742038 0.30765977335250017 0.8726521360167785 0.2875726543218522 
40 0.49396693647025813 0.31090327699341236 0.23151139028703382 0.22526760224144726 0.22507657539422943 0.22496134706716786 0.22395440953747037 0.2231792198988416 0.2793336675860909 0.18929660162318274 0.2568871416465297 0.2559305627106019 0.2538402196181122 0.23052429117310824 0.21194538415660102 0.19401490826452994 0.193602949038699 0.5036244970050321 1.155297000315679 
41 0.4438270664694435 0.24488252758667728 0.2330317706083438 0.22706298053589502 0.22425053235650982 0.22412416069037056 0.22390239273970058 0.22312493686207913 0.22298478220849893 0.22298607351901634 0.22253019020250964 0.22249103533770898 0.22628316434690032 0.19463622071268372 0.5330081788112535 0.18218595072515842 0.282829046331597 0.2242623209113881 0.2800399108199696 
42 0.7507955889525613 0.2681009291632417 0.26606030919029156 0.265123733541754 0.26298444318232495 0.262898647043335 0.2610885697773859 0.2579754853652789 0.001990785391225103 0.0015258994441225138 0.0020663351012211173 0.002220001737835098 0.1891336291627519 0.18550625039563684 0.19743547700816233 0.4760170775341783 0.3730262070588848 0.35158870367721606 0.49340565877942355 
43 0.7123582655058678 0.23704587836805158 0.2299140056768172 0.22530291262230606 0.22433574026314274 0.22412173474082064 0.22320310658984321 0.2229021894068779 0.2225477359482919 0.22259190487501646 0.222567856259136 0.22253313215676296 0.22695686045908525 0.0003449179792989199 0.39025081410829765 0.2351030047827296 0.6257260137748271 1.5148148185135177 0.9839751806738334 
44 0.6812212284266974 0.42110341533051177 0.30473048323488494 0.19102883257266057 0.001027312755246923 0.0004819375005122861 0.0010897076096409997 0.0010138159778494416 0.001462678466610523 0.010581948483997294 0.0019530105513940743 0.1770741334889936 0.18280048421948414 0.19189461222690474 0.18708265051690498 0.24457277629660568 0.2538188230804821 0.9499598677644059 0.8433317011592725 
45 0.7241041232163834 0.28896703419795977 0.2758761462729913 0.26514169551900246 0.26301854860821905 0.2610344696809568 0.25888887847565045 0.258269416370291 0.25731822193210574 0.25718602657636147 0.4220027757396918 0.0002594921664726968 0.0029974789203828234 0.00048428974130532154 0.19039721470250615 0.2520530022910985 0.7914320590739634 0.3941098552465536 1.2815957424388333 
46 0.7322445884898416 0.012176930453795975 0.008892905111441696 0.004988331994579598 0.0030882533203595575 0.0022413159928618143 0.0018833326945173479 0.0009246736852730475 0.0004848420685124033 0.002017828751419426 0.0022823755418877045 0.07636172532050467 0.17990407459758062 0.19196750375656424 0.22298221449738675 0.18989953707571727 0.22177071746715926 1.555073883861116 1.1688826365121074 
47 0.53281923234205 0.26125309797955487 0.2591955719913428 0.25815101569358045 0.2572833709575493 0.25648775889607167 0.25628885928946543 0.2556937119224443 0.2556267209102907 0.25564064583483237 0.2557377173907247 0.25628468332441656 0.2569736813240171 0.3380409288598103 0.19303899507088684 0.35273941597305725 0.21037296057707988 0.23318750473363137 0.2688931661876799 
48 0.5604272442841656 0.07141142668755096 0.00908623623329241 0.005913428842345025 0.0030361081201777385 0.0022680782783590647 0.002060265420427365 0.00198385964191905 0.0009382626148839446 0.0010313469380343054 0.0009739240846879937 0.013363956130897803 0.011243260610505956 0.40175989405751245 0.1931266874040638 0.19728281991172492 0.5204939610658714 1.5173319393152669 1.6657107493602534 
49 0.6597390160692937 0.23887960946315134 0.2280203168036885 0.2258752749879247 0.2241417124992393 0.22310063606279473 0.22310663311606582 0.22305642144512006 0.22258759256433636 0.22252202807573962 0.22249904780054464 0.2225414064487763 0.26994725891975935 0.2176839503270116 0.163089566147687 0.49116337285906475 0.25155606632644334 0.24827066259120256 1.5564249441652391 
50 0.2813910609390433 0.2300498864998588 0.22631936744676873 0.22433865796256036 0.22246467185996588 0.22318137403411065 0.2231344808429847 0.22389877090690735 0.22588698782474892 0.2249052810201242 0.2229930106325686 0.2225531030263923 0.32967818163748297 0.22135706235224295 0.19546971385074374 0.792730463191998 0.7689497178873141 0.4742209502668453 1.2902381761134218 
51 0.712762093942219 0.24779972206486933 0.23588903139573403 0.22903199613536906 0.22609651759119376 0.2539216426332651 0.00044387965496661685 0.0003915718874030194 0.0011076414119501887 0.00023364901390832138 0.20790141662183026 0.009067962081312775 0.17678778671283957 0.35121605781488774 0.18747194038491632 0.2529001598886427 0.27546988473927736 1.025415260520956 0.9531107096158378 
52 0.5491102391607869 0.2020070668028029 0.19896586040825803 0.19708923618372776 0.19624707544352327 0.19618605976286707 0.19600577251013473 0.19488080556947018 0.2250706178150279 0.18921807740794594 0.18989388073191393 0.1901876086577332 0.19558522124751243 0.2518910611182852 0.28396013554347355 0.4341811112520564 0.024261433645677233 0.33965578814402964 0.680660982080671 
53 0.7822882330944296 0.2308998000300415 0.22609316969723592 0.2250172706254776 0.2241832014103986 0.2232323699495058 0.22258832030118314 0.2227395474190228 0.22410111724454107 0.22255852789342745 0.1280129014095055 0.00015981043349277968 2.165465546764057 0.18829174066993803 0.18757086542529433 0.2362684315139727 0.3203956873171596 0.4049341087224243 2.702906752372569 
54 0.4549989941019903 0.31868653174968165 0.20087762425065203 0.19117381347719653 0.19020849845724697 0.18991832527893315 0.193680200760447 0.19211163699587486 0.19304493780642562 0.19100978416475067 0.1919074861545751 0.42491221016053604 0.21586099170631323 0.2697577564689968 0.4901610387615294 0.2609306089650665 0.31453835908942995 0.19190837605351652 0.3455599530846305 
55 0.5999928393876395 0.003234911272031349 0.001911946410345866 0.001078975521946468 0.0008848300026860212 0.0011695697472133837 0.0013864899362603378 0.001236280684123292 0.0023254891520836374 0.00044189339192035604 0.0008807422466028392 0.19128147317231892 0.27229306102837825 0.22301587351913987 0.19150046182377656 0.24734790262628614 0.2054408306741149 0.7244133306185956 1.280326084698096 
56 0.49196896159779335 0.26107617425606056 0.2581504530010479 0.2569929667250581 0.2563267246773424 0.25619350737941793 0.25643579118970683 0.2557653681628773 0.25686642344318344 0.21614877732905136 0.25306251508962063 0.4451590528391469 0.2583140183599977 0.2522980172658882 0.27514311630563015 0.15296563480117165 0.27094086142638707 2.2108320817177955 0.2607887131790345 
57 0.6612521963900857 0.2688949759418169 0.26599241595539636 0.2628892195646415 0.25819648761936786 0.25694960764417063 0.002138220003406799 0.0033059579325409594 0.002390377251101805 0.0014157753459289601 0.0010469161108048741 0.2168754084440092 0.19003219664238147 0.19290454963142745 0.3972046076499831 0.23269569487603303 0.22328678001052626 0.7658210311367022 0.2857141167027446 
58 0.6851495354734702 0.2620369715281343 0.20891224682699572 0.19696457195933403 0.01786049476203133 0.003980810434531135 0.0022972702686820945 0.0020136606741372187 0.00040545782558254473 0.001945845452358208 9.886672410042152e-05 3.328315835648965e-05 0.000466054499373314 0.16895455003708304 0.1974674738107851 0.1975295984393861 0.21194197937655446 0.34005997190781323 1.818063852150465 
59 0.8147001351143255 0.20401859234624742 0.1982277870912177 0.19497433328544234 0.19401426542368405 0.19400240621996478 0.19331437288889064 0.1921543902472973 0.19144015078695298 0.19133056893895506 0.19313846980006422 0.23560881018935875 0.19006107634516023 0.19397314982612524 0.39704915723189815 0.3790082464044717 0.2613203533276631 0.19154422154545414 2.7311167986658296 
60 0.6987206551173377 0.24194558927346188 0.23113828606798004 0.22692037660656394 0.22530688887964634 0.22496857063535503 0.22419585285541332 0.2225846200600312 0.22247908568446206 0.22250003358045123 0.000251675906126847 0.0002475221793001303 0.0009543957147248872 0.1941316707382521 0.18785192490103975 0.2779454300611006 0.19207122246058184 0.529927457767176 0.6420795537713551 
61 0.45648115875548356 0.2380308256469521 0.23086498702892722 0.22489351500744714 0.2239831065669473 0.2231146560602344 0.22323189826755985 0.22304558606306268 0.22308237749810544 0.22296157007749895 0.2224532349677546 0.2226146383872165 0.1989266280077422 0.36754960835061845 0.18669195892355828 0.19387610899081542 0.20113311151329882 0.34572152498782316 0.26780137602069765 
62 0.29405692571573194 0.20086836185144308 0.19749249728931662 0.19702281626996343 0.19631045452224782 0.19607752114749988 0.19494845019715523 0.1940585949343756 0.19333846242190722 0.19297255683218983 0.0009260364745542482 0.19399319787048852 0.07727504702633459 0.2165916174361351 0.37085746973723954 0.19199832321905097 0.2076522079087617 0.55197680787864 4.205997714803587 
63 0.406781596104562 0.2938783697566103 0.20483426143136807 0.1959090528578309 0.19419730016006786 0.19391226270151507 0.19302593750401642 0.1929493892993086 0.19327096361642404 0.19208944066087175 0.2124270459042248 0.007904935245883982 0.1503411171327853 0.08171994433696161 0.48228545295846215 0.0007434348149153447 0.48855388839303426 0.43482105609120714 1.7887554188549268 
64 0.9245920895621302 0.28297757384270295 0.2259799014643804 0.08665387586614282 0.0021426157201183127 0.0013011207116935264 0.0012171240353553436 0.25904996971907934 0.0008798552426112494 0.0020648924444937045 0.22309012488729452 0.22689450434717195 0.2159025524740965 0.22285631396625782 0.21164205994051577 0.2667185963567029 0.2698475800323299 0.23168136610112522 0.26573483032090683 
65 0.6933227421821437 0.026550708539962553 0.007927225160235363 0.004073499545695913 0.0030828664528999017 0.0014393340292726542 0.0020706878070793078 0.0009345486190301955 0.05356958769166198 0.0014980393011445603 0.001969784251842688 0.002338707354644143 0.0020876066179962294 0.21094414960605268 0.4301926792712163 0.2044244230494685 1.0160312262679758 1.0375339685760712 1.7713481539838982 
66 0.4587719627197131 0.27488979147199255 0.2669665813962028 0.26091961599500335 0.2592767580801927 0.2582791942649263 0.2574522314045007 0.2571738160790449 0.2563105834719468 0.25608658080389324 0.2588757880230783 0.2559814557878597 0.2567362307083729 0.2126766435524705 0.3165925734395667 0.17979771982743853 0.42384101702790855 0.4398687197469291 0.6953139730759326 
67 0.4488075750665872 0.42999941970601463 0.4259586746554993 0.19291548569820827 0.1909692810710495 0.18914522391367727 0.0004037898667528239 0.1919815602353523 0.0009141374175360983 0.0019171904768267023 0.002007920938667196 0.0010729465961796247 0.1996579062303947 0.2247187143126832 0.30636664605081565 0.30226906223868855 0.41406298530088215 0.2528225545252576 0.30842595427182395 
68 0.4982443073616716 0.23091053165907738 0.2262436830036354 0.22406894409600686 0.2231334869046251 0.22302886127582355 0.22293913380506658 0.2605847253387419 0.2224770970043155 0.22247192902837432 0.2229501198502004 0.192225910170007 0.25984295018439485 0.3596983903521913 0.31134271568189975 0.379250855929836 0.2892350632584937 0.399973789509368 0.5261783343972022 
69 0.48351308866592824 0.2069119274995217 0.19812375584342545 0.1952311438401606 0.19417062288283304 0.19310840166687626 0.19322002596292065 0.19252291224313778 0.19307640097870404 0.1930642208645268 0.19418453932190527 0.19241539460517543 0.3332836838140234 0.37976445793957714 0.46884390620849437 0.6880950189183446 0.3049688313013268 0.19417996692616635 0.565290879302855 
70 0.5252970897847191 0.3497917611248369 0.29352304678986507 0.22645602370857887 0.19173852886688558 0.18796378561655902 0.18807655492550168 0.18734185488850064 0.18722065097005847 0.0001649426603114179 0.00021110418048420065 0.00026828106822196496 0.17512881988326634 0.35144079414072693 0.27140209038423246 0.19747899157287208 1.6234041180097691 0.36440025836735046 1.6470292408308878 
71 0.5579547767160344 0.195590506978238 0.004419058337825632 0.0029649700514871036 0.0011609573914559412 0.0008820498275114996 0.0004421294142011867 0.33893671487729726 0.19216618940969332 0.21987806686034284 0.25627198237688176 0.001196492588727116 0.02191750783065083 0.08767992123389279 0.2934436429057232 0.19637373159534643 1.2213849596586344 0.2528914186602149 0.5573627052278585 
72 0.38639763721049647 0.23101007227988113 0.22814878936061778 0.22521724510066732 0.22492387020433235 0.22410925995136988 0.22337138505958554 0.22509406835821877 0.22514610211281783 0.22264272624006964 0.22323877604903375 0.22399691551559586 0.2233362276809414 0.2670370111696283 0.19434161496117675 0.19025911759342118 0.5346725666040193 0.19124218598948817 1.1311580923541793 
73 0.4690523024046418 0.4349449826598413 0.4319428189695065 0.4280655072275079 0.19315680074353403 0.19289279604169307 0.19235103852770807 0.19218829235467538 0.19193687756832434 0.0002367174534296801 0.2121506117106684 0.21226458743139842 0.26000039166098343 0.2770786041570539 0.3604696053466936 0.16832132097374042 0.31459451448799114 0.5585382493643634 2.5087932679110274 
74 0.4112883519410353 0.22626783732866307 0.22439622358093714 0.22341311324191215 0.2233385035152271 0.22292015507652896 0.22268607126349038 0.2224793628267112 0.22295856326991337 0.2225228092710112 0.2224489837061936 0.22250410133647347 0.23628423145386912 0.16704050134634918 0.17952043785600758 0.19203903035227876 0.12881864814781085 0.4261349774343701 2.0906478433186892 
75 0.6233443608183988 0.2310021658207151 0.22702622832832375 0.22396059188020123 0.22317508251207463 0.22390416812257685 0.22251797496899517 0.22297890401196785 0.0011965140159186927 0.22517733615391955 0.38613147647749235 0.38591685173430035 0.3909986487806545 0.42658977754474026 0.19413017027678992 0.19206796702673912 0.24225171631977194 0.550777953272618 1.2699492257867409 
76 0.6498569096572906 0.2602032351245456 0.19691886330419894 0.12120482018941225 0.0019270658880541358 0.0010550564298561493 0.0012353450235482732 0.0018735841028163502 0.001149913136296865 0.000880320502768539 0.0003935659407592329 0.0002433202702873949 0.18820545137368372 0.1842974694659003 0.20803483819409752 0.22719429097836263 0.7527799133911464 0.4620068096205665 0.8463481430850799 
77 0.5502891372407313 0.23206529519180563 0.22895287495426242 0.22601790321216253 0.22426848034610503 0.2241494296436808 0.2225322703274779 0.2345607418021889 0.22257343136536334 0.2228789825201678 0.22289932530765522 0.3909503292002736 0.3626773035313653 0.28297286541350286 0.1910340098503196 0.2183355782073202 0.32739198783374435 0.048654201627520655 0.6724921724928434 
78 0.6737451039633631 0.3290270115707554 0.24284019289907732 0.2279990699449126 0.22489186148694973 0.22424717183277165 0.23719532654517717 0.266459424283608 0.22431565065872716 0.0020512160448573624 0.2417958668621807 0.004169695444435018 0.20815385430829791 0.38168236821613033 0.25296216616770195 0.7796065479183865 0.48742855634444227 0.6131123608036011 1.3300814223398492 
79 0.6883482355178547 0.41392361164333735 0.4099657371336829 0.22406826989974538 0.22718261714564036 0.22619081733757862 0.22517343175747495 0.2198711745717703 0.20101595616947554 0.1938889352061426 0.19394657338680732 0.0011720885606321119 0.191312452303658 0.002079263668373077 0.18964605549060454 0.2526952431012166 0.19200564895828132 0.3631340353977781 0.9576055195315496 
80 0.5380838304344149 0.3828599801033141 0.2658708008215318 0.2510834980665384 0.21924782338619475 0.2192687889275995 0.0018731984469300134 0.0029249809925364634 0.00188258635383165 0.18806360419124735 0.1875249287145484 0.009915798954444499 0.18993366661028643 0.01816067523837317 0.21041655122402014 0.2406386190226939 0.31248089872253293 0.6143064893764818 0.2854930929789603 
81 0.5039346222079302 0.41896971016290574 0.41521483100319645 0.4133532927755956 0.4129916392469395 0.19303471297573327 0.19289029891650666 0.2228913369766734 0.2229954601142068 0.22261253659858204 0.0019067298020645218 0.014061424834409753 0.007939810348534415 0.1895869198236726 0.48411025419117837 0.43356944983254153 0.28421998344512023 0.3662695407468619 1.1258424787122747 
82 0.5222179827665969 0.20205782651471593 0.19697109619347053 0.19300468461605713 0.19208672591976494 0.192084887136456 0.19188047507644268 0.0024194527378567088 0.0011131424364505538 0.0009993850370768609 0.0013534758945190628 0.002217323146642247 0.9685630849105547 0.1889196214794011 0.2604541541978671 0.3147134181505329 0.33769184006365593 0.2514878467055841 0.39170638305117 
83 0.7043913389408465 0.40835075309951874 0.4073957774652053 0.25805346237440285 0.25587990937566585 0.2542200979016298 0.21491932520176116 0.2194292308657777 0.19201179868761198 0.19189113933856738 0.19116257501998568 0.29755016104811216 0.13957803158397364 0.245974675612326 0.48137092004425686 0.2235961651857945 0.2487707657320879 0.9190374255230024 1.5988034021713893 
84 0.6199676584158231 0.2100740694903831 0.19794185640097006 0.19502695254131175 0.19387940578612772 0.1938740764508038 0.19302257561715952 0.1921291610781859 0.0008906011975795547 0.0003140136741841548 0.22244051685738175 0.22246246851957086 0.22468464418355993 0.2037087214285127 0.39234387477931465 0.8098529755737889 0.3337892071574915 0.9118997506001933 1.137773412031264 
85 0.6151954445371812 0.29698099806062306 0.21301777500129848 0.19491655993973578 0.19306343018039507 0.19299512248976702 0.19218910300637448 0.1915314611964538 0.1928725100905151 0.0009892178048109823 0.0002523129250706635 0.0008712699842829963 0.09834936936808947 0.0029669279804405146 0.28558128432846086 0.23731202143582486 0.18765545519815796 0.5538688842251074 1.513843561297624 
86 0.5697655066924756 0.19995955930199028 0.19797119922205808 0.1961446914978735 0.19433765893917276 0.19497302399472338 0.1931963376812429 0.1930771142674983 0.19218229231303408 0.19195518542176582 0.19219274515285778 0.18823625178358938 0.19504524692240244 0.36371876725909114 0.1768055442044687 0.3969589190135434 0.5370345504005078 2.5529745559281185 1.228078588441694 
87 0.6907059847527182 0.22386064738174838 0.1951067039793597 0.19301521440452074 0.19225983121292067 0.1915510770774731 0.19187730359149513 0.1914935653422365 0.1920935206904273 0.0014645413701757093 0.0009435631312506576 0.0011004664136962106 0.17237353292004354 0.26515781481630185 0.3057222119908449 0.5771284714067539 0.22102242540334127 0.5413465889722198 0.2463763488929629 
88 0.6795779540170843 0.22701730261881603 0.2250253490674523 0.22406847465126 0.22324435191452907 0.22323123255118849 0.2233053121452877 0.2233030753269738 0.0020361568623885606 0.003365176043768292 0.010032021666818158 0.010919779852001765 0.18871565064143336 0.3646796248496571 0.4100390162304126 0.6539829903088481 0.8103932137742098 0.4303559585794545 0.6345422693007778 
89 0.5033936381666959 0.23106784302910355 0.2260196967082475 0.22398302032480144 0.2233570558338447 0.2229370897919718 0.22317884830551615 0.22690044966482992 0.02090559464513797 0.004353335395125946 0.0009127290704691315 0.011171968992297998 0.19164414690517972 0.3240168919071664 0.32698430259032407 0.6997416698276884 0.23029661702744253 0.5313147966137715 0.6548081370036134 
90 0.8314074775253366 0.24212840381857315 0.1429921851507021 0.004136757303453642 0.0020558264783268054 0.0009079658160149329 0.000514556983614467 0.0004574477068626237 0.00029237313400676257 0.00020746282831551888 0.0002870619191539525 0.0003151932463512086 0.0502259675180563 0.253024454886448 0.21907031762383666 0.36702730948224027 0.3181761404520167 0.2514690787694487 0.2585176841082537 
91 0.6799730209524444 0.3336398432699832 0.01846938548160737 0.002080783139103204 0.0009903564969495626 0.0005172073754493578 0.0003678126366724044 0.0003687267788738957 0.00023021829921243686 0.01965684083522512 0.0009258947899666303 0.22249094308838213 0.25567647580868824 0.2609962205483025 0.28099752787117005 0.26542821926891147 1.2596865946342137 0.7393684630810615 1.827986216823604 
92 0.5908390551913385 0.20389241680251646 0.1982470383576691 0.19614757773441993 0.19492494069694755 0.19394279261803127 0.19392430810752193 0.19296698335996787 0.19326929693591666 0.19320021582261093 0.0029971214051105477 0.0010129881897411597 0.3467622733932121 0.19498819646383025 0.18065774933183043 0.5850672268239361 0.22498608284866717 0.39373929835656907 1.2996172810351503 
93 0.5458139770338577 0.2437165323494206 0.16664205764197604 0.004890175130274121 0.0019697100736739692 0.001975608044402666 0.0014098669181443757 0.0009934199495875706 0.0002390316777369783 0.003893668057950883 0.005215008008966793 0.19140344406950205 0.19289422643887644 0.25049982817829264 0.1964541512834186 0.3763181024246811 0.2318098857862123 1.169271926353008 0.2512111993417565 
94 0.72921700720714 0.2280537102652196 0.22502027279044623 0.22329103957211305 0.2226074976838257 0.2226452119535538 0.0001760969079165342 0.22346336546802048 0.2229619237453453 0.22256875346214788 0.19119764069385226 0.193116052441064 0.18800421431612802 0.19402172043758825 0.3439649939541298 0.4817238475217618 1.0939059315674253 0.09494548144920034 0.4598434117474619 
95 0.7308653694863523 0.2854471515834449 0.2449727494437317 0.22790908371572716 0.22492578405802544 0.25496151401298706 0.22392657007648498 0.12654329359950167 0.0010321485937210273 0.0002724174385628775 0.20225118510701057 0.20717401736839336 0.26749768594348766 1.3984791064604667 0.4209969908770155 0.4073842044722982 0.25590994969733405 2.5883526244093598 0.686153708207409 
96 0.6010051679094008 0.2729502344760346 0.2649384799062027 0.225928114665648 0.22418586329093837 0.2229523574161032 0.21431775391309982 0.0021840427110082494 0.002110501907992113 0.008155899296258928 0.004336989180365514 0.021288235153515522 0.2521377789123056 0.34798164431746037 0.38650263559231113 0.274643539865453 1.0174928682447257 0.9866333857396461 0.3526996714906532 
97 1.063717751964186 0.23049106701068323 0.2270671631761565 0.1962579264071358 0.19518476237014437 0.19438019750101043 0.19409513593542416 0.0005157812003753204 0.007122136436631177 0.008209709383889319 0.05782662890020274 0.09713392809163968 0.18715955002270412 0.19090301267496135 0.41675048813559945 0.5696618387080852 0.220785159605011 0.2872822282938199 0.890804677250683 
98 1.0181335241719434 0.3008361511121256 0.23389071196006506 0.2279996258274386 0.19797791331374914 0.0029607637694872846 0.0030374651535960417 0.0012143247954905512 0.00194831655219585 0.00088191240135993 0.0010533048347602936 0.0009230462261760053 0.0015507364263749324 0.19413016182346232 0.41516074514311807 1.2496588012883576 0.25307237241128644 0.22419513381320222 0.4861947855886515 
99 0.6795291845068645 0.2487761210965811 0.22989824648191237 0.22387207241787865 0.2210408612216075 0.22107659820046055 0.22010124119384367 0.2192339207223708 0.2191183404042878 0.21923358918114366 0.18914044888545134 0.005037139911016508 3.9378560003746883 0.0755326693184426 0.4836157593227084 0.20173200517775847 0.22202506388868692 0.6357131955395348 1.158248727476022 
100 0.5979598278892155 0.23309017586569647 0.2290301169905491 0.22601692675198026 0.22428917254732705 0.22403707067271394 0.2233584760899452 0.22318821680248968 0.22290613731287512 0.2231538057290403 0.22305159275101993 0.22097898293741958 0.02527538989418776 0.19794390375472903 0.28005593594266 0.204383885007565 0.19187653384729342 0.4500844287448702 3.0127253634508673 
101 0.6459009435538507 0.20188377327860363 0.19588742928952096 0.19342950145515925 0.19391023587152212 0.0005151283201283441 0.0009546300951843723 0.002319518959322364 0.001432056694333106 0.0019307977176230562 0.0011495395697211919 0.010218227412919445 0.41884125248023363 0.1868254541584995 0.18006269215197213 0.307052696562055 0.19862903750974747 3.618458070158813 1.3284932820309003 
102 0.33874196184496697 0.23990217999551477 0.23116535179291597 0.22799357261114972 0.22597101617741755 0.223477378989561 0.22316372211633517 0.22263451833115933 0.22804437227435592 0.22322774056428618 0.22246985080101922 0.2229547914680734 0.2144429992917436 0.4162166677139292 1.076590537306987 0.2211669561126417 0.39959885898897696 1.2498026567957474 3.4251504336502334 
103 0.7760356001616349 0.24890510592124238 0.23005289451756794 0.22302028667191842 0.2219038573649501 0.22005422570995603 0.21827772757852837 0.2179772483836231 0.18825215008607876 0.1928656782410616 0.2139118396686619 0.19418750737189927 0.1902208184631009 0.1892332113257782 0.18628851714840833 0.24903484834156187 1.604659849624829 0.38627468916198193 0.9916830519609096 
104 0.6458712149976575 0.22502894618194924 0.20108981907116652 0.19699392331165755 0.1958806837875795 0.19405356820169373 0.19168143388612502 0.0009060787285737337 0.020005416574995216 0.1893083984879278 0.18898382324923912 0.00019133136665194783 0.19622298947313976 0.2796006834920639 0.21624126210018035 0.18741900228634933 1.1304275700903201 1.8245812330317843 0.8329841176303454 
105 0.7168495143006679 0.33164243837891294 0.0058005179501261495 0.0030202949296613824 0.001957413341076686 0.0014604690490511718 0.0001569792825040217 0.0011453038489297462 0.0013589238461946263 0.001209427221240622 0.00124138747979341 0.07443024737289505 3.9739269870331384e-05 0.19027957244600024 0.1871127613079171 0.24481327475836445 0.6952101448758854 0.3017615743796984 0.32456096298046755 
106 0.5640956060870055 0.009981951640213982 0.003980317588840432 0.001984781411423331 0.001143034369624818 0.0003556815027874194 0.00020505861918396207 0.0002065062449334576 0.00018813583223997732 0.00026740241404943355 0.00035670067048054754 0.0005304095711280432 0.010977386689217106 0.19010335703198566 0.495965218937386 0.18958770921173174 0.3378534841791081 0.2145171900095748 2.4041689435856597 
107 0.6791105770743353 0.3469207747450791 0.33693040860879475 0.33111838853805264 0.3298897469306834 0.32990792615506415 0.33203824333670817 0.3360958263393006 0.13097596539612244 0.0029164547121194317 0.22415552136549666 0.21844657374544374 0.22104128652402721 0.4535608641447142 0.2690130051022408 0.2111468852680516 0.4623786684231659 0.6076912554037652 1.3571707975432679 
108 0.983144212773934 0.3259831395038084 0.23667504395982153 0.22214384822738253 0.22096572385545943 0.128874295210325 0.0014261683032135153 0.0009382375499040752 0.0009623056877126057 0.0005140061247215222 0.00019515354273202945 0.0009408963650932023 0.0009377093000371151 0.1859956395482838 0.18798778943807437 0.102523210358054 0.2306825447222085 5.557979807783493 3.182872391056084 
109 0.3987650770779654 0.22699653776699846 0.22311206123884775 0.22042626480347582 0.22016340308620497 0.21936141961725864 0.219215155326826 0.21867787101761293 0.21491499968835948 0.1893509369655988 0.18799683157721203 0.18750868237743545 0.1871167180922444 0.19288459295703841 1.6292437946617064 0.1968702872118504 0.4529752044200579 0.4805494746667176 0.24439233597665178 
110 0.7036442397314056 0.23198135829573108 0.2250367884562754 0.22095971830443006 0.2203376014042222 0.22021769170370264 0.21997068335386438 0.21951371801172703 0.2193893324112166 0.21942220951562574 0.21845809343531708 0.21759890679021887 0.22031490577430057 0.39262173527751765 0.18981614884642206 0.38832190497000996 1.4869777590588942 0.5715952434012641 0.6389810657031469 
111 0.4066947435493409 0.1999591060454704 0.1959023149902075 0.19406792519479765 0.1939044333710922 0.19294129845582098 0.19293009445102682 0.19293388830784353 0.002316276965669939 0.0004380460185140489 0.00031429258676096694 0.00028816692679578537 0.18707788115990587 0.0013951443273556574 0.22744520836045146 0.4316562406061244 0.19199513956516778 0.2510653238329772 0.35591259988892276 
112 0.5663951570032344 0.23695423843852104 0.22816078628272596 0.22496265163750184 0.22701978346119756 0.22428427876459778 0.22488134981992514 0.22260657268714645 0.22326409916852819 0.21817563784166727 0.2182375649356192 0.00016057061380458926 0.21731910101486918 0.3050750658464074 0.19239432559466918 0.19715725734788947 0.1666470619332192 0.21551189921019342 7.996235511739789 
113 0.4711651207506289 0.43190029634602944 0.42891666742972534 0.4271474568894955 0.42605303642327597 0.2528962483411179 0.25226809308293463 0.19030525751473149 0.25230947960141714 0.21615873597538537 0.21928806955324864 0.21936373390124464 0.27962795368647964 0.28189649004564754 0.1886910033567677 0.1902897678004667 0.2770558101497651 1.3837563385725966 1.3233456992226769 
114 0.6396547161067461 0.005875539706413857 0.003027516654449336 0.0028634514857242 0.00132872584667032 0.0011442897738760394 0.0011827123074352741 0.0010743274156730376 0.00044092628025804714 0.00032335686254136853 0.00029737870502866137 0.0003742035685816436 0.12166376211263219 0.00024631576155531576 0.3145687140205229 0.02147697800270998 0.34568633738609766 0.6394569581858431 0.43293993314617785 
115 0.722582551203999 0.4160173880769005 0.4129265348739952 0.4109047234346461 0.40835024597163105 0.40723572083267245 0.4074557870322222 0.32511108629528906 0.19221655898621326 0.1916381496736077 0.22252211240473918 0.2224559809065607 0.2239141730423324 1.6320322748303622 0.1913125842151595 0.47759435695723695 0.23499579918850566 3.0604085376589056 1.534100564401953 
116 0.6366493831050843 0.19700077155034212 0.1942589110686117 0.1938782371068808 0.19319381798204271 0.19328309883082162 0.19311145106901462 0.19242594519715062 0.19141141727799704 0.19123346346755277 0.001982914683903658 0.22292493088602705 0.22358369280117252 0.32174154715705705 0.5084785439167079 0.2690080711672411 0.4650196486779339 0.9753030457993821 0.9808168916430964 
117 0.8222557128329169 0.40926303141361986 0.40627241658053803 0.26634145334197923 0.2582129876127859 0.2560415824629225 0.0012365828172238302 0.0011444977935342049 0.0003998710815580342 0.22354142041427272 0.25536060500461955 0.2232407389479154 0.27514444063225607 0.18704146470635719 0.2428573827422451 0.19408034091492476 0.67920092702124 0.5721353611867095 0.4391031712372877 
118 0.6203704128273735 0.26708987674380524 0.2643099539066587 0.2628848349997621 0.2620989207436095 0.2610306807888392 0.25987242683376066 0.2231045571938819 0.22313480415901177 0.00025608763045603666 0.18990734830832068 0.1871949921633569 0.0009879040469686906 0.00027250972433146003 0.19221392299444684 0.25401716095148874 0.30182726217836797 0.22231223762623786 0.6670575526790934 
119 0.5672978673924041 0.23323597838999 0.2299002176880829 0.2269656476230164 0.22600312455958615 0.224188053117248 0.22407131723139218 0.22338282370866103 0.22789648848563426 0.2232026192622245 0.22328326334218618 0.22319949667050998 0.23511492144514 0.22340563319669582 0.22495256795818142 0.20706760440779526 0.2243721048259404 0.1541195618442135 0.5600820565571196 
120 0.658024408850145 0.20191759094408201 0.1941022397541341 0.19230490886988538 0.1919900124294489 0.19194090400483943 0.19148839875697643 0.19137070594341665 0.19130640385480002 0.19124568668921382 0.0002319122038523247 0.00012616434780166053 3.503655017578211e-05 0.0013099048359686005 0.15167096898366506 0.19114449822478496 0.3886597986840552 0.10147001459802363 0.8656691420932698 
121 0.5878485748583362 0.3640186778752572 0.2632854809585672 0.22803773319388543 0.22591987227799692 0.22588296944516317 0.23386023038934534 0.2619062751730816 0.8951892357169315 0.9545017140729061 0.19325126934435755 0.013875411573528229 0.06555094194259303 0.33464853111567305 0.5492085432300036 0.1885241871308576 0.07900996630283541 0.6202095282751983 0.8442419942561761 
122 0.6775943446954138 0.10297819703568667 0.005070070538650384 0.0022259878108354947 0.002266593562350483 0.0028778535697140395 0.0029514918958823966 0.001238127744721762 0.0013463911830271513 0.0005812640077726972 0.0009076394459481829 0.18801836055478605 0.0037817137898397135 0.18997678638539606 0.7491208275286769 0.41643379507048905 0.24956784329560344 0.4817832274059639 1.3557405044036428 
123 0.549298394850273 0.19912376436116386 0.19596759146595155 0.19315884213840295 0.1921824221118409 0.19194067913722956 0.1921568605878301 0.19154334527568828 0.191484509687174 0.1919856583838535 0.19146444452360378 0.1914544956794999 0.3237935392851279 0.19280502034833824 0.23256192541291587 0.19477940839395558 0.22004672840096373 0.23535690011517385 0.41424859409079406 
124 0.8065448925133014 0.26908903823667263 0.26611444516940685 0.2631612131082015 0.2581907142719526 0.22494538283809762 0.23196895834147213 0.2560545790125135 0.001060476513641273 0.0039979289635252435 0.0015276327599913486 0.0010603976112391056 0.0023837710755552077 0.22918121909646372 0.217248588358939 0.19295254717252197 0.3039643917213011 1.2538000097426674 0.19752742665022294 
125 0.4167179645479999 0.23990076182475173 0.2280626998499533 0.22428349934263858 0.22338503580194802 0.2232320962586516 0.2650952942130349 0.2240383620290327 0.22314757987494427 0.2230270715909175 0.22347442915246818 0.22852047531326658 0.3076951756109185 0.4081410055339989 0.27115786220596094 0.24878664726540278 0.24504638628742859 0.9849265590316556 0.6147782540575368 
126 0.5075390915408167 0.34409201910144094 0.3399277848407618 0.33424098461678353 0.33311622166652843 0.33012492954349715 0.3293505108526291 0.22402888154677636 0.0004892382448582477 0.0002119185327609241 0.002122233197413337 0.0023198813224847292 0.009941548080742768 0.2307801570646506 0.5179473733071969 0.19397102109015618 0.4864806496691121 0.1953773656259279 0.32137136956129697 
127 0.4943281305697933 0.33419482271902456 0.2018303207261123 0.1909619988727218 0.18905583414761495 0.18821958242243753 0.1875987311043814 0.18802456761259778 0.1879336615823224 0.18731322637765024 0.18727493647574867 0.1935779922168257 0.18831285044147972 0.19843102253994105 0.43767566561776494 0.13113980167007844 0.5859985184425229 1.139694549175661 0.23101618607887975 
128 0.39074994586780143 0.19697317452321417 0.1941573474012277 0.19308632899836287 0.19247575083131174 0.1924927182739753 0.1924945757404568 0.19250249182118595 0.1923986595286027 0.19193093021991925 0.1969746212894492 0.191302429596109 0.22305814916662303 0.2572485012309911 0.4102115492328595 0.4220936446529704 0.2534188125028709 4.068024352739533 6.097911664976007 
129 0.5602675075847983 0.23688891700008652 0.22898712347871886 0.22595812160565454 0.001448786645253275 0.0005253908234332805 0.00036727273527326076 0.0004303071131268599 0.00033703202473134297 0.0008752206544830887 0.0003786805523127157 0.0002680344222418807 0.18976428300065828 0.1867615760317496 0.5807627646662123 0.4752272281480434 0.18718368090443072 0.23133670702578946 1.4440670722874693 
130 0.6600754993935642 0.03621986035319491 0.01400645641310394 0.006868218155762662 0.005913929394241846 0.19117514165781158 0.22117368121943914 0.2221375466192146 0.19021569942571204 0.0029097065237995157 0.1895648695845249 0.0028902798335173063 0.19193404262390423 0.19106793859041438 0.3610283507138208 0.32114080426588565 0.3787441565538665 0.7645407011193073 0.25207371176564664 
131 0.6608206463683985 0.39232825038781516 0.2792124005319474 0.25187824610092124 0.21236819068757762 0.2029042500752456 0.1979966172817067 0.21990946473724104 0.22243326666296026 0.33251326958865657 0.22241464809544387 0.006141565157131046 0.34806028043154913 0.38214744419672253 0.19208603471018915 0.19500378104399463 0.1877512931730414 0.7163732834929073 0.4078662667873445 
132 0.583267946728314 0.2020729775877701 0.19790547538837355 0.1931011115778445 0.19299907254336746 0.1921151378943422 0.19204139798299424 0.1914284058447122 0.003234626111124239 0.001984189919215229 0.0004764655246598526 0.0011253552192702632 0.013472284064749651 0.18887943201431945 0.30365138833883965 0.21371265349446067 0.22241264570709807 0.2528720011602008 1.5428092072928672 
133 0.6202684201024482 0.2688682038144041 0.263326616261788 0.2610247964120431 0.25906577341025994 0.25899729521207604 0.2574786372827016 0.2572851942943024 0.256439119790175 0.2556184413035234 0.7619816784956446 0.0003163501424534587 0.02887355724976537 0.2242828062174984 0.4835167105944935 0.2710563253214673 0.554451804499426 0.7420437300312177 1.5671126661641677 
134 0.5217365189023699 0.16225255936590477 0.0049532999917376586 0.0010994241010908734 0.000970219886911039 0.00041574248389930624 0.0001844271575923706 0.00025229546670590963 0.00020254171431455248 0.000356325106364519 0.00024282463287361722 0.010758158559750708 0.2286416700446836 0.2224789093791577 0.33421264460830935 0.20091018136388006 0.3798796263380819 0.24175151028536246 0.23886191352174602 
135 0.7292247156867575 0.23779329932874949 0.20995734410502687 0.20695970132743113 0.20593706016967106 0.2172278393138709 0.22304574700237656 0.2232108478442698 0.0019801238443710734 0.0022994572127224 0.007133778463791485 0.0053165172664488836 0.21865032668357598 0.20203920170289225 0.22583551492854292 0.2198025186170427 1.5821370879114471 0.26507928621387133 1.0365894475064987 
136 0.5153658384647184 0.4079440123898328 0.3033369580386318 0.22625072704767635 0.22521790958574206 0.22412948224662865 0.22700842195772597 0.281573816768818 0.0013760795114510227 0.0010363814112726022 0.25395805508533953 0.2522849997852561 0.2530988051668077 0.25197313659543163 0.2521306428733232 0.19504722233652982 0.12176155846181858 0.9896468577911397 0.6888087448862756 
137 0.43502969343166886 0.3339206097700518 0.2662181329111113 0.2561141488393286 0.2550530416310728 0.2539347250174311 0.25308696546808984 0.2532514314581156 0.25293974110459216 0.2530991815510679 0.2532721827570661 0.2683586128765638 0.25209131451778233 0.2270773981340295 0.18775521652259153 0.22463974758561456 0.9095283066332012 0.4013589046701769 1.8714024618176153 
138 0.5669221837213316 0.25222884225546927 0.19912212300582133 0.19603548847360086 0.19387570330397508 0.19247121391287703 0.19234172546104378 0.192492387996122 0.1893935872786512 0.19001151388835646 0.18808621995881003 5.5809876215562326e-05 0.014073419276937615 0.19623905939436193 0.7054824357975791 0.2595806411666175 0.7751907524165333 0.26171591040329223 0.9276887727465812 
139 0.5875439921635512 0.1914761203777 0.02389425593707939 0.0021401022997356023 0.002053302234433785 0.0008912040955710854 0.001075335627228835 0.0002961996716923654 0.00031614104190036407 0.00018974759387324625 0.000289715389903078 0.22250342391756672 0.1820990295120528 0.4424930521088062 0.2730795547851894 0.2051544362860762 0.35809643496753507 0.7428984567311445 0.5284237574612116 
140 0.4698362824935778 0.19603802274229776 0.19392156368829183 0.19295321663292797 0.19165532044432254 0.19158754442363612 0.19203245543864722 0.19303283139970717 0.1913261490282574 0.1912594385484725 0.19127514232002163 0.19139302816618087 0.20029350698283288 0.3186156245943479 0.1932193579390018 0.19547476832105737 0.5028383353514765 0.2750616466709508 2.0839394847151476 
141 0.7925751879511209 0.12183395234989502 0.005102908439222675 0.0019516222565201247 0.0013268362258469502 0.000998436348133458 0.0004270157286601073 0.0003105419866566983 0.00028257988654978305 0.0003784771768484685 0.00023601426427632965 0.00017642868729916827 0.2566784663813102 0.26726725796247375 0.46440368444741176 0.18889329728592585 0.10325883392607493 1.197294435068328 0.6432234355397681 
142 0.7792068430285539 0.04454227426659507 0.006979850651619435 0.003985729850731534 0.0038750825196978145 0.0023218881951212467 0.0021211191629189052 0.0012743021895578188 0.001893130751993377 0.0014094316787940375 0.0012620452371996382 0.012004941398504387 0.1204474963707487 0.20063772417264225 0.18950195547099047 0.32425737107796504 0.25610573474917686 0.30902640347659016 0.9108849127350841 
143 0.666045907271136 0.2826117316661654 0.009479451915189951 0.004031337341161567 0.0020518347087501443 0.00041581030315107625 0.0003596973628525735 0.0009195521362579395 0.003142697685845519 0.0020585787908875552 0.0010878558630893487 0.029275879780675806 0.2387117061849724 0.18715745949385076 0.17978307723939024 0.23980323093268985 0.2895155466876693 0.6655878769465822 1.1905353637930394 
144 0.2958588984172734 0.22695198266540983 0.22433656529430057 0.22325488504630853 0.23702750019734942 0.22295617535068502 0.2228715281305993 0.22334001781817348 0.00030458090230256474 6.229731387108473e-05 0.19292330563809412 0.013870696537042537 0.3792890023194784 0.26300071622744103 0.25832003971907147 0.19211715219392844 1.1944320420571204 0.48575964322350185 0.3560810670630523 
145 0.8136743751245588 0.2474696976631432 0.0876707362772482 0.0040263535408380235 0.0013576512238753224 0.002100868770156694 0.004076973690855024 0.22260492373547147 0.22409408431100886 0.22323213443051992 0.22260744016064926 0.0003453654555012342 0.21594109094787584 0.08757922009070729 0.20361297436950876 0.38993537400010103 0.25299751479886745 0.3814368055292343 0.2891262045048042 
146 0.8257455874723962 0.1962788165291003 0.19408028515901132 0.1923607857646683 0.1919779856779904 0.19134159945006002 0.22255126138948178 0.22248052902865534 0.22257727482091116 0.0013989725637753025 0.0020801613524616958 0.1072843839870159 0.17491750143338036 0.19267702140880694 0.4028915201539025 0.2309936072514842 0.3190679382831989 0.19144679026067002 0.5212542693281168 
147 0.45256519623281544 0.4019705907774549 0.23006334969063968 0.1930411942695902 0.19197510970088638 0.19187833146522837 0.1920893505848933 0.1912687803990225 0.19195388366627042 0.004053795496121504 0.0002856883446122893 0.001173617290129103 0.16367505837353713 0.24022850550698682 0.161701873309531 0.3759503430058506 0.5358680146581938 0.644284988498566 1.8755881050194507 
148 0.6773354280504544 0.19653400187743775 0.01736186113154292 0.002060683554879983 0.0019279607376245789 0.0011045155892970282 0.00043299676998787007 0.0003407144728873046 0.0002802978204483608 0.0004127239212150524 0.00024834093629255705 0.00025444520734341225 0.010209313826401223 0.19212682478318643 0.24325197129746812 1.824461289704577 1.376857328940114 3.5418913545206645 1.114866667538635 
149 0.511149225429935 0.3834459124472991 0.22907937213622098 0.004368448611610232 0.001381350801398895 0.0010731496078766334 0.001089184972339119 0.0020096948070327247 0.19194341258700787 0.19191811860479047 0.2351455218203855 0.2660744020344541 0.18971965182877804 0.2215205077271818 0.19708231718747404 0.22116086369254329 0.23883640723663513 0.2388495764773375 0.2951848789715863 
150 0.7424082765821378 0.3199004305993085 0.2466766520821182 0.22523296874074816 0.24125995531931843 0.2251384306445794 0.38223428138056836 0.12536314944104543 0.00031073463060060647 0.00035947969953431524 0.0011938590612869948 0.01694946696455002 0.243388310524131 0.25317858496035206 0.051610720585689274 0.23007406181614187 0.35908992338360024 0.5053431002618878 1.2185252790130896 
151 0.5260809131241901 0.24189462550788443 0.23296900801189713 0.22606735005664724 0.22420928476584745 0.22330997408230746 0.22301598299559666 0.0004390999242325222 0.0004238509117733269 0.00021486607412701808 0.00017924580789441258 0.0003600778673686911 0.001960839783204049 0.19131725508913555 0.19130166030696372 0.18943142970917415 0.23494536778950104 0.8368560742569409 0.46469552912724965 
152 0.6020699791437034 0.23096739871318195 0.2259935417056953 0.2241424248247168 0.223963580105081 0.22411039487866669 0.2229638634443516 0.22250383314514055 0.0003244216525042365 0.0022952948283170294 0.011992251742328985 0.013996194381549865 0.22666256032611498 0.25288934551055653 5.170634786996388 0.21121101500580686 0.27210255530339356 0.4026930267502513 3.4340186590598414 
153 0.456228841188675 0.24125152072919476 0.22806494210538486 0.22313338139471517 0.2211813653528958 0.22094329171469274 0.22000749390857832 0.2199731788703867 0.21987277857684706 0.21936872860729362 0.21519583262276076 0.2542990107711025 0.19533353408603404 0.3512093258872391 0.19229130563002328 0.24302719665484762 0.21638763155180185 1.3809763110670836 2.0115392038112296 
154 0.6489349305628913 0.2370204879419502 0.2301019006153735 0.22628532487305497 0.2250025569746381 0.22441364624792715 0.22591082594887246 0.22506089321933231 0.22419501806589182 0.22429713109868343 0.21833927870568703 0.21927623944844532 0.1782232280196303 0.2531991425374478 0.2893955926370577 0.3123166134906332 0.27333913898845297 0.5072726269652463 1.1017107644588 
155 0.5647775768499865 0.057073192471614353 0.010927918713802498 0.007011276561986524 0.005132871212407686 0.004934611851113546 0.0005946722166594309 0.1921797726983423 0.1912465361341129 0.19118124993381858 0.19121099925904494 0.19105931259801912 0.19597281900791086 0.1884300916189694 0.2677237123938845 0.1920827799842606 0.25206339990078863 0.2549305262373922 0.4654064766000623 
156 0.6043407246339323 0.2318609861233183 0.19596882555933215 0.19407832082241616 0.19298999789629834 0.19314558224583322 0.19245465527958805 0.1923005968163085 0.19210460708165522 0.19132683708104925 0.19133417252766138 0.19120273053838943 0.4221498842664613 0.4421597543276563 0.3648661261805328 0.2144202780086426 0.3176021700259499 0.26074983668071683 1.353919409070591 
157 0.4760329811245618 0.29381159768357024 0.19978350061400785 0.1910696808920982 0.18929376657733354 0.1889764173214834 0.18810520260640162 0.18750669273049225 0.18741160029189996 0.18727171772433104 0.18728981815470647 0.18717222024003277 0.2334138220569124 0.19214573262897994 0.1905967891992133 0.24436775033986424 0.4609421668259406 0.4377816265434564 0.2662553143921633 
158 0.665440947527199 0.30213863488218884 0.29993536631473283 0.3009479823946406 0.19249216652821266 0.19394200489647884 0.1939722341640897 0.19492676779005325 0.19410268460294788 0.19342281940784822 0.19530142118030147 0.00018797609363829793 0.0032012136810335434 0.19470063993425724 0.16927746860304893 0.2816077081348698 0.2722827190814139 0.26245292580380286 0.8283663156490135 
159 0.49557902281426003 0.2623153370739324 0.19866731436972906 0.19295258811026672 0.19008439327203908 0.18989320906423313 0.0030345836058640607 0.0024356042124937805 0.000966767756085618 0.1893813210970572 0.19119190160447608 0.1903749557027974 0.19130531191363542 0.25385863424714405 0.18822080224384163 0.28228654670026665 0.25939466603621786 0.3810360031093025 0.43838188362843633 
160 0.8187995116477735 0.2617935428093783 0.22342633207840445 0.19388483129652334 0.18905225199707565 0.18896141020727275 0.18819754029949576 0.0021213616237170108 0.0009977095734889918 0.0010636438514268765 0.0002917745064761057 0.223532740833281 0.0020502584084700626 0.19587984111064016 0.24742197779053932 0.21267205403925948 0.35825513748364757 0.3470488376112091 1.6077338749299424 
161 0.34745129766516136 0.20602100266876788 0.19893322932040203 0.1951234995112432 0.1940166105962251 0.19393888417781024 0.19417025224803508 0.1929663464938809 0.19211273998228506 0.1920944636030919 0.19305111666399077 0.1930662854906966 0.19481054478920745 0.25693405404704284 0.21924011650199327 0.12988340764019402 0.3476511751384386 0.3391481771493836 3.1709802117144297 
162 0.3432399076838144 0.25810550351196704 0.2571883450113521 0.2563087007998366 0.274131996124209 0.25930362968055154 0.2561745518356491 0.3340343721900991 0.4648645851606734 0.4793299693534607 0.00014373421290336807 0.00031127796339669445 0.22568931382230906 0.1810234974186704 0.19389335794060814 0.3551703948175444 0.2808404810833327 0.06723445326690514 0.2549381870454186 
163 0.7051342808171561 0.2680333631776546 0.2610513001223438 0.2581910122446045 0.2564464163434006 0.256356659673894 0.2562788457010978 0.00025104178132373534 0.0011586680413291361 0.0011531854913466866 8.358771031624634e-05 2.4191696577524624e-05 0.035627382632841265 0.11273237728050023 0.19553563017086262 0.21363075487088357 0.23090979562654668 0.22542474587737482 1.7474885864800738 
164 0.3751152235876498 0.22137154816517368 0.19499142808331382 0.19009937836194424 0.18919474449820672 0.18895032400979095 0.1879263744776405 0.1875247187195237 0.18754642447573122 0.188102702332819 0.18769066406588775 0.18761797134057323 0.19086559841039352 0.392544969703676 0.22051002400837327 0.1713945739178726 0.2555957536811666 0.9873268327615455 0.3256239292958276 
165 0.5032053796378031 0.4301630151416682 0.4270475383280605 0.25411852669676827 0.4283523071834525 0.18925469051906352 0.19115025264756946 0.4292622331871496 0.18729063752448583 0.22355056469385515 0.08009509479691723 0.18755151317574148 0.18981238092796238 0.1880603897804516 0.2960296560875151 0.26458775707248905 0.2539321635089724 0.5756095959284744 0.3084480915870278 
166 0.430769675481943 0.23503386904625345 0.22990935027168313 0.22486884790378614 0.2239867935457418 0.2233124497977852 0.2231983467559071 0.22302252170869585 0.22291378312683063 0.22256733333232193 0.2243625643830387 0.18888873261567896 0.18994831093966158 0.20542727193350507 0.1966249493014438 0.19131957984655568 1.392710016386284 1.6165570033125625 1.3005912726833908 
167 0.5509375011579736 0.26990470632200747 0.26197448137389867 0.25803940478417386 0.25722772041244957 0.25640238998243303 0.2563224348296249 0.25607132445197633 0.25691879433926124 0.2560958103055262 0.25895408834330325 0.0004192246150462875 0.19238186335415586 0.2211200358463712 0.06474791982990413 0.2513362514979107 0.32058861100422775 0.6429020552323748 1.3047652357131523 
168 0.6310769690150946 0.264873897629895 0.26314861248199173 0.26099927093124164 0.2601441772338149 0.25925500762439624 0.258115598682632 0.2224322467743609 0.222426829082504 0.22240449613619306 0.22240755734401518 0.222501269205569 0.4506234414411683 0.1920476257560919 0.3230838092055859 0.32213045573772026 0.2974169908855786 0.867643553990231 0.4834873031413234 
169 0.6369285668330955 0.3310772597442875 0.31786761334497293 0.19649646942200083 0.19333948572256876 0.1948899205808563 0.1950344939850115 0.1913920902254025 0.19135271035681933 0.1912807722062777 0.0012059357542582028 0.0050447304646481506 0.15259311847723134 0.3480027468358595 0.18993502835840959 0.18710724070252693 0.6882483381484965 0.8759891506152402 0.7851454413289041 
170 0.38099417779658307 0.20200294316222633 0.19526693046501875 0.1931810054476506 0.19252312710930197 0.19304476996825937 0.19228824138019096 0.1923719969548543 0.19226329920226237 0.19216259366167088 0.19198550449963347 0.19249386152985104 0.1963927898664135 0.19393144538204377 0.22501168152619289 0.25243460459056655 0.2668908265149781 0.7315003344521493 1.708059748231147 
171 0.8126357849664791 0.3962391854413603 0.001352456510721689 0.0003763517558872387 0.2570713376201652 0.2571642235506848 0.25698727028418955 0.2564513393787111 0.25645416306357816 0.2564134209561504 0.2564690833795833 0.25614387404707606 0.25617561823697654 0.2847043819596975 0.3657183277252176 0.20637610052839395 0.3594900667163705 0.8100762359730562 0.2508979519237988 
172 0.39608997102347376 0.047026563687475154 0.005086351344113504 0.002040226712300086 0.0010533806298334003 0.0005432765661010919 0.0003876118350369939 0.0002784188744873184 0.00031819401649757495 0.00024715220932614024 0.00025159416970566006 0.00011925889097752496 0.0033631899956210187 0.2640610993245023 0.24345519417133588 0.35446613803367133 0.18715532342277408 0.36827191864806297 1.433662670279193 
173 0.4172686085440127 0.2768907251724235 0.26697139598000375 0.2601977746817006 0.2590372583545162 0.25914203733765406 0.25808235435004434 0.25795414669366656 0.25703864523505504 0.25888217972361693 0.2558921973648871 0.2560910047474474 0.45294638671182463 0.24273174533777286 0.4840714255655416 0.8041646931067574 0.3494858971352328 1.1121664508572038 0.4935748685350021 
174 0.5387144448151286 0.29271355169595203 0.20672984927135896 0.0029459660404260735 0.0018895132888672173 0.0009244246762807329 0.00037036675733048696 0.0003007797933973766 0.000327938737972433 0.18741721834914693 0.1873703037902923 0.0001328979123991214 0.00588964530985181 0.1922505156969596 0.1898518094794459 0.46599980935578067 0.7491892151555317 0.5460453163647994 0.8147242355296103 
175 0.7583266059421025 0.23790000714921988 0.23003299763591567 0.22508849556305455 0.22413502010102282 0.2240204137107824 0.2241257626103259 0.22261324894486312 0.22295765226689102 0.22287256082536433 0.22246480749116726 0.22249616041456122 0.258770915750993 0.19078663092761872 0.8147782218667547 0.19624898774864508 0.5133999202151234 3.0122803031252574 0.6243829462370616 
176 0.3520834753750237 0.2272296917017389 0.22594094604663617 0.22334103902727498 0.22326425190798171 0.2228805683165851 0.2229905886876664 0.22326931015177887 0.22491295651728072 0.22506950044636098 0.2249984262602498 0.22345304302176805 0.22345617386132655 0.26299791984183996 0.1772436786614191 0.204895988092886 0.6779513552355401 1.3874098849277723 0.5906923881137001 
177 0.595104710147456 0.22935018676017904 0.19591860897563618 0.19000482913006378 0.18994097696792078 0.0011904213469107194 0.001244089816968108 0.19131057663184103 0.19128589621106928 0.0020345514501809436 0.0010892929525634365 0.0015780285863415955 0.00026744894340202663 0.20025519303640982 0.3178144617119414 0.37929076212805257 0.21018516328485193 4.201532498951715 0.29243401509029043 
178 0.4638523332754523 0.23501094367785158 0.22791025540550214 0.2219322228532119 0.22116754530527705 0.21995687355259674 0.22016766629485063 0.21923476623967342 0.0009095728120462887 0.001049130193855552 0.001094867908635111 0.007065634375246432 0.12177329446564245 0.18869530893512865 0.4754211367255212 0.25835370871482466 0.4763530553868094 0.23367775519934963 0.5681488230753806 
179 0.7704056769197793 0.25900974325601256 0.2579749622801881 0.2572587195738152 0.2571600206919933 0.2570083586509806 0.22491935305148036 0.22601613787152552 0.22326757136833542 4.411856702501993e-05 0.21841419682553997 0.0012708973078727759 0.1906276000745164 0.08742931724567748 0.44616404752839456 0.21087471089582288 0.7831779232423706 0.46266496962563175 1.3496967508375093 
180 0.31975811717702807 0.19989169746108137 0.1941453059108229 0.19286334627574275 0.19195612302038678 0.1915515437095039 0.19151381647495458 0.1915946852441801 0.19162141242110375 0.19168585210743272 0.19207075514197958 0.1919235874356422 0.191851270100045 0.3437431793517225 0.4602107051536717 0.19461757466834917 0.5958298779534161 1.4922647085329312 0.3583175041128517 
181 0.24687734077185852 0.012898695199282217 0.005897583087861591 0.0030121249344077228 0.002061023563905806 0.001102438159463759 0.005877925422491881 0.002245380680319986 0.0020156885214199782 0.0012285232501165755 0.0005047894722396418 0.0003780325605320378 0.002345993317069084 0.08688988622622218 0.18512024235823077 0.29296950533914123 0.24893046146886544 0.2589841423643626 0.6693696944131011 
182 0.6099872528419856 0.2709663469462973 0.25912245281907076 0.2561285240158355 0.255885884654556 0.25500934618145377 0.2560774024360577 0.18849807337498325 0.1872982553907545 0.18723153117835722 0.18790389844283473 0.2654189428634779 0.0010417922654728518 0.2626571865494485 0.2946759008909008 0.5929622089280246 0.2527107836921838 0.9953083239509211 0.5164938212753378 
183 0.4169394460493274 0.22928376005980744 0.22703810878096897 0.22488729220874815 0.22353448218736172 0.22397321973390638 0.22326989940788367 0.22307437280308706 0.22515961624226888 0.2225578231663483 0.22250107822865695 0.22249573910497533 0.3235132095820983 0.5080988438530938 0.2047677231404652 0.38097732392654793 0.28816942295054493 0.33422974864646005 1.3969778385573601 
184 0.5916112141935586 0.014951001991136303 0.009134380716533608 0.005920972187521745 0.004037951268246909 0.004033188101791874 0.0032083203986970066 0.002424361293888788 0.002276201983761883 0.002173874069364201 0.0019208298721784534 0.0012846587360184625 0.0013886103339477707 0.29735124804369795 0.23047542408470867 0.22374095613950096 0.23224055413200673 0.5975739601370853 1.0277982906010927 
185 0.6195037366728535 0.28169319023132444 0.22786823788171295 0.22106851719305753 0.2161818918553149 0.19395628816991928 0.19122971514488185 0.19113122470675803 0.19101290878037513 0.19394631677595342 0.18901041679135488 0.18906874398739126 0.21934239787035414 0.4303039840682752 0.19209591429160766 0.19637307080940758 0.4938941895127802 0.24366789550667556 1.1835159426347641 
186 0.5765640529677127 0.28454823009976216 0.2150904022482072 0.2049426345518477 0.0021825226370004724 0.0019642117621470057 0.0019026716024728163 0.002053036717550638 0.0021440982033378297 0.00014996165995806443 0.00015725720596937443 2.4022343550367253e-05 2.669141903544059e-05 0.25802356290408235 0.16894491356272257 0.2519278956481721 0.29628851304180936 0.32481667034918593 0.5313290247232993 
187 0.46894446553602465 0.4263691282802129 0.42513112087230676 0.4240311377540622 0.19195158079526808 0.19029367407098197 0.4302148629898108 0.0029126313037943774 0.002153718745214306 0.0018971891377512762 0.0008946818121817746 0.0009172628964579932 0.22117096302201444 0.33669239128335926 0.3201112342628174 0.38768366741630156 0.3011000320252557 0.29865552677191864 0.5360184843998026 
188 0.4088290148883089 0.30486626241683434 0.27498887618305234 0.26297661353564483 0.2599439858181165 0.2573593074532434 0.25806348722701 0.2559727876882105 0.2549206196016791 0.0004932569794955377 0.003160913472556093 0.001541389190678144 0.22663943133920017 7.80355178786607e-05 0.26460059724485907 0.27335822808242805 0.7249757222589497 1.0821579726897839 0.5470145926505561 
189 0.8256862810983707 0.43592879522963823 0.43514100102123354 0.19332928345737876 0.1924585214635075 0.19303669252379385 0.19228869815400862 0.1922400213911588 0.19222945777088318 0.1921860815994305 0.19216851500731846 0.19138955639461352 0.04440698779743779 0.0008347130532100344 0.6413727667086475 0.27482092751912157 0.23035998368846933 0.619090687245849 1.0574987020406357 
190 0.33635192708653494 0.24687229395708266 0.23703601348949555 0.23114798371526435 0.22899794256204453 0.22797896413259822 0.2310424695861939 0.2232569004113516 0.22297678774019292 0.22350795877644858 0.22349226494503993 0.22391259338812297 0.17758363698546464 0.017163133431768562 0.5504077664660592 0.28349447626087065 0.38858649196016604 0.47999425498170956 0.286771277784551 
191 0.9457015612760681 0.35683041009082306 0.23510289281867758 0.4220918662130675 0.18890464381964533 0.25705837121548547 0.2563117534442567 0.18756149189824178 0.0004307860948213893 0.0009092306265956474 0.00042877126425255874 0.2070560587901975 0.19244521810939497 0.20181796574671274 0.20052100372250714 0.27019799910620357 0.19138007852630934 0.25125432762757516 0.2873017138213634 
192 0.5809863974969527 0.2996032490300049 0.20660235438264318 0.018463711110373815 0.003024163712119776 0.0013777161746582056 0.0011078491976534988 0.0005150634025767875 0.19290084656761963 0.19235674431707372 0.19234037475094645 0.1916164646818499 0.24175091440607654 0.4825678353964671 0.27295688824299935 0.19213261260384207 0.19503592537959102 0.19359540564654942 2.604925668960922 
193 0.568209968631598 0.2635937879205188 0.19516090223629834 0.1929938504230504 0.19220171029508593 0.19320047216840464 0.19509565784316663 0.19509515517353826 0.19498047565155585 0.1951490057294789 0.23784374006283238 0.19136295784113755 0.3746246179596411 0.20120020840112085 0.39748430099672527 1.921671611461923 0.1952650149622397 0.4236426115044718 1.3953347844204576 
194 0.6394726428428634 0.14198575808523928 0.01598795498864436 0.003160378958180221 0.0028856295381451957 0.0012212252294223624 0.0005152290086449796 0.00033784403463021917 0.0005597119942934992 0.22356832886885702 0.22128548719883323 0.2249617912945634 0.1921781449780795 0.48774731454470666 0.18947372529115447 0.19091948924863167 0.2793993471078251 0.3973597998840346 0.35186063139806145 
195 0.3575673275145068 0.23301835372589652 0.22700147099636991 0.2248701138601097 0.22414208584881168 0.2233579694189476 0.2233194394176008 0.2232062923477771 0.22294555878330047 0.22310414441155468 0.22300924307614722 0.22249977062350168 0.0011324627896109885 0.3970298925704019 0.3201528632998205 0.2685645488669033 0.5804972298104751 0.757393744643293 0.43384099166466417 
196 0.44690928635894345 0.22812283683623158 0.2249411431063908 0.22336713139723186 0.22301809900321934 0.22259935097175254 0.22255287050322914 0.2225287184105178 0.22249133239076802 0.2225627108203232 0.22295757659978377 0.22250618409226441 0.07364612691570671 0.1933325245860642 0.4520541390947912 0.37913570783102 0.5694741261299856 1.2816327170418873 0.2463394392370868 
197 0.5516691727826093 0.27954486576425874 0.2258888008099793 0.22188413473207236 0.09089943274114054 0.004068110969350114 0.0038782463819273527 0.003222769826060956 0.0010030005086549831 0.002115709161540469 0.0011625512874817723 0.005604458500711118 0.15509823207924223 0.23854017416747753 0.315859028245125 0.25080021285152854 0.2304944382932197 0.22793385754157813 0.50221312630316 
198 0.6776432523309563 0.23207843769040437 0.22793555078175665 0.22496781900782237 0.22341845662479298 0.2231808363652592 0.2225829723666335 0.2224706423771865 0.2225605210181616 0.22326047142093852 0.22311480375706316 0.22326850299345113 0.23369092665109692 0.2556854927255985 0.12499065154382794 0.7220466322266186 0.245983605403425 1.5430160193546936 0.29232374277979467 
199 0.5715278192400244 0.382768417867523 0.20075471696737934 0.19235584269527384 0.40810607035491286 0.22789724537479783 0.0012032573199809438 0.0031076042606226206 0.0031110518325792036 0.0016544440144889982 0.028338644927139667 0.014934245759269826 0.0008863613106595558 0.18445237469315412 0.4191674676510482 0.8623113482623732 0.4452023718192337 2.937601887215921 0.4390514721883023 
