0 [ 0.5415367   1.5339675   0.28782866 -1.00900314  1.93390275  2.64294147] [ 3.10990804 -0.40144307  1.45812253  1.73970073 -6.00712392  0.02346048] 
1 [1.28627126 0.3696312  0.50396928 0.68611454 1.59411325 0.80684306] [-3.34687314 -1.26269131 -0.13053985  0.17116939  0.73269648  1.23393553] 
2 [ 1.18049809 -0.85546495 -1.62088359 -1.08135924  0.22587131  0.57097675] [ 1.24800735 -0.03701729 -0.24354489  0.96378337  0.14076313  0.23690046] 
3 [0.96865949 1.44653937 1.00240056 0.52457446 1.52254413 0.44563544] [ 0.74192568  1.07970771  1.86087569  1.24973425 -0.46623968  1.0394942 ] 
4 [-0.79215523  1.76404868 -0.93967932 -0.86662094  3.39991919  0.44169696] [ 2.20056758 -8.83043667 -2.59354849 -3.46060372 -1.49356223  4.047721  ] 
5 [3.62029917 1.15017757 0.95200099 2.18299671 2.74758868 0.33273643] [-3.26052617  2.55424315  0.02342985 -1.5540777   2.78906272 -2.51879298] 
6 [-0.25077942  2.92069389  2.45319675 -1.33640097  0.50870723  0.686187  ] [ 0.55507007 -0.24819912  4.53068573  5.13038431 -0.07368892 -0.15185969] 
7 [ 3.04571628  0.75946564 -0.78376456  0.93467738  0.72783301  1.94223366] [-2.53647635 -4.28425272 -2.07752214 -0.89437735  3.99677249  1.33148067] 
8 [-1.11482687  0.41056745  0.67003306  0.60467718  1.14390914  1.11005598] [ 0.87324279 -0.48490515 -0.98938683 -0.96978645  0.91836476  1.89098983] 
9 [-0.98151777 -0.62527344  1.28815734 -0.52982212 -1.04878971  0.5021225 ] [ 4.05386747  1.55148284  1.65758145 -0.88262422  0.63560543  1.7681203 ] 
10 [0.91170673 1.10760368 0.22508448 0.33789625 0.25516796 0.47646449] [1.30248468 0.43294967 0.49624742 0.03021768 0.20905829 0.18521864] 
11 [ 0.79414241  0.7288519   0.34789625 -0.46478002  0.72522019  0.35845565] [ 2.25033189 -1.02955529  0.14538344  2.06858434  1.79681092 -1.21191791] 
12 [ 0.95082576  0.69242891  0.08871919  0.84449207 -0.19226005  0.10465038] [-0.92614343  1.75916365  2.26329038  0.32719884  0.47431804 -0.17850795] 
13 [ 1.19561534  0.88768452 -0.4399396  -1.20763512  0.69000339  0.81868581] [ 0.82651523  0.72319676  0.4471677   0.83040784 -1.00180676  0.21236736] 
14 [-1.24268787  2.71915849  2.68888164 -2.11986335  0.4660358   0.31237509] [ 5.77291894  2.09068487  2.71004394  0.46176678 -0.42409233  0.34768179] 
15 [3.53018028 0.56992503 1.15277015 1.04552821 1.19017781 1.12261407] [-1.61718053 -4.00161228  6.03831573  6.18237276 -0.04792187  1.18565892] 
16 [1.31381437 1.47216349 0.88363591 0.30239973 0.56127677 1.18362532] [-1.04605322  2.12990308 -0.71243589 -0.13193723  1.1677283   0.65014329] 
17 [-1.12156392  3.04255664 -2.04244829 -0.39528755  1.35930714  0.49314537] [ 0.73312531  0.43957268 -2.05244195  0.29317682  2.24703286  0.3382506 ] 
18 [-0.09658366 -0.67881534  2.5275228   4.38694193  5.12907026  0.96275993] [-1.32988609 -3.45310344  0.88449745 -3.54200019 -1.16785134 -1.3006283 ] 
19 [ 0.22309734 -1.38207932  6.00459782 -2.12818553 -1.69893108 -1.26889058] [ 2.38273264  4.45255246 -0.40872666 -0.01590311  4.58489467 -0.11904137] 
20 [ 0.83022823  0.31408625  0.74701188 -0.40785605 -1.56960916  0.79574812] [ 1.17746726  0.8814267   0.78644395  0.41223037 -0.19919474  0.96847562] 
21 [ 0.65189095 -2.01867289 -0.48473518 -0.92206951 -0.54198149  0.33364388] [-7.61207172 10.12718304  2.04668828  1.76926111  3.12228399 -0.69186043] 
22 [ 1.18344864 -0.13696296  1.29072699  2.33162443  0.68907704  2.38854042] [ 0.77193756 -0.14192687  0.55812243  2.48365052 -1.26943837  2.2260362 ] 
23 [ 0.98416351  0.88028409 -0.51373664 -0.32494549 -0.79951937  0.8378481 ] [-2.20400327  1.00427042  1.37700198  2.52171636 -0.61271792 -1.00410745] 
24 [ 1.37440614 -0.26990026  1.16252683  5.61759816 -0.76438199  0.26733259] [-6.05025937 -1.83977225 -2.25065515 -1.39159661  2.6099308  -0.40651342] 
25 [-3.0500233  -1.21350305 -3.58016664 -0.56224439  0.78954826  1.07837093] [ 2.24705263  1.85366689  0.19538159 -0.66183239 -0.08891788  2.36754798] 
26 [-1.29014991  1.76591886 -0.12936566  3.66382918  1.86495888  1.25065564] [ 4.63607068 -0.86628768  2.92844697  1.08408439 -0.39558492  5.06258337] 
27 [ 0.36635436 -1.51779905  0.1832839   3.67652978  0.90505553 -1.48779299] [ 0.48913331  5.1496738   9.56269541  0.65791346 -0.28572988  3.3061305 ] 
28 [0.95019373 2.12538422 0.38579566 1.35075506 0.94863957 0.944895  ] [ 4.51524667 -1.86864226  1.13380133  4.0734614   1.02846554 -2.6565028 ] 
29 [ 1.54231313 -0.37034677  1.19989403  0.61771013  0.38624294  1.46572294] [-2.94859424 -0.86702212  0.77608115  0.21599265  2.23989672 -0.44945807] 
30 [ 1.07944911  1.9116051   1.64905829  0.15115639 -0.76013175  1.51663897] [-0.59801006  2.91690919  1.26478733  3.421309    0.67160002 -2.10680226] 
31 [ 1.98683974 -1.70092609 -2.51471629 -0.42010704 -3.67700707  1.07630571] [-3.52610171 -3.43598051  0.10122269  0.71546549  4.1810626   1.57929429] 
32 [ 4.31400231 -1.35397732 -0.45371336 -5.60552707 -1.09459686 -1.15627304] [-5.31348488  4.6318381  -1.24827133 -0.01957701  4.71483587 -1.69147188] 
33 [-2.69342092  3.1236918   0.83377421  0.86485976  0.81407867 -0.18742636] [ 3.19297276  5.30938486  4.59521028 -3.00639574 -0.60304532  5.09012304] 
34 [ 0.82558074  2.35894262  1.08895005  0.95431381 -2.28951048 -1.33901438] [-3.55832115  1.64918007 -0.73937274  4.38839934 -3.10450243  1.34188496] 
35 [-1.12234722 -1.44239627 -1.2068903   1.66637878 -1.1521148  -1.60682768] [-1.54456944  2.03711787 -0.387678    3.55736003 -2.30353737  1.70945576] 
36 [-0.6336727  -1.53935249  0.4519892   1.08643206  1.74949362  1.58141147] [-2.9710478  -1.55565332  0.53085488  1.89193577 -1.4195653   3.00894679] 
37 [-1.25183646 -0.894404   -0.02956379  0.49705666 -1.23185864  0.11489182] [ 2.43118481 -2.36683123 -0.02118181  0.15002013 -2.02192339 -0.09868881] 
38 [ 0.11751252  1.15620743 -1.74586764  1.70531699  2.67563947  0.55017933] [-1.07685378 -2.16715271 -1.58157902 -0.69310106  4.11935689  3.14090743] 
39 [1.40361308 1.34073401 0.81057543 1.32409216 0.46418369 0.37173265] [-0.66659483  1.48052027  1.10892379  0.93570063  0.31208409  0.24809563] 
40 [ 0.89057139  1.27733297 -1.8667822  -1.20084599  1.15884434  0.97736438] [ 4.66837091  0.63877852  3.47914195 -3.83474604  1.46672478  3.72298751] 
41 [ 1.13724155 -3.12489633 -2.62519949 -0.52438753 -0.47379299 -0.92841889] [-0.63811517 -0.82077518  0.03324152  0.50256574 -0.46796107 -0.19716491] 
42 [-0.20060951  1.08522809  0.09108704  3.75014462  2.14624797  0.83413772] [-1.12535187  0.97150063  1.9089169   1.44567731 -2.92005444  1.95945269] 
43 [-1.32829843 -0.03296996  1.67590839  2.26059371  0.49377725  1.84143773] [ 5.54692595  0.00777896 -1.79598213  1.37621708 -0.86722011  2.52311937] 
44 [1.23498192 0.84834744 1.7048459  1.72319567 0.99784857 0.37722691] [-0.61431442 -0.63890511  0.11703793 -0.44135142  2.12374598 -0.58778096] 
45 [6.04074735 4.41484621 1.25002138 2.08847417 3.38675567 1.18127566] [-1.86661993  0.16312628 -2.94703063 -2.57716861  0.08772634 -0.59146405] 
46 [1.18188715 1.40354838 0.83046686 0.13932588 1.24055356 1.01795902] [ 2.35162368  1.65399818 -0.5518999  -1.51344988  4.95618512 -0.6027106 ] 
47 [ 0.4941846   1.31308557 -0.78075206  0.28457378  1.60165725  0.89682583] [-7.06952975  0.22111929 -1.33462485 -3.09333167  1.29429531  1.52356472] 
48 [ 1.80830595 -0.30823309 -2.76466446  0.40175361  2.54082498 -0.18526208] [-2.54093942 -3.67060044 -0.20592237 -2.97786912 -3.09016736  1.95530882] 
49 [ 0.79626369  0.49407892  1.47531563 -1.04677395  1.70583759  1.32935491] [ 0.73765836  1.11872161  0.73691333  0.75364265 -1.71462256 -1.0068208 ] 
50 [-0.90440365  0.63835789  0.89878967 -0.89344783 -0.31202103 -0.15515456] [-5.65617752 -1.73620884 -2.53125133 -1.53383272 -3.67605699  1.00537375] 
51 [0.71495526 1.09692554 1.69146381 5.12784165 0.76064362 0.63817847] [ 3.61321516  2.12921552  3.72641385 -3.29973448 -3.18318928  2.93046942] 
52 [-0.78530456  1.13556307  0.30678268  0.61130589  0.67007248  0.64549449] [-1.8995124  -4.40105717 -0.7834973  -0.14453017  1.2110671   1.53173233] 
53 [ 1.2244064  -0.79820718  1.03723749  1.03161338  0.45438127  0.84699232] [0.70439859 0.65669394 0.91969992 0.41305404 1.13187775 0.29905582] 
54 [1.19665738 0.62741847 0.4063007  1.49187272 1.26315648 1.42293011] [-1.63561019 -3.38239381  0.72149804  0.4950836   2.99732655 -1.32890878] 
55 [0.90645804 0.78044296 0.72204752 0.37798504 0.94919697 0.76414191] [ 1.06754785 -0.29520898  0.66292663  0.67982001  0.84116538  1.09121089] 
56 [-0.89159281 -0.77656209 -1.24223529 -1.37125065  1.38405459  0.04507073] [-2.33100642  5.27002163  1.47789104  2.88027511 -0.64837215 -0.38632768] 
57 [ 2.86163577 -0.15741522 -0.98724136 -2.51428528 -1.18023271  0.18086311] [-1.40473738 -0.92845166 -3.19975415 -1.68120817 -2.20211397 -2.47928524] 
58 [0.97639899 0.8533279  0.17007727 1.32681206 0.94565632 0.51275827] [ 0.77422302  1.57957879  0.25025723  0.39968214 -0.46736976  1.10419565] 
59 [-0.8031572  -0.85836503 -1.02913932 -2.34038992 -2.12058184 -1.82239839] [-0.73150611 -0.42795354 -2.65244741  2.91698338 -0.58900171 -0.82019747] 
60 [-2.6620435   0.85134025  5.1552211   2.86592798  2.14555421  0.76007956] [ 2.30324169  0.15171691 -0.42504257 -3.52694232  1.34482441 -4.9568381 ] 
61 [-0.78303602 -0.48634225 -1.00810712 -1.78056836 -0.57643335  1.40125732] [ 3.6247904   0.71702931  0.98099728  4.97466202  2.1280833  -0.22345371] 
62 [-2.57300856 -0.46432929  0.68944922  3.9481559   0.86447424 -0.86376052] [ 5.64855456  1.95476353  2.24451229  1.74964646 -2.05725848  0.35141913] 
63 [ 1.47970134 -0.07789565  0.67275053  2.254145    1.40274217 -0.76962718] [1.33903196 0.40717839 2.41805794 7.03447214 4.02259632 1.20211385] 
64 [-1.18429384  1.44017033  2.33521174 -0.83645267  1.11575153  0.98560903] [ 3.98004497  0.51783528 -1.49779631  0.49304944  0.8401256   2.39729185] 
65 [0.85684367 0.4082689  0.86035048 2.84749787 0.34880821 1.57892019] [ 5.1363595  -1.19197115 -0.75504321  1.51141078  0.98651269 -0.1153786 ] 
66 [1.2412058  1.07944122 0.50190504 0.1691918  0.54662163 0.26780112] [0.84241387 1.02890002 0.07728472 1.26139653 0.55735729 0.51520457] 
67 [ 1.6530125   1.37603675  3.134363    3.5283837  -3.32598822  0.46470857] [-4.51931855 -1.94482979 -1.31813993 -6.62836829  4.80561424  4.1436479 ] 
68 [ 0.51250902  1.54618212  1.16100723 -1.17529744 -0.1782827  -0.31007673] [-3.5396014   3.31412943 -3.57444393  2.91159315  0.41120794 -2.37866921] 
69 [-1.26988975  2.64856215 -1.44524125 -1.50738933  2.87743913 -0.4535582 ] [-0.26710664 -4.02436967 -6.98852471 -0.82587147  0.78031066  1.93880599] 
70 [-1.64413669 -0.27841409  0.63535848 -2.90429552 -0.00421825  0.96402445] [ 0.5599837  -1.52464965 -0.37874176 -0.463542    4.0053002   2.16602632] 
71 [-0.50789388  1.13932862  0.51617617 -2.13878839 -1.00861232  0.69992481] [ 2.97019312 -1.84077054  2.75221537 -1.38635815  1.22897014 -0.33778685] 
72 [ 1.18918608 -1.0312915   0.68659983  0.49503237  0.4411316   0.38588173] [1.21896521 0.88611875 1.95856809 0.15257447 0.05650551 0.06228101] 
73 [ 1.69901234  0.86008873  2.09964703 -1.47193902  0.58559986  1.37721455] [ 0.43524952 -1.36578822 -2.86647082 -0.00795929  1.61406458  1.72796769] 
74 [-1.65362635 -1.19772625 -4.18172923 -3.27184778  2.29885256  0.06680186] [-0.44950215 -2.80557163 -2.29120869  3.07488443 -0.97886563 -0.4525035 ] 
75 [ 1.18255202  0.92501055  1.05207042 -1.16178686  1.49843013 -0.26537745] [ 0.76042382  0.92256162  1.74424745  4.52210608 -0.82401404  0.96059886] 
76 [ 1.06227682  1.05472924  1.00463019 -1.51959167 -0.08153305 -1.12385295] [-3.97640007e+00  1.14778020e+00 -1.33342983e+00  3.74699378e+00
  1.18083901e-04 -2.84872383e+00] 
77 [1.37893321 1.48900067 0.0420576  0.28398524 1.65464464 0.72345925] [-0.51397093  5.59140045 -3.32908809  1.18466067  0.93029996 -0.56104239] 
78 [ 1.49688798  5.73860793  0.68577617  2.49829804  0.22145295 -1.6432342 ] [ 0.11754659  2.33493783 -2.36316088 -0.38997271  2.10957712  0.9424783 ] 
79 [3.55265556 1.4789896  0.88678921 1.01720538 0.56762897 1.00795021] [ 3.0146871  -0.79915815 -2.6956488  -0.57198564  1.65057579 -0.56120941] 
80 [1.12720636 1.27560038 0.59129774 0.49765686 0.59784179 0.54712834] [-0.73776628 -0.4523518  -0.08348263  0.19407539  1.30699136 -0.85547877] 
81 [-0.74754429  0.82332562  1.68298772  2.38513428  1.73370194  0.15093827] [-1.74870129 -0.1031834   1.14562288  0.7783942  -2.23544476 -0.65791928] 
82 [ 3.06269399 -1.10202645  1.2174251   2.73254176  1.09428066  0.52257584] [-3.61212053 -0.81511915 -4.80909493  1.98703155  3.14227413  2.87949079] 
83 [-0.92953514 -2.88504017  1.37184121  4.76631492  0.14305412  1.4572648 ] [ 2.82324248  7.29527151 -2.07749372 -0.86686816 -0.42084012 -0.08567506] 
84 [-1.07029594 -2.03196067  2.98946072  2.02798502  0.42206288  0.85315206] [ 0.88808578  0.32149718  1.88403943 -1.37589546  0.51445477  2.16134193] 
85 [-0.07991846  2.01940139 -3.22281764 -3.03074284 -1.12908941  0.93852246] [-3.56495235 -4.15513519  2.01462773  1.50215114 -0.51583933 -0.1304758 ] 
86 [1.13339464 0.84375698 0.55595285 0.90674796 0.78047125 1.20526341] [ 0.88063404  0.58633882  0.77219694 -0.3897084  -0.16233966  0.44636929] 
87 [ 0.98346286 -1.0918542  -0.44563023  1.79391436  2.13066659  4.54662718] [ 1.26532693  2.0832978  -0.02660623 -3.74222836 -1.92503909  1.28770953] 
88 [0.84772266 2.03112582 2.22363546 1.23429022 0.53432393 1.14225202] [-2.54074491  0.37343793 -6.10256489 -2.32320437  1.89466671  3.35943688] 
89 [1.32692559 0.8181809  1.9187962  0.59176709 1.57175458 0.80381828] [-0.76026899 -0.90161217  2.66080914 -0.37100797  0.72211062  0.34846577] 
90 [-1.4274058  -0.37607108 -2.59586028  1.13781037 -2.64432473  3.3184638 ] [ 5.14631077  1.88116229 -0.430085    1.14893525 -0.63477501 -0.23201864] 
91 [-0.7726508  -3.8061848   1.02132935  2.81803613  1.04121576 -0.27263036] [ 0.94472126 -1.00972192 -0.0773927   1.08126677  0.49734827 -1.07100528] 
92 [ 0.48886737 -0.10737407  0.446986    3.66428034  2.35237244  0.87965472] [ 3.49065001  1.7208689   5.02979224 -0.57298709 -0.81866145 -1.69934934] 
93 [ 0.85704357  0.29865976  0.89162054  0.91398979  0.20364122 -0.08225447] [0.65233841 0.25987462 0.82505932 0.752313   0.6506749  0.55714422] 
94 [ 0.1711639   2.5131217   3.5689642  -1.17369288  1.54014981 -0.38985812] [-5.39081861  2.46293236  1.59247714  1.85041087  4.32566199  2.93032997] 
95 [ 3.58787979 -1.22628773 -1.22082626  0.72391844 -0.56955737  1.36745678] [ 0.7260621   1.18221237  0.70327236  0.49032347  3.08829143 -0.34830269] 
96 [ 2.53057896  0.22987442  0.21204759  0.60263826 -0.1565581   2.36564073] [ 4.20139172  2.45476957 -0.6542665  -1.15418469 -0.33261838 -2.85081209] 
97 [-1.21172512  3.14703553 -1.00411506 -0.34509166 -4.18975915 -0.53646476] [ 5.57695241  0.63254898 -2.71600462 -2.07463588  1.22582872  2.7394775 ] 
98 [ 3.3302196   5.43729386 -0.54878727  3.43037465  3.61707683  1.86116241] [ 3.35242124  1.55476275 -2.47543102 -0.37176285  4.20109614  0.32541176] 
99 [0.80100128 0.70591101 1.04947141 0.45745445 0.80592202 0.43606496] [ 0.97583629  0.70237258  0.6537765   0.69396616 -0.17791446  0.43528319] 
100 [ 3.14933857  4.08760148 -1.0000049   1.41240902  3.60951422 -0.46639158] [-6.46886722  6.96624551  1.41461096 -3.74816227  2.04771644 -2.32416026] 
101 [0.58885082 0.73802585 1.08561374 0.82473156 0.39030481 1.07063661] [0.82614023 0.74999986 0.6396996  0.99819311 0.61718912 0.27395739] 
102 [ 4.56473566  1.02845547  1.892061   -1.28377465  2.80167646  2.10471462] [ 6.77094167e-03  3.61301906e+00  6.89517167e+00 -1.40694609e-01
 -1.54423850e+00  1.08006883e+00] 
103 [-1.1503546  -0.30990731 -1.28786621  0.70287303  0.3194084   1.11148943] [ 0.86121409  2.96574605 -0.93700674  0.48011204  0.09265273 -0.47874994] 
104 [1.14687773 0.88003057 0.22015577 0.87632612 0.37121988 0.3032971 ] [ 0.68708129  1.82961131 -0.76869321  0.56605456 -0.04751332  0.21076412] 
105 [-1.05362021  3.12545229  0.46320724  2.17077284  0.6589055   1.67736951] [ 4.96583858 -1.49529457  4.31953264  2.04769951 -2.61813619 -1.0202515 ] 
106 [1.09425829 3.48102186 1.8454137  3.14972447 2.43371404 2.50952755] [ 4.01110439 -0.28944312  3.94641458  0.89148907  3.19366461  1.95712812] 
107 [-1.16595448  3.35577624  0.05348043 -0.39387741  1.84381393 -0.9540492 ] [-0.75090008  1.00094184  0.98480808  2.74467496 -0.86179194  0.28995648] 
108 [-0.59261451  3.58464301  3.7830293  -2.35297345  1.03964421  2.49282007] [-0.56162538  1.65653494  2.20510708  4.54235237  0.22347548  0.26389663] 
109 [ 3.16175447  2.58903053 -0.9756155  -0.4961813   1.05285917 -0.03638541] [-2.36771231 -0.91041142  0.53812679  1.88523149  2.44554897  5.01882465] 
110 [ 1.12850635  0.92190501  2.18910029  0.8402085  -1.1925626   0.7155074 ] [ 0.73508048  0.73649166  2.5702665   1.44689882  4.8310965  -2.66745902] 
111 [-1.25105582  2.19984639 -0.82419733 -4.4328396   1.35883321 -2.56866461] [ 5.17431844  5.85595433  1.17050594 -3.41663563  2.00922136  0.08834718] 
112 [-1.08837509  0.95491118 -1.20235964 -1.14284031 -0.62309045  0.09776071] [-5.28841156  2.28336007 -0.57069237 -1.53388301  1.05036873 -1.91910724] 
113 [-0.89022302 -1.02154367  1.68506952 -0.36750265 -0.41146409  0.78607194] [-0.9514038  -0.37124752 -0.60414962  2.62336377  0.78039548  0.63877828] 
114 [ 0.94232252  1.80383355  1.08885014 -0.70625144  0.85985417 -2.35719426] [ 1.03167155 -3.53800133 -0.46942132  1.17288795  1.89332881 -1.55071343] 
115 [-0.72933944 -1.52869664  3.2553627  -0.74196281  1.16338846  1.41690203] [-0.69176721  0.96410492  2.48048296 -1.90018195  0.48843969 -0.46347605] 
116 [-0.83551832  0.59882435  1.19270584  1.19578754  0.94320213  0.87205996] [ 0.78414637  1.52125521  2.94538993 -0.6287896   0.7486822  -0.1004971 ] 
117 [1.33319726 0.48292758 4.323532   1.86689567 2.51911943 3.45961022] [-3.33747214  3.37736919  1.69218599 -0.44318647  0.53723492 -1.19506755] 
118 [-1.3155999  -0.81050703 -0.97452326 -2.32584528  0.67055998 -0.32334129] [-1.15716678  0.73078825  2.77968746  1.27955166 -0.36601646 -1.28305798] 
119 [ 1.0832864  -1.24642958  2.54866935  3.41383828  1.50910021  0.65905285] [ 5.4701709   3.80291477 -3.20801137 -0.75020769  1.79042718  0.70753112] 
120 [1.06847413 1.14988425 1.30133172 0.89110516 0.55073271 0.21066739] [ 0.63818834  0.79125683 -0.98623327  0.27934118  0.76385337 -0.90210369] 
121 [ 3.72948739  1.74819771  1.50019338 -1.84036808 -0.50183911 -1.15756355] [-0.09555044 -1.07889147 -4.43505075 -1.01580099 -2.33988466 -0.14735505] 
122 [-2.80284167  1.62276529 -0.38452973  2.29144692 -0.48854433  1.04321584] [ 2.34813516 -0.03597445  3.74733444  6.64956057 -0.77474218  2.61954899] 
123 [-1.50693231  0.36738469  0.77709421 -2.27065067  0.24037142  3.69545428] [ 1.09389862 -3.1876615  -0.14704436  2.00918515  4.47018856 -3.47414771] 
124 [2.15743806 1.43744782 1.94042546 1.47877345 0.64551187 0.44322612] [ 1.04358014  2.76303697  3.44564898  0.79104064 -0.52968778  2.79717994] 
125 [ 1.36016073  0.37027533 -0.78909126  1.70182228  1.7144174   0.96118518] [ 5.82457804 -2.89132044 -3.50284141 -0.39141678  4.45499973  3.33630534] 
126 [ 2.96127489  1.74840326  1.16804968  1.54867113  2.33098413 -0.66307099] [ 3.90792088  2.04418478 -3.20221031  3.74374944  1.73665541  0.51047531] 
127 [-0.89618238 -0.28130531 -1.00474924 -1.43349087  0.99684807 -0.53245445] [ 2.73509924 -0.52040998  0.91847018 -0.84827821  1.96207817 -0.75087144] 
128 [-1.27794308  0.0607982   2.30349864  2.00542387  1.23311411  1.055113  ] [ 3.64020457  7.02820863  2.56352359 -2.71399144  1.00249476 -0.8858246 ] 
129 [-1.15815378  3.19965515 -1.63265834  0.61959935 -0.5452652   2.73274818] [ 2.34980708e+00 -2.31225006e+00 -1.83268457e-03  3.78919373e+00
  3.22476302e+00  5.23641472e-01] 
130 [-1.1020197   0.64838073  0.0847117   0.27069979 -0.13392517  0.54011101] [ 0.83008924  0.14113635  0.75064658  1.18220947 -0.91195628 -0.85255863] 
131 [ 2.33177764 -2.68836001  1.67742317  1.080536   -1.25146808  0.83275012] [-3.76792676  1.97094513  2.00318687  1.87686825 -1.43455432  4.953591  ] 
132 [ 2.91690745  1.4565347   3.01450559 -0.91532739  0.99162609  1.55571674] [-2.06845794 -0.19786231  4.27428633 -2.32018182 -1.06440109  4.17122905] 
133 [ 1.42809676 -1.92008291 -0.28465558  0.52673787 -1.88000515  0.3739741 ] [ 1.20170044 -2.65637484 -0.45112455  1.49779772 -2.21699207 -0.43363307] 
134 [ 0.6081578   0.79286559 -0.02544544  0.68068957  0.0325442   0.92152572] [-1.86500544  0.41766071  1.38281447  1.19196063  0.69662847  0.0152802 ] 
135 [ 0.98031178  2.50123836  1.65166508 -0.19869033  1.18769997  3.7398003 ] [ 2.91067856 -3.10436059 -0.06997804  0.02460005  3.65563143  0.98270296] 
136 [1.48813118 0.64532893 0.53500152 1.61558299 0.71921535 1.04922489] [-1.40495744  0.82991659  1.74702735 -1.7128044  -0.33215263 -1.69189017] 
137 [ 0.92456631  1.80059497 -1.67383216 -0.96098084  1.47455792  1.28037005] [ 3.15910239 10.74206434 -0.04747248  3.70312038  1.2993266   1.98238878] 
138 [ 1.28655348 -1.68326605  1.22423548 -0.81056925 -1.69330335  1.37040444] [ 3.83545718 -5.08186878  3.31589012  1.99916425  0.68894753 -3.17209395] 
139 [ 1.15881921  1.09955156  0.87634955  0.20790856 -0.0973028   0.9465539 ] [ 0.92129529  0.83002004 -0.34677108  0.91862211  0.2032464   0.24239331] 
140 [0.74173357 0.51882403 0.82038202 0.63537876 0.42688748 0.22434015] [0.33323065 0.91111057 0.92720654 0.97913985 0.67938106 0.51930021] 
141 [ 0.64857066 -1.5365861  -0.98964058 -1.08468607  0.10624943 -0.41421344] [ 2.11728149  2.43688215  1.01807744  1.69086929  1.27131642 -1.18393591] 
142 [0.88108467 4.80098512 7.10466951 1.64345279 0.24783561 0.20898685] [ 1.38222197  0.32416399 -2.68762713 -5.04234452  0.09434796  2.73222828] 
143 [ 1.02692943 -1.0675217  -0.51110713  1.5969793   1.30377418  0.37704506] [-1.89435493 -0.68507865  0.26571825  2.84821504  0.0722977   0.15598354] 
144 [1.01843585 0.36507255 0.84896887 0.93365231 0.90847871 0.61242062] [ 0.57817618  1.33512204  1.23166072  0.77051187 -0.33924493  0.0905105 ] 
145 [-0.8586874  -0.61725553  1.47326989 -2.28196253  1.32615375  0.23977507] [-2.83049119 -1.74421396  1.55750255  0.71473475  2.2004901   4.48772353] 
146 [ 0.31079485  1.5112517   0.03260312 -1.64790421 -0.65958743  1.39332403] [-5.12871963 -1.21966341 -1.56757815  3.38389122  1.61109039 -3.33935817] 
147 [ 1.16088175  1.3430126  -0.52407195 -1.6784707  -0.17852591 -1.67514704] [-2.4314961   0.13109222  0.70724186 -1.68057271  0.55840284 -2.17445849] 
148 [ 2.92549255  2.3635078   0.18230307 -1.23910219 -1.03970996 -0.24838362] [ 0.57370947 -0.19777857  4.04795664  4.53178515  3.50153106  2.02070184] 
149 [-0.02981191  0.5667409  -2.03996675 -0.70413429  1.37636943  1.44154146] [ 0.07867876 -1.58584549  4.09924345 -1.98895411 -2.33346985 -0.12177735] 
150 [-2.72744533 -0.93002821 -2.45829434  0.56789716  0.42936913  0.05607328] [ 2.15124455 -0.7321358  -0.93329896  0.84052786 -3.12014678 -0.17544172] 
151 [0.58911819 2.31362039 1.08567068 1.24713509 1.67857195 0.56794623] [ 1.48867691  1.29819185  2.32874781 -0.15784811  0.64754193  1.3116886 ] 
152 [ 1.13838359  4.05545309 -3.10091107 -1.61359605 -0.9215389  -0.61700211] [-4.73672831 -0.74453417 -1.43857873 -2.5068943  -2.57427662 -0.77182674] 
153 [ 1.18522103 -1.12604227 -2.21263061 -0.57546154 -1.07611237  0.63914   ] [ 0.82401304  0.65218535  1.50956918 -0.93541654 -1.19299017 -0.74998292] 
154 [-1.68607311  0.18286827  1.40756918  0.7190828   2.33875263  2.04569311] [-0.28195101  2.90054793 -1.57386127  0.93090373  1.5563909  -0.59874607] 
155 [0.74156748 0.53434053 0.78025422 0.52425972 0.91600025 0.75556635] [1.0134481  0.50237805 0.46249404 0.84124684 1.3530681  0.18901545] 
156 [ 0.18783285  0.78085177  2.72850093  0.56134581 -1.44865864  0.68715853] [4.76194578 1.45243495 5.60700681 2.29290426 0.43087946 1.50029306] 
157 [ 2.12953837 -0.94088831 -0.99989757  3.127668   -0.31220497 -0.819301  ] [-0.81211698 -0.03431383 -2.05619783 -1.95679099 -0.77432204 -1.18595594] 
158 [-0.93468933 -0.12802085  3.00400687  1.47145066 -0.14549692 -1.32013011] [-1.6538516  -0.68941905  5.22235877  1.21906716  2.77058473 -1.23618405] 
159 [1.11297422 0.15144724 0.57211611 0.99616222 0.15235126 0.41736322] [-0.67403442  2.90673398  0.86955055 -0.4823059  -0.6241826  -1.00017632] 
160 [0.96618205 0.03599608 0.86579887 0.70459907 0.21826235 0.38555857] [0.34168409 0.45159796 0.67929754 0.7981292  0.2157199  0.05608136] 
161 [ 0.19346685  0.74439414 -0.71965925 -0.36431526  0.75786606  0.78243123] [-0.92003222  4.59518427  0.4055307  -1.14274326  0.10683364  2.8744303 ] 
162 [ 2.51495189 -1.2758032   1.01430224 -0.760524    0.11879523  1.45035418] [ 3.55821757  2.28447856 -0.7866609  -0.18057671  3.73210101 -0.76511997] 
163 [ 1.097556   -3.2970204   1.2933043  -1.38308235 -0.10400425 -1.13943091] [ 0.62540597  2.41019012  1.39135181  5.72510016  0.06431541 -1.1276078 ] 
164 [-1.22247879 -0.96496929 -2.25223391 -0.48818248  1.55685117 -0.20015356] [ 0.68123121 -0.89734029  0.42171896  2.55885221  4.59084254  1.84123947] 
165 [1.31178824 0.60302426 0.44713673 0.61743394 0.52434461 0.25863378] [ 0.8297343  -0.08526366  0.96231808  1.33956767  0.5796527   0.57210238] 
166 [-0.65120382 -1.33966794 -0.50924484 -2.69317022 -0.5322872   0.76158104] [ 1.60026026 -1.15897651 -3.25348906 -0.21535266  2.89668504  2.81077446] 
167 [ 1.26724509  0.92735535  0.64291211 -0.21778793  1.03117915  0.37455718] [ 0.93010707 -0.21546973 -0.36839626 -0.38213488  2.68110931  0.50903972] 
168 [3.13678407 3.69854518 0.78291167 2.36607954 0.74573875 0.15244804] [-2.88144597 -3.57968695  0.07968815  6.90062907  0.44594599  3.09399535] 
169 [-0.86621861  2.4099875   0.88311023  1.14322857  2.44689988 -0.55563804] [-0.78041417  3.19637227  2.05520907  2.93999059  4.07242395  0.27463092] 
170 [ 0.57870142 -1.98963742 -0.42635288 -1.44762017  2.34466811  1.83193045] [-3.03643225 -2.52320316  6.13656946  1.04493582 -1.48373083  0.0934053 ] 
171 [ 1.00473587 -1.02775688 -0.88019745 -0.26933068  1.05126132 -0.60970725] [-5.58084891 -1.60439029  3.21810267  2.71308952  0.84123934  1.24955292] 
172 [-3.0221401  -2.06951888  3.4794039  -0.68460865  2.81295491  1.33527902] [ 3.85260094  1.274892    2.50924812 -0.40342919  2.74147605  0.14481605] 
173 [ 0.46239759  0.57669355 -0.60234652  0.68080774  0.98075806  1.14348995] [ 0.37182171  0.88289327  1.51240892 -0.87907193 -1.07708849  0.21366758] 
174 [ 0.60490389 -1.34985794 -1.15655647  0.76643414 -0.341586   -1.56197416] [-1.32188719  5.58149456  5.38084156  3.91087143  2.21038746 -0.01880485] 
175 [1.03828745 0.4299457  1.04483593 0.97284142 0.32725137 0.82021647] [1.34619522 0.68209264 0.86112549 0.83322629 1.2544335  0.54771436] 
176 [ 3.02159657  5.62395875  3.55611042  0.50640806 -0.47831759  1.87135104] [  6.35869521 -13.99276441  -3.75652344   1.0762218    1.27393253
   1.63203697] 
177 [0.69379721 0.41754272 0.57434648 1.10102709 0.62094607 0.73123344] [ 0.06137675  0.65399279  0.77734458  0.58118283  0.68322459 -0.11023719] 
178 [ 5.2943651   1.02581558  1.3260163   0.86827323 -1.44668708  1.65365774] [-1.40034906 -4.14164451  0.33420791 -4.77750975 -0.26577935  0.23275489] 
179 [ 3.17729607  2.99055082  3.23955375 -0.54887774 -1.69553449  0.11560713] [ 0.97890293 -4.36282962 -0.88503124  5.25331646  2.60245011  0.76033958] 
180 [-1.33279517 -1.62697166 -1.9468664   1.83102682  1.6644385   0.93229729] [-3.00917677  5.11767581  1.64090191 -4.65817719 -0.73474915  2.30001794] 
181 [2.90228389 0.28354823 1.13111296 0.75676053 0.47997384 1.40657796] [-1.23777278  3.68395471  0.89044984  1.3769579  -3.39883924 -0.64629653] 
182 [ 1.26528064 -0.43681297 -1.11074884  0.54238959  0.53451648  0.62651696] [-2.90531586  2.42421095 -1.22113657  2.25375872 -0.01906301 -1.58533515] 
183 [ 0.99602186  1.3222211   2.27224765  1.45459361  0.24214879 -0.14480862] [ 2.12082495 -0.52036388 -2.08984699  1.53877187  0.34025355 -0.33305723] 
184 [-5.06279873 -3.00133025 -2.44672671  1.11329735  3.19052864 -0.37744879] [-0.70930726 -2.54199622 -3.53078037 -2.79366851 -2.81385709 -4.82349322] 
185 [-0.97729535  1.48257701  1.07992736  0.94957929  0.57988085  0.63934465] [-1.03393725  0.89164651  0.61950848  1.32260616  1.07375768  0.3895905 ] 
186 [-2.89760641 -0.54225646  2.03410985  2.07161404  1.25568996  1.46657867] [ 1.28413926  0.27413798 -5.73644535  0.53046371  5.67617633 -1.65495917] 
187 [ 0.95553228  0.8435851   3.20672053 -0.16165648  0.68870548  0.72979669] [ 0.70167961  2.58272307  3.99872583 -2.6844199  -1.16073242 -1.11933337] 
188 [ 0.63424663 -2.93632794  1.72019673  2.4338766   1.48944885 -0.32360429] [ 1.52701541 -3.73900423 -1.87205459  3.51681985 -0.13267477  1.94320223] 
189 [1.14502768 2.90664449 2.49132669 0.89054851 0.57429369 0.51877587] [ 2.30816199  1.71809138  0.51998996  0.44424559  0.88515973 -0.2742683 ] 
190 [ 0.98284634 -0.45438892  1.1201624   1.13971427  0.36101589  0.63605599] [ 0.72623001  0.18516035  0.75274505 -0.42991901  0.93996813  0.78585881] 
191 [ 1.11948274  0.8417786   2.79698095 -0.49532564  0.30859575  0.52472932] [-0.89467155 -1.75057504  0.95121912 -0.79576641  0.62977788 -0.85277883] 
192 [ 1.0318027   1.18864923  0.43173838  0.22193647 -0.47533181  1.30828374] [-1.47277696  2.46652855  1.36559243 -2.89235435 -1.90488436  1.77721086] 
193 [ 1.01023095 -0.7876857   0.75720206 -1.05415072  1.38286076  1.44123582] [2.10987419 1.69115542 7.14807277 2.3737896  2.03057503 0.3485925 ] 
194 [ 2.62484903 -2.05317593  3.05695067  0.95527307  3.5801694   1.04157297] [-3.33601957  4.14474513 -4.71700073  5.58020965 -0.41937284 -3.18206752] 
195 [ 0.83874867  1.10773123  1.97713498  1.27254076 -0.78568989 -0.40696597] [-4.02064365  2.26979976  6.2648919   4.8419488  -0.71257133 -1.98096693] 
196 [ 1.37422422  2.93252484  1.89369665 -1.2439497   3.88342018  2.05340158] [-2.2988951   4.30558839  3.61955214  0.5328616   2.40894609 -0.17983109] 
197 [0.97098685 0.88547065 0.65210515 1.01584346 0.82949689 0.17440907] [ 0.92175148  0.27388451  0.38513805  0.82163973 -0.27015404  0.89811383] 
198 [0.99123389 1.65063071 1.40837197 1.65783079 1.29998401 0.88479245] [-2.62304055  1.16933285 -0.68181611  0.76518576 -0.5212932  -0.24598631] 
199 [-0.06707843 -0.750178    1.16788958  1.23760759  1.71478724  3.05301129] [-1.1295417   0.118645    1.70080851  4.76208093 -1.67224429  0.01776271] 
