0 [-14.55095315  -7.82828547 -13.40899458  -8.5671757   -6.7480534
  -6.3055909 ] [  4.72744853  18.50694767   5.49365774  23.77141852 -12.68665409
   9.49004256] 
1 [ 16.30237218  -2.75011794 -27.2814632   -1.41483654  31.19371651
  -3.20333449] [-28.93796952 -29.45758102 -36.31129123  19.90656962  -2.00074783
  -1.97811353] 
2 [-3.27906287 -8.213517    5.16493958  5.79658358  0.38764524 15.74279532] [  8.81494757  10.4426399  -13.22882095  -1.8669015   -1.25691698
   3.55491637] 
3 [ 0.48984808  6.30760646 13.51857909 17.40808023 28.94553191  3.66778737] [-12.17906267 -37.45838963 -20.83313136   0.96675414   0.23001381
 -23.55927813] 
4 [11.30974446 14.77604466  8.74083498 23.44672159  0.20589906  2.32784044] [ -8.89685129 -10.39990619  32.0812391  -12.12820373 -26.21410646
  -0.38004634] 
5 [-3.88555784 19.0964138   6.87042373 -9.65819255 -5.54789064  4.48254302] [-28.320067     3.19962244  -0.90435628  23.28130826  16.92747844
 -17.43483242] 
6 [ 8.19296009 -4.48621683  2.95394122 13.43594579  4.76058862  4.8505831 ] [ 23.35317531   3.94340759  20.92198121 -14.89237482   5.35066212
   0.96618527] 
7 [ 11.20541776   0.24588908 -25.52574892  -1.89574823  12.48877015
   2.18313094] [-16.6501381   27.25774763  10.41246216  11.9243782  -13.67130782
  -0.65726065] 
8 [  0.84947399 -21.42853128  27.18614308  -1.6212925  -17.89657448
 -13.20625495] [ -5.8799416  -24.3176836   -0.7964297  -15.09173321   1.86995644
  -1.3928113 ] 
9 [-16.14502828  34.83849405  16.19423719   5.16277343  17.24451898
  14.04095629] [  9.9444614  -39.38717617 -47.3863546    3.7077238  -30.44660331
 -13.25976864] 
10 [-9.02303376  0.38079953 13.44301448  6.15363047  3.39790203  5.25339075] [  2.85901842 -15.74252055  29.65549724  23.57109968  -3.93230003
  -5.47431908] 
11 [-22.40861741  -7.89416715 -15.4462097  -23.2936784    9.55485832
   1.90390129] [ 80.99294399  26.83632602  -0.10003866 -14.60699546 -10.52924024
 -23.39909325] 
12 [-23.36056096  -2.78660672 -22.07485182 -18.30568507 -12.28239761
  -4.91385065] [ 21.18442368 -31.72822566  31.91978569  -3.02943613  16.74411886
   6.6746493 ] 
13 [1.1656968  3.15367985 1.0838226  4.34361809 0.15288644 3.72458434] [-39.97439929   2.3073533  -13.18897345  22.90556108   3.32267401
  -4.54913344] 
14 [-30.59499675 -21.12709715 -10.33310003  -3.77752467  -2.45655504
  -6.52072681] [  5.98137129  23.41025172  -0.03612329  16.41967439 -18.41301328
  22.90909663] 
15 [15.6954757  15.60444403 -1.37308172  9.39860538 -4.24469213 -3.4407619 ] [  9.96955938  -0.27671278 -15.41409711 -14.64359118   4.47598838
   5.10861671] 
16 [ 4.78882862  8.6048157  21.68107005 10.04385457  3.79299869 10.73121565] [-53.00733983 -28.52404972   2.80887623  -6.88769768  -1.97903259
 -15.10998231] 
17 [  9.68402848 -15.36293129  -5.41044542  -3.71093353  -2.91413937
   3.96762175] [ 19.32907882   6.43909089  22.80722511  24.46196805  -0.0664513
 -10.21250386] 
18 [ -4.73108206   2.27273079   0.35626812 -13.73892219  10.37136234
  -8.1755601 ] [ 28.10084349 -29.90803594 -40.20967552  27.69613314  -0.54850926
   8.60128119] 
19 [ -6.67884678  10.97628859 -26.35446152  18.40299275  -6.49278679
   4.56400534] [-15.27078559  20.48595603  33.31468105   8.89363732  18.7443218
   9.69681757] 
20 [ -5.37339467  10.69839144 -14.31497071  17.24603209 -16.77722492
   1.26199079] [-3.1356697  51.41124757  9.29836265 20.5861783  13.78212431  1.72521807] 
21 [ -2.0342712    2.79607171 -14.35352141   9.47599371  16.01373537
  11.9394251 ] [ 3.54429788 -1.21977269 -7.65208484 -8.80069893 -7.18678131 13.68595848] 
22 [-12.88657436  15.85807849 -10.22046168   9.50709847  20.92667371
  -5.24555053] [-20.72404014 -11.88464657  16.25005416  10.19216656 -13.12946777
  -5.18865072] 
23 [  0.99056037  -6.51488789   9.05453563  -5.41802541  -3.55327463
 -13.98554987] [ 22.11364063  -5.57441174 -38.81999995   5.24159397  11.47750164
  -3.54441107] 
24 [-14.45058994  -0.80288045 -10.47449671  12.49747206  -3.90827133
  15.81336352] [ 31.76493598  22.16295537 -28.84893118  14.69169736  -5.38520544
 -15.49340101] 
25 [ 1.67518093 16.04210464 14.58375341 -3.36162193  9.8804606   3.05829798] [ 28.46822678  15.97722048  31.77522504 -10.96737105  21.3546771
  17.25983566] 
26 [24.93318763  6.55903791 15.49538047 10.07058522  2.57265668  5.18135969] [ 4.80184488 12.88856649 19.73435982 -7.31459606 10.60912866  9.91204022] 
27 [-0.13098801 -0.31550867 -7.56899518 -1.30970106 10.20141904  0.76425343] [ -6.11321088  -6.70118084 -19.88023539   5.1397873   -4.69530384
  11.61781536] 
28 [-21.85981782  13.23241856  -2.77832626   3.65889935  11.12323474
   5.19014823] [-26.52237709  23.00730501   0.11614849  -4.57833883  25.02393564
  24.89188148] 
29 [ 9.70155969  4.24105621  9.57120655 -0.05869793 11.18876123 -4.30756111] [ 2.05999429 25.96272876 -9.16439617  9.14276027 24.83409506 -6.66769693] 
30 [ -3.00495247 -21.99393906 -23.14896652  -7.56965922   8.43905925
 -25.74995886] [46.0651203  82.69771797  7.86066366  4.4528379   1.83010525 -0.48727062] 
31 [  0.7761043    5.08853383  15.37182427 -19.33043215  16.62337834
  13.4170293 ] [-62.20186029  -7.35265502 -27.55540126  25.82767161 -46.92661799
 -17.10050014] 
32 [  2.28236855   9.97541212   5.04711908  -6.46845796 -15.08941197
  15.55528408] [ -3.02290263 -25.11064593  -8.96938222  -4.06002318 -26.31316234
  23.58156513] 
33 [ 14.05676122 -10.02108967  -9.64328943 -14.12219526  13.87271123
 -11.23354532] [-14.99777658  31.07835068 -22.89524986 -11.74181455  -1.20555299
 -12.79702075] 
34 [28.0217248  37.7096079  11.96960814 -9.25709716  3.88784304  4.70269433] [ -0.12931168  -2.98758438 -11.3053973   -4.55957823 -45.81735175
  -5.13213451] 
35 [  5.49761523 -11.67750549   0.31201337  24.92490897  15.82832738
  -2.63956223] [-40.50390398 -14.00707594  23.33601403   5.03277299   1.48162448
 -35.65674108] 
36 [ 1.11817843  7.04963734  5.08859414 -8.44309404 -1.39317575  4.61772904] [-8.74861509 -3.58995723  0.51679069  8.54280829 -5.41969244  2.6833195 ] 
37 [ -0.51245382 -17.53187544 -22.2395098  -10.98741303   4.63291337
  -1.84673707] [ -7.76129976  28.87387826 -11.27049938   0.95884474  37.3761261
  10.02659055] 
38 [-15.80683972   1.7431385    5.35351203   0.29390397  -6.44674363
  17.76235959] [-30.29555976  -1.73086551 -24.77869369   6.88877984   2.78693966
  -0.91098963] 
39 [ -7.31669768 -15.63796171   0.66762342  -1.05654491   7.53602404
   2.92983551] [-10.98906516  17.78296531   0.73674254 -14.32953083   0.32398016
 -22.04664161] 
40 [ -2.71988606   6.24621533  -8.03106313  10.17596056 -21.36653859
   0.61738631] [33.37843028  8.06933112 20.20460606 -7.40718063 -3.63311049 16.50165852] 
41 [-3.14776541  2.043335    7.22807787  9.69394883  6.07329876 -3.74943451] [ 7.35583993 13.32648367 14.95087732 -3.40077836 -0.8960425   0.43782478] 
42 [ -4.02951687  -0.13793958  -1.0061198    3.71383682 -11.23454467
  -7.76082337] [  9.01550008 -10.93422577   2.52220076  -8.23959486  10.4463344
  14.49802882] 
43 [ -3.86114495 -31.94921352 -15.39222104  17.71924325 -19.50690056
   1.163048  ] [ 12.06596577 -43.79851439 -17.1444349  -20.7359821   -5.80525934
 -15.88138747] 
44 [25.3989119   6.54374887  4.87382536 17.36825859 11.13309833  6.5769004 ] [43.99500818 29.55964655 14.08523688 42.54831155  8.2800654  -0.16046012] 
45 [ 11.52761676  -9.66749545  16.64280481  10.3671305   15.93995891
 -11.71528967] [-27.61147854 -60.05634612  -2.44380383  25.1433419   -8.13585098
   6.51401743] 
46 [-15.96489489  23.07221766  26.66117623   0.54472615  -0.44016586
  12.81671531] [-60.09341807 -18.37592191  -1.53489287  17.14697115  -1.55905325
  51.32303024] 
47 [ 4.24618815 10.04378075 11.61152051  6.21248183 -7.8711556  13.37196453] [ -1.21190398  -7.22279907 -11.92008085  23.81551951  25.2081569
 -12.41207024] 
48 [ 9.70278348 19.97014826 -4.62278833 -7.55344871 17.49299637  6.46332567] [-11.56117886 -13.16379096 -16.81325601  13.21064472  -7.79933488
  14.11514106] 
49 [ 3.4085946   7.05943493 23.61792863 -8.09075576  8.66935003 -3.21916287] [22.78561063  6.20138111 43.33294699 13.29944358 -0.15450295 -8.63370661] 
50 [-13.58943446 -20.67948829  12.53762844 -11.64220176   2.13248926
   2.96809534] [-21.65922209   9.33562568  28.69833425  17.01968107   9.70148377
  10.23579623] 
51 [-19.94435283 -18.86324514  -0.5905731   -4.47793275  16.37047541
   3.35416012] [-44.01607683 -29.70850494   3.78555155  12.73020727  -3.85292029
 -16.14616779] 
52 [-12.90643641  -3.02326557  12.89151526   7.28630349  -1.02119277
   7.28331548] [ 8.67903578  2.21000631 -2.90828546  3.55737888 -5.9359261  11.13873016] 
53 [17.8839048   7.65646969  9.64491221  9.77746756 -1.98548637  2.97419667] [-22.82778046  16.19724679  -4.03921519   0.71222019  -1.9054404
  -1.99764083] 
54 [  9.4136097   24.71449606  14.42411717 -11.81356045   4.949125
  -3.59354141] [-11.75565947  -9.65788012  -4.01070851 -18.23721762  22.02280429
   1.34732749] 
55 [24.47664028  2.10670329  5.3513512  20.32475863 25.9185517  -4.24487382] [-13.78272894 -44.02359714  29.40187764  -9.87714476 -44.32480282
  25.28387463] 
56 [-3.31264119  1.2730885  -4.83072429  6.56765823  5.95895368 -8.13433622] [  7.78941201 -33.58239598 -14.8290281    7.56179694  -7.60764158
  -6.02505996] 
57 [  9.56189656   1.4058688   -2.74160083 -16.30070244  -7.19047478
  -1.11412427] [ 22.67124476  17.09099279  11.51353399   3.14714494  -7.25911533
 -31.48594841] 
58 [ 13.25158622 -21.0587775  -11.38613295  -3.33966505 -27.74497641
  -8.9466232 ] [-30.27501034   5.57823657 -25.00998838  21.49916111  -0.50469658
   7.72451601] 
59 [ -4.31389955 -10.61648071   3.25143999  -7.23543347   8.73463559
   5.05392821] [ 42.22626548  12.83036353  15.71025675 -23.59615941  -6.56727235
 -12.82896993] 
60 [14.53809345 -6.61802631 10.60087643 13.05588248 -1.38220131 13.23122824] [-25.18401293  -0.95215572  26.02673858  34.46438308  13.18490282
  -2.52684425] 
61 [ 12.17502254   4.31607133 -12.87433744   0.6022659    1.4765081
   2.01308794] [-44.73750226 -27.87215889  -0.94559124 -17.40453536  -6.47486017
  12.87073559] 
62 [  0.2738056    7.33697572   5.78730031 -11.98776023  -3.76519412
  -6.98228901] [ 1.35235868e-02 -4.55745616e+00  5.76946102e+00 -1.47793389e+01
  3.63573784e+00 -4.32898839e+00] 
63 [-1.03908038 17.88737095 -9.75363528 -2.96306619 -2.57755188  7.1218772 ] [  4.20851189  13.5715244  -17.45560795  19.2335874   12.77327452
  12.10657509] 
64 [-3.94435707  9.06273801  8.10861296 -1.0722396  -1.71173069 -3.23278873] [ 19.19354618 -26.00910978   4.00839233   5.59696231  13.35847058
  11.45893936] 
65 [ -4.21618373 -42.53489449  -7.14228358 -14.55076131 -11.7851183
   8.72857523] [-26.7032191  -13.96778895 -23.49107606  -4.11621042  41.04569632
 -17.5520941 ] 
66 [-11.53521369 -15.21783175   2.39395858 -21.14217294 -12.9024428
   3.81584719] [ 47.08546954   9.46920502 -10.0935533  -41.66340839   5.99718072
 -15.93357871] 
67 [ 5.59591415  3.66129921  9.93750327 -8.38259698 -8.24048532  4.2806253 ] [ 16.68008695  14.38115584 -10.22555699 -13.77840979   1.97336833
  16.48066666] 
68 [-2.96265654 -8.27671774 10.1367208  -1.8622839  -0.28978272  5.65695678] [-13.0486748  -22.97925366  -4.98821095  -2.68332198  10.06870353
   6.60800392] 
69 [ 0.9102783   6.72603283 -9.96785866  1.54227769 -2.67204712 -3.89398632] [ 16.16527547  -6.80864334  -9.97525902   1.00036319 -23.89613914
   5.72449696] 
70 [ -9.83993319   5.10169509 -11.92738937  -8.71497823  13.37837859
  -2.73933377] [ -5.94918996  36.69162483 -12.26087329 -20.38180125   9.06982797
  15.04516393] 
71 [ 33.35509491   0.75986558   8.64293113 -10.46178006  -6.84000435
  -9.36512413] [ 25.33792761  20.64312621 -31.83708388 -28.93024178 -12.09057596
  10.24085812] 
72 [-1.31538347  4.82382258  1.8076157   8.66668828  1.5366862   1.39045504] [17.64718853  7.56666746  7.0309583  10.87838962 -9.4222436  -4.40939365] 
73 [ -9.43818851   2.11873558 -18.86133686  11.70948083  16.28809828
   2.61138479] [  4.69590034  12.45235317 -12.14173032   8.69822852  24.78758748
 -28.55975472] 
74 [-16.2025402  -13.39591325  -5.75885837  -5.80522582   7.41223532
   3.19821755] [ 63.69010096  28.9387125   -8.06418282 -28.11574334  -4.22815607
  13.03588462] 
75 [-4.24511437 -1.82100402 18.14811283 15.62339402 -3.63344873 14.39397472] [-32.07495265  -8.60879494 -15.08797823 -10.31582236 -29.45175907
  18.90110616] 
76 [-13.80720525   5.58881649   5.59177296   8.24587461  -4.88139299
  -3.18303442] [ 27.52085885   3.65680529  43.6707311  -17.06120464   9.37621875
 -12.31097833] 
77 [  3.22878893  -0.39453603  -1.01885619  11.66681999  -0.2987434
 -11.4816594 ] [-20.07557441  -9.57555731  -8.83784319  17.12603317 -29.42234841
 -11.72791856] 
78 [ 22.93710115  22.47712026   7.63900136 -10.0246785   -1.97338894
 -17.73703986] [29.70006759 -0.42288278 20.37346392 18.32679166 34.71560962 -5.98744668] 
79 [ -9.03795935  -4.2136276  -18.32985364  -9.07434129 -35.64105123
  -5.90559676] [ 3.78469698 -9.03119568 34.12705011  2.54818214 -8.81643549 12.51502945] 
80 [-0.72092384  3.61344051 -5.64419511 16.22285099  7.62189663 12.31592196] [ -1.5464239   10.69694227   1.07876345 -26.21663874   9.26898296
 -12.51667803] 
81 [ 15.57296856  -8.78695461  -2.96110819 -15.33232658   7.92229294
   0.88837397] [-29.14711411  -8.30304395  14.83898082 -44.25637094  -1.37139718
  18.24165065] 
82 [ 10.55702927 -11.55430482  12.85933155  -2.13617265   4.23934807
  -5.08525588] [  5.0093703   -4.64525335  17.31262313  33.95367649  -4.87136573
 -24.99192152] 
83 [11.58859735 -7.12304747 -8.27345304 16.37981866  6.73675275 -3.43726306] [ 22.8687355   -2.81307273 -14.49980721  19.45936059  22.94912581
  15.00646273] 
84 [ 23.95696512 -13.53265804 -14.76364245 -53.39192334  -2.28951299
   2.86275221] [ -8.65943431 -19.11493811  19.54057192  39.88424611  15.32492607
   9.58561472] 
85 [-22.32536281 -23.16354948 -28.18298579 -12.46670133 -31.28525731
 -16.39872933] [ 38.04516023 -32.08947157  10.0767094   -6.59601099  19.76176426
 -24.20368576] 
86 [1.10661814 0.47831005 0.46191689 0.9584944  0.75105081 1.23114029] [0.72570721 0.98563607 0.58074634 0.35258669 0.28448387 0.73353404] 
87 [-21.46507158  -2.44856232  25.05140983   3.98526204  -3.6801987
  -5.28732087] [-22.16365754   2.58892428  -4.96442236  -0.71510893  19.8243363
   0.22155798] 
88 [-14.80474961  20.65868236  10.20466599  21.65582628  25.37881933
   5.58472999] [ 34.8727406   -9.7514157   22.08112682  -5.95479875 -19.9556477
 -24.46475964] 
89 [ -0.40495329  10.98700561  -1.67618943 -11.81532898   2.254421
  11.65641416] [-17.59090412  -5.67925588  22.16986494  -9.24223218  15.74049882
  -6.50351141] 
90 [ 17.59572311  13.82891738 -21.70065454  -6.83808202  10.85663478
  -2.78195141] [-33.53907152  -5.01725167 -10.24789393   7.05537037 -18.81922273
   8.31853136] 
91 [-13.92434078   2.19428594   3.69801306  11.73759798   9.10462421
   2.62429128] [ 7.80493148 13.93885609 -1.07678683 28.15434962 23.83624951 -7.5796359 ] 
92 [-19.86419527 -13.33363357 -10.39656245 -20.79174887  -6.31878836
   0.89574879] [ 15.9125033    1.49868718   5.14318221 -15.82696772  25.82931572
  22.23790372] 
93 [23.33026694 -8.63273031 27.14973681  4.93433237 -8.04649805 -2.4134738 ] [  9.25056392 -40.45501927  20.11288254  36.97996861  -0.59159448
   6.40691166] 
94 [-23.20468691 -16.43067507   6.83209385 -17.57406409   9.62029621
  12.48716486] [ 41.7291638  -13.99788229  -1.80661032  23.16013679 -32.72407321
  23.33329638] 
95 [-13.65318773  18.68677368  -8.99421148  -7.23298412   1.34850216
  -3.13659566] [  4.12471978  14.4188047   29.84347973  30.72566099   5.82721046
 -11.00837422] 
96 [-1.16998313  3.16617764  0.66583594  2.40488465  4.47633436 -0.82514233] [-0.77244365 -5.4961369  -0.17419816  0.84964922 -3.28437155 -1.82691032] 
97 [33.01772714  8.18780555  8.6326437  -6.67705451  8.98822748  0.28276738] [-22.88892734 -15.1353406  -19.86211776 -21.94229822   6.61670267
  -2.74206113] 
98 [23.98594218  1.21228067  7.95898682  3.24437056 14.49097454  9.84241162] [25.06378347 -0.58257812 10.60322432 -9.34199484  1.38860099 32.53642593] 
99 [0.76236957 0.67295741 0.9006936  0.46801213 0.53675083 0.61718764] [ 0.97264289  0.88610193  0.48965465  0.97522137 -0.37702384  0.7298917 ] 
100 [-24.03586953  -6.00382832  -0.92452701  -1.77013176 -30.37975488
  -4.83465362] [ 18.14855675 -15.97081752   9.9956512   -3.49564829 -33.52630454
  31.18878216] 
101 [0.87357584 0.85575313 1.31092702 0.60307275 0.79878888 0.52577728] [0.86081574 0.80890574 1.00525381 1.04853056 0.66505186 0.35412946] 
102 [ 35.98776965  17.75143413  23.33845338   7.26875456 -14.94470814
 -11.5391788 ] [ 10.76333353  51.05901365 -13.3735372   37.43883797 -10.58946661
  -8.25104496] 
103 [11.27439004  0.615775    3.75997201 12.03334403 23.64105106 13.60709309] [-22.61465303  32.60273783  20.97947386  20.33372122 -22.54224356
  15.62416281] 
104 [ -3.78461624 -10.09459261   5.31042267  13.22862168   4.18581054
   1.61391291] [  4.22223466   1.20863127 -18.30352195 -16.45122806  -0.8853206
   1.84930208] 
105 [ 1.31427511e+01  1.36690449e+01 -1.95140499e+01  5.43631325e+00
  1.01459164e-02  3.71282094e+00] [20.98322431 -1.61979444  4.38258915  1.51117925 25.77712396 -2.62308799] 
106 [ -1.05650846  -4.57450978  -4.90667498 -11.58235983  -2.39647262
 -11.17890226] [-2.17498228 -2.60623493 -6.72982552 34.28514198  7.50033074 -3.86001456] 
107 [-1.71629407 15.01579828  6.20251853 -8.14204518  6.8416071  14.8082246 ] [  4.00940593 -11.81013017 -28.65218933   4.48103494 -15.1422725
 -23.9860664 ] 
108 [  7.82858783 -23.74785786 -21.06468946 -19.51637327  11.51075554
  -1.42904813] [ 39.49739593  17.12635043   8.73856395 -19.4896244   34.29903076
  -4.47110494] 
109 [ -6.71437833 -26.66511439   8.50034686 -17.82445454  -7.53414459
 -12.03338381] [-5.26307427 17.10956349  9.50846928 19.41172047 -0.74408451 -9.12893484] 
110 [17.08512129 15.47318642  3.34678507 -2.80728289 -4.46225769 -1.99687372] [  4.99292147 -55.1714899   -7.3603558   22.36677085 -25.83532136
 -16.41512636] 
111 [ -1.66867163 -10.08565835  16.05174067   4.93092308  -7.03017333
  -6.5920059 ] [-21.59426073  -7.41424562 -12.64138068 -12.60439419 -19.21100891
   0.49734499] 
112 [  0.49863067  23.85275969  13.66309924  -7.15052556  -2.3672312
 -13.3644039 ] [ 22.71994686 -20.20293734 -14.90254031  13.9313377  -17.36261745
   2.58860329] 
113 [ 12.24285683   3.36494471 -14.14720156   0.3568962    7.849003
  10.4474937 ] [-31.79909874  12.99561431  13.46174781  -3.51087138   7.35597999
  23.03415832] 
114 [-1.42493552  5.5874242   2.24074506  3.09498479 18.28098098  5.07837252] [-35.51656184 -16.15324925 -17.24438618 -24.34706759  -3.29602879
  -4.5288436 ] 
115 [ -6.0639142  -17.80150034   7.90765017 -18.67409404   8.18193601
 -13.58893966] [-36.48096779  11.40506483 -26.5003728    5.71991068  32.79816682
  -6.6630939 ] 
116 [6.08838908 1.24984992 7.23236265 2.1149973  7.25258903 3.16717901] [ 10.25904284  17.39594247  -7.217832   -14.27909856 -15.66670188
   4.8371397 ] 
117 [ -1.1665577    2.12007095  26.30054234 -12.78615306  -3.36131435
  -1.06806551] [ -7.93232711 -15.63251665  -1.43899506  -2.02110779 -13.81290833
  -6.24503082] 
118 [  6.22636916 -16.1332062  -26.71884443 -29.70949188 -18.44786937
 -12.64143721] [-50.39642965  39.50337253 -43.00762752  20.69288517   5.17984056
  29.12610407] 
119 [-2.1954889  10.24141962 16.24585847 11.12301629 16.58627335  2.80716576] [-62.32284137  29.88344761  37.66076904 -12.32551635   2.45017451
  17.43734924] 
120 [  8.2446133  -11.12138709 -14.38177021   3.07155435   7.17898453
   4.75213559] [ 17.6545108  -18.92045963  -5.62130617  11.14639988 -34.49463043
 -15.06260365] 
121 [-13.93802578   2.20046361 -21.20170365   5.5521664   -7.11399516
  -0.67198889] [-35.54414492  24.70369323   1.26726365 -15.76219115  16.30458445
 -21.47300609] 
122 [ -8.52130062   1.04883807 -17.19833439  10.83310331   5.53152577
  -2.38823246] [ 18.74084275  -1.97117014  -6.65994032  20.50340337  -8.93976826
 -16.19329648] 
123 [ -9.73572816 -23.06160678  -0.09444558   5.43633929 -10.61721172
  -9.93999008] [-5.53742921  3.83590423 15.04587901 -2.64180963  7.25717297  4.88174049] 
124 [-9.27290336  4.83793448 -9.21128737 29.19856321  3.08058898 -3.20478265] [  0.09428648  -9.86193235  -3.91825577 -21.39897623 -14.59043072
  12.56087562] 
125 [  6.57567876  14.97347001 -20.74697759   7.8035167   12.13401941
  -5.64988543] [ 34.24098795  17.9856817   -2.1707504  -12.21728225 -44.36305277
 -30.98080067] 
126 [-16.37179687  -5.41228422 -28.26345342   6.32083822  -1.11087668
  -0.52071389] [  6.02187539  40.9865877    1.9501303   -7.33883632  -6.8588376
 -29.35274521] 
127 [ 5.20651935 -0.12424295  6.81536483 -6.57235653  5.05248225 17.09127325] [ 14.30454577 -11.88667523   2.72239552 -43.11011951  -5.55422636
  -7.86334514] 
128 [20.82723189  9.82374228 -4.54723152  0.70862514 -8.34140722  0.33206059] [-16.32914238  15.93854647   7.45979436   0.34294214 -10.95904863
  -9.71143543] 
129 [  6.96599302  -1.34379705  -8.79261468  -1.42577972 -11.91095009
   1.16406307] [ 6.42913326 11.00447877 42.07105198 -6.05875437 18.96078223  2.4919388 ] 
130 [  5.71525164  -5.08535576 -17.31726021  -7.3850322  -27.45058903
  -5.7660372 ] [10.84142435 38.78922714 10.88415431 31.06269323  4.30894865 19.93996541] 
131 [ -5.33730918  16.24803108 -10.49905852 -18.57008118  -6.19876717
   9.92579981] [-31.2789386   13.95902281  20.19317462  26.2375757    5.02684364
 -10.34517722] 
132 [ 9.37378171 -2.31721519 15.85344023 10.32672822  5.81255552 -0.90214298] [ -7.68568031 -27.8453115   -6.33961121 -20.13692218 -38.69500256
  -6.08535149] 
133 [  5.49098642  -5.51844066 -11.07068248  11.94904504   4.37207234
  -4.53139024] [-17.98866019  -2.10993849  -5.99204051  16.94867137  15.9858523
  -5.0533443 ] 
134 [-14.9657221   -6.68133414  -2.26342055  21.54962294  26.43106874
  -6.03767005] [  7.54298682  13.09753552  11.33228843  11.2429628   -9.04857052
 -11.03813566] 
135 [ 31.96298548 -60.83050465 -10.16428721  13.50202247 -17.56526693
   0.52359584] [-14.29173224  -4.66060395 -16.5408491  -31.62902093  22.62556093
  19.80558461] 
136 [-17.22979001  -9.66450521  11.83701938   1.04771976  26.45603141
  13.46270955] [ -9.19834396   1.02848913 -18.37134907  37.82600648   3.5040596
  17.75370029] 
137 [17.49858543 10.93695052  0.78545156 23.8125704  -8.13290669 -9.23433848] [-14.6964732  -20.8166102   -6.88883475 -13.45418615   9.30106528
  10.48203539] 
138 [1.08702153 0.71068906 0.37208512 0.30379689 0.7529231  0.3668242 ] [0.69015464 0.47797677 0.71021674 0.2761818  0.44888865 0.58697758] 
139 [ 1.23285093  1.14531567  0.66606271  0.49016238 -0.23476016  0.83844143] [ 0.84535266  0.73876058 -0.19064077  0.21270107  0.6855703   0.19075155] 
140 [-5.92299704  7.15241251 -5.68772009 -9.4983006  -0.81835281 -7.50476124] [  2.74595233   3.77197268  22.5066941    1.97629994  20.20230181
 -15.21674379] 
141 [-20.73260878  -8.60217549   0.74112431   3.05032385   2.83948527
   0.5226932 ] [-16.79889099  37.34047096 -16.1662663   11.60070443 -17.79595695
   0.66545588] 
142 [ -9.19420341  10.12260514   1.63046818  26.14027896  21.63904758
 -10.03643919] [-19.89017832   4.63233324  21.08880319  -6.37972647 -41.21739022
   4.89743718] 
143 [ -1.44318461  28.56958633  22.78127201   8.6458772  -10.90892211
 -10.12991545] [ 5.28223796  7.09534738 15.93590373  4.15964023 -4.07425986 25.83685683] 
144 [-1.5462315  -5.72957421 12.1744215  -6.29419916 -9.3885207   9.25163838] [ 2.21559430e+01  3.92985876e+01 -3.97270769e-03 -7.60621290e+00
  1.84260611e+01  4.87482159e+00] 
145 [10.20989205  2.97226916  5.12357542 -5.71957954 -0.60802494  7.9285669 ] [ 4.42073234 17.78043746  1.02426743 -2.95906267 24.3232186  19.16541983] 
146 [  8.30397679   8.3020039  -17.50841973  -3.81074981  -4.75554251
  13.45736546] [-38.71069753 -27.62242044 -16.21595448  34.68829318  18.08445733
  20.54019464] 
147 [-10.61982713   5.66102915  -1.85275844  -0.75510297  -7.38541227
   2.66999884] [ 12.58415406 -30.06180256   0.79622107   8.68262349 -14.71648059
  -6.63357244] 
148 [12.21172362 -5.46421131 -9.14394168 -3.80016154  5.10840937 -5.53825338] [ 13.59173288   4.01455786  -8.14803976 -26.72962766 -20.13104993
 -18.20181066] 
149 [ -7.37152975  -3.4259979   13.81626626  28.6181729  -16.58577672
  -8.6339724 ] [-13.9585234    6.99745574  21.97778484   2.56510407   8.56656883
  -6.32853743] 
150 [0.85722937 1.32678866 0.71762787 0.47553228 0.5342146  0.61488786] [ 0.75256308  1.10419261 -0.12001649  0.56941343  1.25292778  0.67662714] 
151 [ 2.11360712  1.29934947  2.95207713  6.30075861 -7.89561837  3.2140599 ] [ 15.56785891   0.40437973  16.32998075  -3.80577516 -14.58815034
   1.70398469] 
152 [ 28.69034013  22.01921103  10.81243446   3.08924078  -0.2052354
 -12.38085306] [ 44.47833902 -18.15855231  25.4946859    1.59126474  -6.8501629
   4.14510261] 
153 [  9.31997491  17.04224088  -3.8112634  -11.82538832  -8.15909661
   2.83604483] [ -4.74473357   5.07573195 -13.80338015 -13.86135977   5.4199917
 -19.07696979] 
154 [ 0.82124481 18.22812349  9.6977656   3.11004338 13.34219759 11.92628221] [  1.22981855 -21.74826429 -14.86628766  29.62356395  22.28790703
  22.6329003 ] 
155 [-19.82328857   5.65203516  -7.82427501   5.74968862  15.88071688
 -10.24120308] [-30.03164123   0.07962877  -7.90394814 -35.98827376   6.97656145
   5.09665602] 
156 [  3.81810862 -15.66712307  -4.70243447  10.68678374  -8.47870373
  16.65377151] [ 16.95412385   7.16560247 -25.24847614  35.28936617   5.86402013
 -25.03268614] 
157 [-14.66449278  -9.27310076  23.27693686   5.45882496   7.0938972
   1.03393757] [  4.95168093 -32.08390523 -13.29432852   6.66016043 -10.26051729
 -30.20591472] 
158 [-11.66391944   3.95602122  -7.77342779   5.74487237  11.30824311
   7.39032095] [ 12.89407228  21.16180785  -9.79111519   5.61142235   5.65322918
 -10.46066322] 
159 [  9.71076573 -19.36863537 -22.16890602  -1.82524636   0.25832247
   6.17337769] [-35.96959082  17.85851975  -9.27545706  -7.69124474  12.05826955
   6.57201298] 
160 [0.93800607 0.13419247 0.82650759 0.72920342 0.19819662 0.31578959] [0.55059796 0.17172915 0.70052816 0.67754333 0.27366435 0.00170555] 
161 [-10.30361985   5.52574237   1.80078174   2.53963252 -11.11285071
   0.40172185] [-78.36646635   2.19556789  12.74999086   5.2685266   -4.98991964
 -12.54957826] 
162 [  5.1755113    7.48133394   6.89069401   6.36851862   1.50530065
 -11.02563684] [ 11.48675888  12.31737132  -6.53834951 -15.2493681  -19.0805611
   9.68448054] 
163 [ 17.80927844  18.36884471 -17.9683288   -6.73768931  -1.90202622
  10.07536125] [46.22674408  3.18255506 -6.73084501 -8.43667471 -1.2939337   2.63009262] 
164 [-13.89957568   0.40789837   5.41648557   7.22226171   3.72687978
  14.78199959] [ 16.54891906  -3.0331395    3.85070351   7.97059351 -11.15384731
  20.5303596 ] 
165 [-26.75226426 -22.1994876    5.55203807  -5.98985589  -1.28549245
  -1.14707503] [-9.61132573 15.04205018 -8.84317692 26.60410221 28.41909369 -3.80150489] 
166 [ 19.13612205  17.09017922 -14.88543823 -10.24257728 -12.13020718
  -1.96040052] [16.70950874  3.69150956  5.28219893 15.18505633 20.21174215  1.94414157] 
167 [-1.21514987 -1.87183012 -1.06834322  7.13495475 14.6658972  -7.34790905] [-11.44641448  48.41658108 -18.56385651   3.95621366   1.44869659
   1.11309363] 
168 [13.13360827  0.8448989   1.86303604  0.36732753 -8.73024252 -2.10675683] [ -9.74651221 -15.82678963  -0.98672565   8.76253869  14.34996595
   9.27553572] 
169 [ -3.78692247  -5.08346097 -13.08099251  16.93560421  -6.58030438
  -4.8151654 ] [-28.20799265  10.47524649  -9.0830507  -29.63540866  -4.37117227
  10.32677077] 
170 [-3.52677167 15.46700466 -1.84073041 -4.72429612  5.89180281 -7.42563969] [ -2.3679779    5.36023991 -20.47787936 -14.26289549   1.48286964
 -22.85210242] 
171 [ -3.94383211  -8.75225043 -11.13137318  19.53148217  -1.15281636
  -5.91489626] [-14.56747517  14.0938481   11.66226128  29.21052507  -6.45035917
   5.67074667] 
172 [15.79102984 36.2446607   5.10699674 27.27324487 -2.2460384  16.55643342] [ 21.16834704  48.86806594 -17.55514084 -25.02901041   3.50220608
 -15.31042471] 
173 [-10.15638598  27.51079243   3.25413254  10.59192499  -9.43500738
  -0.47521098] [ 18.3497291  -25.93545612  25.68153151  47.84772013 -21.50405268
  12.00211176] 
174 [ 17.83295478 -14.3199493   18.08748564  16.59392508  -8.07471945
   9.85539799] [ 37.08016764   4.85614194 -26.07731701  20.03010123   6.53029379
   9.88924033] 
175 [-22.03750078   4.34106413  -4.88597918  28.79441988  -5.15052114
 -15.70886272] [-17.56199947  47.71038336  48.17361721  20.92732672   3.86037295
  -3.54180412] 
176 [ 19.1904219  -10.08240021  -5.3318571   -9.18176439  -2.33055272
   8.71884756] [ 2.17412976e+01  4.38073492e+00 -5.56721872e+00  3.89581964e+01
 -1.51554912e-02  9.96712653e+00] 
177 [ 16.23870964  27.24796953 -20.29588633  19.66119192  14.2283221
   7.7381401 ] [ -6.92011644 -45.64096417  -4.81273598 -22.88750368 -23.71819116
 -25.0287841 ] 
178 [-15.40725876  23.34367632  37.20879548  27.70819559  16.86466433
  28.45738547] [ 26.92721731 -56.60665109 -12.20131448 -18.69397668   7.53733987
   3.70107406] 
179 [22.6498146  -3.10901087  3.39629114 11.53514025 -3.27301247 -2.89667058] [ -4.75640061 -19.58611639  30.32533909  27.9363591  -20.66362944
 -21.42445247] 
180 [ 9.11725303 13.26798818 -0.02063186  1.33432958 -2.88277359  1.14396207] [ -1.6520978    4.8208972   -3.22103084   6.33204212   4.34026901
 -22.06233334] 
181 [  6.57856595 -29.38603453 -23.81900304   9.60747998  30.00547789
   7.87145343] [-31.85741038  36.64127261 -11.86472889  15.72156004 -25.54590521
   4.18770329] 
182 [ -0.58519124 -15.44104774 -19.50910147  -5.03222386   5.16669255
  14.34652249] [  5.36539686  15.58672352   3.90926074 -22.98182717  24.39742948
  -6.61238593] 
183 [-10.5034019  -11.7507944   19.45887671 -14.79987671 -16.87769416
  11.57605337] [-49.89914302  -1.88823902   1.88213532 -36.47803173 -16.63907429
   0.77462483] 
184 [-12.72393893   3.57923632  18.41939133  -1.52602888  -8.5596021
  17.67154658] [-25.50904383  50.86659068  45.64856958   4.18748825 -17.07324406
  -3.08486434] 
185 [ -1.46521218  20.51863186  11.3777212  -20.22937112   0.67985995
 -13.84674012] [ 16.08221068  20.26018081 -11.77372658   8.24657656  -4.70808999
  -6.41683814] 
186 [-15.27980647 -11.94413939 -34.14235238   3.64324155  35.50398271
  23.38105824] [  1.11488105 -21.41995299   0.76485102  -6.20678606 -13.30711781
   0.23367437] 
187 [ 6.85056885  1.40412158 -0.42309215 -3.15186447 -1.16207115 -4.35094489] [ -4.6617911  -17.78533408  16.4604538   22.98895749  21.75939673
 -22.05925639] 
188 [1.10174554 0.86524934 0.39362464 0.55165155 0.38341615 0.0447061 ] [0.77742015 0.81179964 0.61372704 0.55171949 0.70363644 1.12627854] 
189 [  0.72533426  27.2244611    6.69885806 -14.98865865  25.59286114
  17.15292116] [-14.72290085   4.12853455 -22.09936794   8.89857892  14.13238117
  -5.96187251] 
190 [  7.17890204  -3.3716535  -10.55151521 -10.31468773  -4.08518972
  -2.6105049 ] [-21.95117418   3.589814    -2.47101056  -2.69615233 -17.72606091
  11.61152636] 
191 [ 1.2654158  -4.86671106 14.99047666  9.27081647  4.19945776 -1.86906356] [ 7.99665909  2.64374165  1.89645189  8.32150086 -4.19989725 -1.12659911] 
192 [ 10.80526068  38.81565697 -11.66108402   1.70835169   3.4456878
  -1.53314049] [ 43.68697157  -3.63607171  -5.94479468  11.17988791 -17.87929432
 -13.69441615] 
193 [-5.35506281 -6.76656751  2.49161141 11.89254193  0.29819413  5.94762891] [  1.53044725 -22.51032668 -14.30912025  -0.69781696  16.38152628
  -4.93208779] 
194 [-5.43117166 33.41560006 30.93050749 32.7942445  31.7458524   6.04881271] [ 54.0195093   -9.3008496   27.93780296  33.15518183   6.13241655
 -14.63017911] 
195 [-16.06924417   4.35485389 -11.99180807 -10.48387248   8.98507161
  13.5718412 ] [11.02530256 -3.5237165  15.88973377 26.29614133  8.73181219 24.00585124] 
196 [  2.47845693   6.61155752  -4.8484791  -10.67140215  -5.28593682
   1.68745159] [-9.31867227 31.59223743 18.1055705  -4.04728392  1.03575868 10.32909904] 
197 [-16.72133544  -6.61036172  12.88664471  28.08918927  10.29281476
   7.82175982] [ -3.80462665 -24.00262602  19.00898442 -37.2277173   12.10784049
  -1.38871505] 
198 [ 3.25165276 -3.61110282 22.64891476  2.96483998  2.89200671 -2.11542429] [ -6.98922361   8.80961016   7.481203     5.95543783 -10.10431205
   6.38688911] 
199 [-5.05725224  7.43995887  0.2216777   2.82292251 26.94359505  2.2015109 ] [ 4.74770953 18.51402092 38.08395119  9.60957264 12.28130815 -8.08457392] 
