0 [-14.55095315  -7.82828547 -13.40899458  -8.5671757   -6.7480534
  -6.3055909 ] [  4.72744853  18.50694767   5.49365774  23.77141852 -12.68665409
   9.49004256] [-9.09706956 50.72987319 12.25564939 10.7693269   9.67151436  0.39382375] [-17.58245456  36.88958143 -32.92799443   6.69304383 -17.49603154
 -35.36991425] 
1 [ 16.30237218  -2.75011794 -27.2814632   -1.41483654  31.19371651
  -3.20333449] [-28.93796952 -29.45758102 -36.31129123  19.90656962  -2.00074783
  -1.97811353] [10.02981277  2.13007498 15.69878445 -2.85755937  3.98745739 -7.60644747] [ 10.68423055  28.6483457   36.42595332 -13.86544839 -19.50377907
   3.87987746] 
2 [-3.27906287 -8.213517    5.16493958  5.79658358  0.38764524 15.74279532] [  8.81494757  10.4426399  -13.22882095  -1.8669015   -1.25691698
   3.55491637] [ 4.59914638 28.98089563  1.18014642 15.60830053  0.09248738 15.61340589] [-12.86623667   0.62356561  24.15195521  38.26019668  15.39826378
  -5.82970246] 
3 [ 0.48984808  6.30760646 13.51857909 17.40808023 28.94553191  3.66778737] [-12.17906267 -37.45838963 -20.83313136   0.96675414   0.23001381
 -23.55927813] [ -3.86057767  17.33213854 -10.72571044 -29.67815065 -11.64621252
   4.81929199] [ -7.64838245  13.84568417 -22.66340086   5.23451033 -13.72341762
  -2.78884992] 
4 [11.30974446 14.77604466  8.74083498 23.44672159  0.20589906  2.32784044] [ -8.89685129 -10.39990619  32.0812391  -12.12820373 -26.21410646
  -0.38004634] [ -1.25482461 -23.01824578  -2.17743897  24.18387217  -5.15458686
   7.58105381] [  4.46213797  31.95545964 -10.55512834 -55.91037056 -23.86299673
   5.46478562] 
5 [-3.88555784 19.0964138   6.87042373 -9.65819255 -5.54789064  4.48254302] [-28.320067     3.19962244  -0.90435628  23.28130826  16.92747844
 -17.43483242] [-17.48889395  -6.41627278 -19.10301638  17.5453021  -10.1074464
  -0.88645972] [ 10.17557997  -2.64969985 -22.25045655  -3.62945922 -16.59677978
 -23.30684564] 
6 [ 8.19296009 -4.48621683  2.95394122 13.43594579  4.76058862  4.8505831 ] [ 23.35317531   3.94340759  20.92198121 -14.89237482   5.35066212
   0.96618527] [ -3.26319535  -6.22556891  -7.94395326  -1.00376551   3.35954476
 -11.89183013] [ -2.99238589  -8.04103034 -16.5651647  -17.4713971   -3.36882929
 -16.94780191] 
7 [ 11.20541776   0.24588908 -25.52574892  -1.89574823  12.48877015
   2.18313094] [-16.6501381   27.25774763  10.41246216  11.9243782  -13.67130782
  -0.65726065] [ -1.39294269 -13.78939571 -13.69683901  -9.97110973  -9.02121831
   2.31195949] [ -2.25045005  74.22022275  28.61988546 -10.25842228  30.22969986
  33.62147596] 
8 [  0.84947399 -21.42853128  27.18614308  -1.6212925  -17.89657448
 -13.20625495] [ -5.8799416  -24.3176836   -0.7964297  -15.09173321   1.86995644
  -1.3928113 ] [12.45480471 -0.88488555  9.68503826 37.13371442 30.44889726  4.76667123] [-9.33672788 29.23579035  0.22566152  8.72834627 19.30309652 25.02169071] 
9 [-16.14502828  34.83849405  16.19423719   5.16277343  17.24451898
  14.04095629] [  9.9444614  -39.38717617 -47.3863546    3.7077238  -30.44660331
 -13.25976864] [ 10.75658901 -10.10344999   0.63013103 -22.61188742 -10.47695399
   9.59783305] [-23.32930499  27.96082246   5.62816591  -3.78670893 -20.81712268
  25.09227262] 
10 [-9.02303376  0.38079953 13.44301448  6.15363047  3.39790203  5.25339075] [  2.85901842 -15.74252055  29.65549724  23.57109968  -3.93230003
  -5.47431908] [ 16.13353172 -13.66810049  -2.91563618  -9.25048599   2.78816864
 -13.66989003] [ 10.41099676  -4.79098356 -14.76085382  -5.49531155  -2.60335392
 -13.39849502] 
11 [-22.40861741  -7.89416715 -15.4462097  -23.2936784    9.55485832
   1.90390129] [ 80.99294399  26.83632602  -0.10003866 -14.60699546 -10.52924024
 -23.39909325] [ -3.06254167 -13.88054952  -4.84813993 -13.39083635   0.79372599
   4.56464761] [15.89459784 31.70508252 22.08173198 -6.75403268 -2.82655181 -2.82582056] 
12 [-23.36056096  -2.78660672 -22.07485182 -18.30568507 -12.28239761
  -4.91385065] [ 21.18442368 -31.72822566  31.91978569  -3.02943613  16.74411886
   6.6746493 ] [ 3.85042926 16.0064251  21.30807973 -7.96092891 -0.90011493 -6.12497981] [ 20.88224434  28.03484768  49.30974211   2.20430334  14.56416172
 -26.79385141] 
13 [1.1656968  3.15367985 1.0838226  4.34361809 0.15288644 3.72458434] [-39.97439929   2.3073533  -13.18897345  22.90556108   3.32267401
  -4.54913344] [-10.10330976 -26.61811911  -5.03234091   3.71863969 -21.53629056
 -24.92122916] [-20.13702281   4.66123567  26.63329681  -1.7577969  -22.4931633
  15.42393963] 
14 [-30.59499675 -21.12709715 -10.33310003  -3.77752467  -2.45655504
  -6.52072681] [  5.98137129  23.41025172  -0.03612329  16.41967439 -18.41301328
  22.90909663] [ -7.46029982 -13.16979395   7.8081334   -0.2825469   -0.94942347
   7.42696631] [-29.12824118  14.51916781  -8.50826841  -6.15391587 -10.45439432
  -4.04052436] 
15 [15.6954757  15.60444403 -1.37308172  9.39860538 -4.24469213 -3.4407619 ] [  9.96955938  -0.27671278 -15.41409711 -14.64359118   4.47598838
   5.10861671] [ 16.25896183 -30.85781571  -7.11728181 -11.9731498  -10.52413203
 -12.60957145] [-36.56585484 -30.26562162  11.26958236  17.0174143    1.98810931
  20.49336347] 
16 [ 4.78882862  8.6048157  21.68107005 10.04385457  3.79299869 10.73121565] [-53.00733983 -28.52404972   2.80887623  -6.88769768  -1.97903259
 -15.10998231] [ -3.25965813  12.62495716  18.54145782 -10.7713601  -26.31250501
 -15.87701587] [ 10.01981437 -16.74500302 -28.5990599    1.64043232 -19.26106184
  19.14050383] 
17 [  9.68402848 -15.36293129  -5.41044542  -3.71093353  -2.91413937
   3.96762175] [ 19.32907882   6.43909089  22.80722511  24.46196805  -0.0664513
 -10.21250386] [ -9.15870364  13.27998457 -27.05159134 -24.65854456 -25.46291227
  -9.66909184] [ 14.09914715 -17.83896322 -13.19526152  -3.87000339 -10.12607921
 -19.06516656] 
18 [ -4.73108206   2.27273079   0.35626812 -13.73892219  10.37136234
  -8.1755601 ] [ 28.10084349 -29.90803594 -40.20967552  27.69613314  -0.54850926
   8.60128119] [36.74401811 -0.98384453 19.49299981 -6.64706653 19.6238665  -2.90879069] [-21.45802672 -20.20321668  42.05269033 -42.00904457 -13.77278311
  34.84815798] 
19 [ -6.67884678  10.97628859 -26.35446152  18.40299275  -6.49278679
   4.56400534] [-15.27078559  20.48595603  33.31468105   8.89363732  18.7443218
   9.69681757] [  3.53240638  -7.04754359 -22.04108996 -18.45449728 -16.2616296
  -0.12150397] [  2.45065485   8.0476848    2.73522758 -15.7749602    4.49005029
  -2.68452099] 
20 [ -5.37339467  10.69839144 -14.31497071  17.24603209 -16.77722492
   1.26199079] [-3.1356697  51.41124757  9.29836265 20.5861783  13.78212431  1.72521807] [ 1.49832967  5.68484293  7.5019077  22.55040695 20.53536779 -0.87624755] [-22.81350126  -1.76560089 -17.85794185  11.65867616  -0.83684176
  -0.91671288] 
21 [ -2.0342712    2.79607171 -14.35352141   9.47599371  16.01373537
  11.9394251 ] [ 3.54429788 -1.21977269 -7.65208484 -8.80069893 -7.18678131 13.68595848] [ 12.65476551 -30.71798076 -10.35832461   7.09202612   4.51227485
 -16.86177829] [ -0.05984541  -7.51577097 -26.7157207   13.26111006  28.00640471
   4.940391  ] 
22 [-12.88657436  15.85807849 -10.22046168   9.50709847  20.92667371
  -5.24555053] [-20.72404014 -11.88464657  16.25005416  10.19216656 -13.12946777
  -5.18865072] [23.84307024  9.4015598  11.77654563 -9.64845954  3.1066397  -6.03228811] [-1.76580171  8.55799207 19.86096909  7.72505451  3.84718434 -5.93579007] 
23 [  0.99056037  -6.51488789   9.05453563  -5.41802541  -3.55327463
 -13.98554987] [ 22.11364063  -5.57441174 -38.81999995   5.24159397  11.47750164
  -3.54441107] [-10.82607199  16.11159353  16.10793865   6.13951596   6.19686684
   0.48178891] [ -3.71406534 -39.04719488 -17.11652924  -2.10435837 -25.09171966
   9.32025871] 
24 [-14.45058994  -0.80288045 -10.47449671  12.49747206  -3.90827133
  15.81336352] [ 31.76493598  22.16295537 -28.84893118  14.69169736  -5.38520544
 -15.49340101] [-18.59284492 -30.67587272  -5.58700424   0.53304633   4.1480811
   4.65424871] [-5.39469628  6.86438488 10.83135683 13.4919062  30.52299926 29.64403131] 
25 [ 1.67518093 16.04210464 14.58375341 -3.36162193  9.8804606   3.05829798] [ 28.46822678  15.97722048  31.77522504 -10.96737105  21.3546771
  17.25983566] [  9.74192603 -23.83528285 -23.64585365 -28.42020459 -13.34021588
 -16.37270453] [-46.47889184   7.77691814  -2.96911918  -2.67549451  11.15382894
  12.68236874] 
26 [24.93318763  6.55903791 15.49538047 10.07058522  2.57265668  5.18135969] [ 4.80184488 12.88856649 19.73435982 -7.31459606 10.60912866  9.91204022] [  5.10015836 -10.06418726  19.25751301   4.55483378   4.75904823
  22.18578338] [68.85881822 17.68832979 14.43744296 29.76523761 10.54103758 -2.95036302] 
27 [-0.13098801 -0.31550867 -7.56899518 -1.30970106 10.20141904  0.76425343] [ -6.11321088  -6.70118084 -19.88023539   5.1397873   -4.69530384
  11.61781536] [ 19.0617427  -30.08736203   1.78262419 -20.94635736 -27.94824509
   1.17452781] [-49.33617168  -2.54818082   6.89923917  18.13169501 -19.89785465
   8.05042109] 
28 [-21.85981782  13.23241856  -2.77832626   3.65889935  11.12323474
   5.19014823] [-26.52237709  23.00730501   0.11614849  -4.57833883  25.02393564
  24.89188148] [ 24.59324931  24.19723351   7.99261016  29.19427886 -10.95096485
   3.76581804] [ 29.39432938  27.05954652   4.65995159 -11.87759744 -25.33618775
  20.93211115] 
29 [ 9.70155969  4.24105621  9.57120655 -0.05869793 11.18876123 -4.30756111] [ 2.05999429 25.96272876 -9.16439617  9.14276027 24.83409506 -6.66769693] [-8.858097   22.01679579 25.04100069 31.31851579 36.39662026  7.89262094] [ 35.50026762   6.0205394  -16.04646457   8.06477645 -26.01492334
  34.2172402 ] 
30 [ -3.00495247 -21.99393906 -23.14896652  -7.56965922   8.43905925
 -25.74995886] [46.0651203  82.69771797  7.86066366  4.4528379   1.83010525 -0.48727062] [-15.18864903   2.36692866   0.16708672 -13.53469218  -1.76297035
   4.27647649] [23.77923182  1.91781143 -2.41954422  9.54875404 -1.75338133 23.73428511] 
31 [  0.7761043    5.08853383  15.37182427 -19.33043215  16.62337834
  13.4170293 ] [-62.20186029  -7.35265502 -27.55540126  25.82767161 -46.92661799
 -17.10050014] [-14.83959633 -15.54608412  29.09008908  14.02465082  10.87663874
 -19.63202205] [ 76.71294332  30.40103083  -2.5234212  -39.14474439 -17.86535804
   1.95510248] 
32 [  2.28236855   9.97541212   5.04711908  -6.46845796 -15.08941197
  15.55528408] [ -3.02290263 -25.11064593  -8.96938222  -4.06002318 -26.31316234
  23.58156513] [-27.87713427 -17.8377041  -10.71867832  15.44587551  17.94452685
  -3.83914832] [29.89006715  1.36047056  6.94192756 28.29695515  9.28063386 26.97359945] 
33 [ 14.05676122 -10.02108967  -9.64328943 -14.12219526  13.87271123
 -11.23354532] [-14.99777658  31.07835068 -22.89524986 -11.74181455  -1.20555299
 -12.79702075] [-18.16055633 -13.43028387 -13.84463236 -10.17297753  11.37004614
  18.43111384] [  2.01482436  -2.24229317  25.72206459   3.55416713   0.61159961
 -13.56412231] 
34 [28.0217248  37.7096079  11.96960814 -9.25709716  3.88784304  4.70269433] [ -0.12931168  -2.98758438 -11.3053973   -4.55957823 -45.81735175
  -5.13213451] [  0.16567989 -31.09112741  -7.21841282  -1.69325116  -1.81469202
  -9.38838688] [  2.75422241 -12.57657088   5.54381527   7.41925912 -20.04339953
  37.40375747] 
35 [  5.49761523 -11.67750549   0.31201337  24.92490897  15.82832738
  -2.63956223] [-40.50390398 -14.00707594  23.33601403   5.03277299   1.48162448
 -35.65674108] [  6.44264073   7.11220388  -3.43746937  -5.33254162  -8.32607632
 -15.98060421] [-5.01105519 10.46071682  7.74931408  6.49926426  6.25893536 13.11322003] 
36 [ 1.11817843  7.04963734  5.08859414 -8.44309404 -1.39317575  4.61772904] [-8.74861509 -3.58995723  0.51679069  8.54280829 -5.41969244  2.6833195 ] [  6.73637661   1.03799525 -18.35371693  -7.52862379  -3.46050232
  29.25195459] [-30.59908839 -33.67491134  15.49713075  37.04825199 -22.16363275
  12.27713967] 
37 [ -0.51245382 -17.53187544 -22.2395098  -10.98741303   4.63291337
  -1.84673707] [ -7.76129976  28.87387826 -11.27049938   0.95884474  37.3761261
  10.02659055] [-13.07395061 -13.57399298  14.70201061  12.23032367   8.20498595
  14.36867071] [-27.01858483 -17.67874497  -8.70056663  17.98792657 -10.40841919
 -11.68734607] 
38 [-15.80683972   1.7431385    5.35351203   0.29390397  -6.44674363
  17.76235959] [-30.29555976  -1.73086551 -24.77869369   6.88877984   2.78693966
  -0.91098963] [ 7.12290635 11.93516432  2.59021375  3.04327153  0.45121065 -6.54472702] [  7.25359331  -8.47879409   5.47498644  10.32489354  -6.18527573
 -35.51165307] 
39 [ -7.31669768 -15.63796171   0.66762342  -1.05654491   7.53602404
   2.92983551] [-10.98906516  17.78296531   0.73674254 -14.32953083   0.32398016
 -22.04664161] [  7.64619938  10.09951962  -4.80014276  -2.16557149 -14.71764853
  -8.10099309] [-13.48251813  21.47593403   6.44208198   5.5620214   33.14128273
  20.82807749] 
40 [ -2.71988606   6.24621533  -8.03106313  10.17596056 -21.36653859
   0.61738631] [33.37843028  8.06933112 20.20460606 -7.40718063 -3.63311049 16.50165852] [-21.6026045    6.21309243  15.58134678  16.15831541 -14.6837888
   6.66482869] [-36.53765837  -2.85547027   0.81016276  -1.33249311  -9.14432184
  27.01345488] 
41 [-3.14776541  2.043335    7.22807787  9.69394883  6.07329876 -3.74943451] [ 7.35583993 13.32648367 14.95087732 -3.40077836 -0.8960425   0.43782478] [ 7.30341586  8.06753718 18.86890179  7.06642018  5.50035479  5.37327721] [ -2.12361201  29.63564909   1.43681783 -30.88399508 -13.60514708
   7.3461911 ] 
42 [ -4.02951687  -0.13793958  -1.0061198    3.71383682 -11.23454467
  -7.76082337] [  9.01550008 -10.93422577   2.52220076  -8.23959486  10.4463344
  14.49802882] [ 7.32105361 -2.26662036  2.56582226 13.73984971 -4.15115265 -4.71086517] [ -9.56001331  -1.02616983  -6.1383934   14.56658541   9.88711332
 -13.59232338] 
43 [ -3.86114495 -31.94921352 -15.39222104  17.71924325 -19.50690056
   1.163048  ] [ 12.06596577 -43.79851439 -17.1444349  -20.7359821   -5.80525934
 -15.88138747] [-23.58106047  -8.645456    -6.66994387  -6.58372423 -18.53377788
 -12.92549562] [ 39.50713185   0.19887105 -35.12507276 -11.31354735 -16.03398004
  -6.25466262] 
44 [25.3989119   6.54374887  4.87382536 17.36825859 11.13309833  6.5769004 ] [43.99500818 29.55964655 14.08523688 42.54831155  8.2800654  -0.16046012] [12.0022142  -7.58593385 17.91098189 20.59683887 12.89339318 11.2736049 ] [-45.81049175  -1.2661347    8.80750249  44.02485406   1.41418574
   3.2179244 ] 
45 [ 11.52761676  -9.66749545  16.64280481  10.3671305   15.93995891
 -11.71528967] [-27.61147854 -60.05634612  -2.44380383  25.1433419   -8.13585098
   6.51401743] [-8.87205619 -7.24179159 12.12585466 16.60565986 20.05678142 10.06412858] [-13.84127002 -13.21679773  20.01377694 -25.13679447 -74.66406587
 -22.76259723] 
46 [-15.96489489  23.07221766  26.66117623   0.54472615  -0.44016586
  12.81671531] [-60.09341807 -18.37592191  -1.53489287  17.14697115  -1.55905325
  51.32303024] [  1.20668105 -10.06088502   0.95985419   2.49231153 -18.14485831
   7.05427152] [-30.16687878   8.36646406  27.23577198  -5.14083693  29.52671069
  -3.40545547] 
47 [ 4.24618815 10.04378075 11.61152051  6.21248183 -7.8711556  13.37196453] [ -1.21190398  -7.22279907 -11.92008085  23.81551951  25.2081569
 -12.41207024] [-4.18192168 10.63047191  6.73267611 29.09924127 17.62645648  0.17725487] [ 5.91218482 -4.86950376 -1.57273987 20.64210721  4.35095668  0.1154844 ] 
48 [ 9.70278348 19.97014826 -4.62278833 -7.55344871 17.49299637  6.46332567] [-11.56117886 -13.16379096 -16.81325601  13.21064472  -7.79933488
  14.11514106] [-14.31406866  -3.32117124  16.60322825  -5.65791701  -9.23990583
  -4.40295434] [ 63.74166302 -47.35300462  52.68014768  24.98818776  25.31143031
  18.96755663] 
49 [ 3.4085946   7.05943493 23.61792863 -8.09075576  8.66935003 -3.21916287] [22.78561063  6.20138111 43.33294699 13.29944358 -0.15450295 -8.63370661] [  5.14777994  16.87622019   4.33484407 -18.57217017 -19.55098323
 -17.7623915 ] [-23.49631235   1.24821157  11.04124882  12.66935713   5.67886387
   5.8932256 ] 
50 [-13.58943446 -20.67948829  12.53762844 -11.64220176   2.13248926
   2.96809534] [-21.65922209   9.33562568  28.69833425  17.01968107   9.70148377
  10.23579623] [12.72604549  7.39149666 -4.89935189  8.50859749  9.32705753 -5.3894732 ] [-58.47893011  -9.63699028 -22.25103897  13.99495974 -15.9890795
  32.37960065] 
51 [-19.94435283 -18.86324514  -0.5905731   -4.47793275  16.37047541
   3.35416012] [-44.01607683 -29.70850494   3.78555155  12.73020727  -3.85292029
 -16.14616779] [ -6.82774627  13.63129579   2.77461598   6.55943926  20.14331808
 -11.66941128] [49.40346808 12.52568363 32.1360463  20.97469421 -6.84202964 -0.57419106] 
52 [-12.90643641  -3.02326557  12.89151526   7.28630349  -1.02119277
   7.28331548] [ 8.67903578  2.21000631 -2.90828546  3.55737888 -5.9359261  11.13873016] [-1.0025161  -0.23465031  1.31923845  5.96051448 -1.47231165 -1.23872043] [ 2.83790827 -0.37260592 -2.80252964 -2.73726234 -1.28579562 -0.25118855] 
53 [17.8839048   7.65646969  9.64491221  9.77746756 -1.98548637  2.97419667] [-22.82778046  16.19724679  -4.03921519   0.71222019  -1.9054404
  -1.99764083] [  0.55350699  22.35075175  -0.97304875 -13.50067676   4.55840594
  -7.82788995] [-17.19890797  51.07144895  29.42305357 -11.34208459   0.20805748
  -4.8868958 ] 
54 [  9.4136097   24.71449606  14.42411717 -11.81356045   4.949125
  -3.59354141] [-11.75565947  -9.65788012  -4.01070851 -18.23721762  22.02280429
   1.34732749] [  5.35636559  38.99627124  -4.45940966  25.01021449 -17.36578721
   4.88595067] [ 4.06661914 26.47429564 15.85325225 16.28212118 16.50916546 -9.21246852] 
55 [24.47664028  2.10670329  5.3513512  20.32475863 25.9185517  -4.24487382] [-13.78272894 -44.02359714  29.40187764  -9.87714476 -44.32480282
  25.28387463] [10.70187534 -6.83557435 -7.70603629  7.50573111  0.27445101 -1.3400492 ] [ 19.12783388  -8.7770896   27.330782     3.18336623 -31.63459081
 -23.61198284] 
56 [-3.31264119  1.2730885  -4.83072429  6.56765823  5.95895368 -8.13433622] [  7.78941201 -33.58239598 -14.8290281    7.56179694  -7.60764158
  -6.02505996] [ -7.57837447 -10.56416672  11.47080389   8.88710618  -3.54082842
   4.68412384] [  4.81350988 -43.411682   -13.10121283  -7.74640024  -3.02770451
   1.31770373] 
57 [  9.56189656   1.4058688   -2.74160083 -16.30070244  -7.19047478
  -1.11412427] [ 22.67124476  17.09099279  11.51353399   3.14714494  -7.25911533
 -31.48594841] [-14.82720104   0.61804567 -21.91619148   5.39826971  -8.1206258
  -0.74341717] [-28.96150729 -15.2507151   -5.12165674 -27.93017269 -24.51651591
 -14.50227609] 
58 [ 13.25158622 -21.0587775  -11.38613295  -3.33966505 -27.74497641
  -8.9466232 ] [-30.27501034   5.57823657 -25.00998838  21.49916111  -0.50469658
   7.72451601] [  9.35529907 -25.15317849   1.00117026   1.89601271   0.29151235
  -2.87189992] [  0.19783018  21.51170618 -16.65327363  -0.98768781  -4.31389483
 -18.26553784] 
59 [ -4.31389955 -10.61648071   3.25143999  -7.23543347   8.73463559
   5.05392821] [ 42.22626548  12.83036353  15.71025675 -23.59615941  -6.56727235
 -12.82896993] [  0.0294431    2.54221334   6.21853632   7.79616481 -22.88924285
   4.77673196] [-13.70258205 -30.90826035  18.6913385   -9.15249052   9.48929109
  -0.20004299] 
60 [14.53809345 -6.61802631 10.60087643 13.05588248 -1.38220131 13.23122824] [-25.18401293  -0.95215572  26.02673858  34.46438308  13.18490282
  -2.52684425] [ -5.49559084 -10.07645729  -4.30361138  13.36343719   0.48648137
   2.57822908] [ -3.55825812   5.80342031  -8.68978366 -13.00788728   8.20066689
  -2.7606975 ] 
61 [ 12.17502254   4.31607133 -12.87433744   0.6022659    1.4765081
   2.01308794] [-44.73750226 -27.87215889  -0.94559124 -17.40453536  -6.47486017
  12.87073559] [ -5.7759468  -30.66916651  23.82018814  29.9783611   -7.60271657
   2.09814077] [ 7.21544992 -9.35051923 -4.15867642  5.84563582  8.91608573 23.51466755] 
62 [  0.2738056    7.33697572   5.78730031 -11.98776023  -3.76519412
  -6.98228901] [ 1.35235868e-02 -4.55745616e+00  5.76946102e+00 -1.47793389e+01
  3.63573784e+00 -4.32898839e+00] [  2.65633863  15.8960633   13.65473137 -30.23987979 -29.85934961
 -18.31573029] [-35.33056701  50.02378982   4.16084747  21.55855763  16.17871389
 -29.69424107] 
63 [-1.03908038 17.88737095 -9.75363528 -2.96306619 -2.57755188  7.1218772 ] [  4.20851189  13.5715244  -17.45560795  19.2335874   12.77327452
  12.10657509] [  3.68771196   0.96834286 -13.46865909   6.3557844   13.69264153
 -21.83992502] [-40.25357444   5.58732509  54.3995209  -19.64274841 -44.24203348
  -5.04682451] 
64 [-3.94435707  9.06273801  8.10861296 -1.0722396  -1.71173069 -3.23278873] [ 19.19354618 -26.00910978   4.00839233   5.59696231  13.35847058
  11.45893936] [ -5.97033901 -23.09086743 -31.63436373  -9.72806556  -1.91238831
   1.44307924] [ 13.92321249 -19.02932704 -26.85291733 -20.62611452  -0.82520842
  23.57105751] 
65 [ -4.21618373 -42.53489449  -7.14228358 -14.55076131 -11.7851183
   8.72857523] [-26.7032191  -13.96778895 -23.49107606  -4.11621042  41.04569632
 -17.5520941 ] [ 14.40679578  -3.70681281 -12.10815436   4.89278906   3.64810498
   6.89416676] [-25.0930562  -13.02445554  -0.55043046  -0.50927218 -28.3975314
  16.62196845] 
66 [-11.53521369 -15.21783175   2.39395858 -21.14217294 -12.9024428
   3.81584719] [ 47.08546954   9.46920502 -10.0935533  -41.66340839   5.99718072
 -15.93357871] [ 29.8074104   12.87935371  12.54037691  11.31583766 -24.71909569
 -35.44545014] [ -3.82763355 -13.28058701 -47.08319005   5.14202512  15.67169236
   8.18220674] 
67 [ 5.59591415  3.66129921  9.93750327 -8.38259698 -8.24048532  4.2806253 ] [ 16.68008695  14.38115584 -10.22555699 -13.77840979   1.97336833
  16.48066666] [ 10.88079765   3.07704996 -27.22526595   5.66770363   4.35323468
   1.69116703] [-22.48208803  23.41917496   6.72855684   7.18078714  -7.60532339
  -9.49052356] 
68 [-2.96265654 -8.27671774 10.1367208  -1.8622839  -0.28978272  5.65695678] [-13.0486748  -22.97925366  -4.98821095  -2.68332198  10.06870353
   6.60800392] [  4.32615498 -29.38819459   9.37964587  14.78721962 -17.77490406
  20.36134046] [ 22.52701228   3.3171503   14.23070858   3.10018617 -23.75110752
 -16.01089952] 
69 [ 0.9102783   6.72603283 -9.96785866  1.54227769 -2.67204712 -3.89398632] [ 16.16527547  -6.80864334  -9.97525902   1.00036319 -23.89613914
   5.72449696] [ -1.811893     7.0755765  -10.15977932  -0.92731026  -5.96871703
  -5.6791231 ] [-20.20377104  13.80964036  -1.6971673   -9.78374842 -17.06339797
 -22.45329003] 
70 [ -9.83993319   5.10169509 -11.92738937  -8.71497823  13.37837859
  -2.73933377] [ -5.94918996  36.69162483 -12.26087329 -20.38180125   9.06982797
  15.04516393] [ 23.65371287  19.64957883   4.52443135 -28.27787468 -39.19192811
 -13.65641007] [ 13.43552069 -23.44707882 -25.77530532 -17.50098697   6.59029761
  18.77110975] 
71 [ 33.35509491   0.75986558   8.64293113 -10.46178006  -6.84000435
  -9.36512413] [ 25.33792761  20.64312621 -31.83708388 -28.93024178 -12.09057596
  10.24085812] [ 2.05520736  7.56551262  8.7680358   2.03579148 -8.99692188 -3.26323344] [ 30.08918707  21.04991579  10.89544536 -28.45172841  11.87498702
  11.10846928] 
72 [-1.31538347  4.82382258  1.8076157   8.66668828  1.5366862   1.39045504] [17.64718853  7.56666746  7.0309583  10.87838962 -9.4222436  -4.40939365] [-22.67207916  12.85953136  -4.3488714   -7.19436612   5.43378034
  -3.2416659 ] [-22.46207716  -6.63376949 -22.80687804 -12.59912215  24.17502502
  21.78014248] 
73 [ -9.43818851   2.11873558 -18.86133686  11.70948083  16.28809828
   2.61138479] [  4.69590034  12.45235317 -12.14173032   8.69822852  24.78758748
 -28.55975472] [ -9.04742267 -15.91186928  -6.56374307  10.06475914  10.84118745
  22.99655939] [ 24.7067374   -4.48684645   7.07287377 -13.41776833  -9.10878361
   8.33430011] 
74 [-16.2025402  -13.39591325  -5.75885837  -5.80522582   7.41223532
   3.19821755] [ 63.69010096  28.9387125   -8.06418282 -28.11574334  -4.22815607
  13.03588462] [ 3.04628785  5.38797135  2.91076319 -3.4123384   3.53783264  3.86706964] [  1.63656727 -10.39618092 -40.01028386  -4.63047594   4.46249795
 -20.05741816] 
75 [-4.24511437 -1.82100402 18.14811283 15.62339402 -3.63344873 14.39397472] [-32.07495265  -8.60879494 -15.08797823 -10.31582236 -29.45175907
  18.90110616] [ -4.78880203  12.65438573 -24.43320935   2.92641705  -0.15187992
 -11.82171157] [ 46.71275104 -25.73754197   3.64628489  -5.53789394   6.38913145
  -6.17097854] 
76 [-13.80720525   5.58881649   5.59177296   8.24587461  -4.88139299
  -3.18303442] [ 27.52085885   3.65680529  43.6707311  -17.06120464   9.37621875
 -12.31097833] [ -4.0641091  -12.68534333  -7.74308774   0.95691445  -8.6244735
 -12.92539802] [-25.27874544  -5.51755315  -9.82591562  14.55115338  -8.23477029
  -5.49750512] 
77 [  3.22878893  -0.39453603  -1.01885619  11.66681999  -0.2987434
 -11.4816594 ] [-20.07557441  -9.57555731  -8.83784319  17.12603317 -29.42234841
 -11.72791856] [ 21.2358661   21.19474584 -20.87168577 -10.68883766   7.67326993
   0.89022726] [ 11.87187115  10.22835395  13.22916116  11.56806002 -40.56893119
 -13.67967916] 
78 [ 22.93710115  22.47712026   7.63900136 -10.0246785   -1.97338894
 -17.73703986] [29.70006759 -0.42288278 20.37346392 18.32679166 34.71560962 -5.98744668] [ 5.95547781 22.4630487  24.86741472 23.7020081   3.84949046 -6.28283124] [ 16.48955179  -8.70386117  16.47011468  27.98763318 -37.71268642
  45.31227911] 
79 [ -9.03795935  -4.2136276  -18.32985364  -9.07434129 -35.64105123
  -5.90559676] [ 3.78469698 -9.03119568 34.12705011  2.54818214 -8.81643549 12.51502945] [ -3.69130949   2.27126379  -1.74505017  18.40483187 -10.66900419
  -7.0434184 ] [18.61061986 29.2447977  32.60057698 20.583336    3.33770326 11.03248539] 
80 [-0.72092384  3.61344051 -5.64419511 16.22285099  7.62189663 12.31592196] [ -1.5464239   10.69694227   1.07876345 -26.21663874   9.26898296
 -12.51667803] [-13.38118097  12.46474467 -12.51893551  15.63746543  11.16598919
  -9.65493335] [  9.56549593  45.70393194  17.56208258 -39.53592179   0.45847838
  12.18926801] 
81 [ 15.57296856  -8.78695461  -2.96110819 -15.33232658   7.92229294
   0.88837397] [-29.14711411  -8.30304395  14.83898082 -44.25637094  -1.37139718
  18.24165065] [ 11.73353992  -9.16759428   9.41969015   0.69890788 -16.46603325
 -16.53767415] [-18.82283778 -11.07726002  37.75754498  13.6547068  -22.00156757
 -21.20129681] 
82 [ 10.55702927 -11.55430482  12.85933155  -2.13617265   4.23934807
  -5.08525588] [  5.0093703   -4.64525335  17.31262313  33.95367649  -4.87136573
 -24.99192152] [-8.25271817  6.15367118 23.9383597  12.68486524 16.75433184  7.25317876] [-54.80115506 -18.25150021   2.22497638 -31.0735937   -0.97697301
 -25.18905491] 
83 [11.58859735 -7.12304747 -8.27345304 16.37981866  6.73675275 -3.43726306] [ 22.8687355   -2.81307273 -14.49980721  19.45936059  22.94912581
  15.00646273] [33.04398612  5.07098931 28.33765096  5.74511185  8.42733874 -8.84829007] [  4.83656019 -30.22840119 -22.00381549 -16.17047707   2.74800578
 -39.08334774] 
84 [ 23.95696512 -13.53265804 -14.76364245 -53.39192334  -2.28951299
   2.86275221] [ -8.65943431 -19.11493811  19.54057192  39.88424611  15.32492607
   9.58561472] [ 18.562788   -14.58656635  -7.80111718  11.37596176  -1.62641257
  12.29711785] [-47.25193703  39.81511636  51.65046531  28.15529218  -5.02738492
 -29.9973554 ] 
85 [-22.32536281 -23.16354948 -28.18298579 -12.46670133 -31.28525731
 -16.39872933] [ 38.04516023 -32.08947157  10.0767094   -6.59601099  19.76176426
 -24.20368576] [-4.56863545 -1.00355014 -8.40880038  6.84372771 19.6963341  11.62442453] [-11.0477951    0.56677883  29.28019702 -12.30972532  -1.07559942
  -2.86609786] 
86 [1.10661814 0.47831005 0.46191689 0.9584944  0.75105081 1.23114029] [0.72570721 0.98563607 0.58074634 0.35258669 0.28448387 0.73353404] [0.96025812 0.58913293 0.21698173 1.02269252 0.83789664 1.06808301] [0.9092211  0.87250237 0.39187737 0.53699847 0.63736152 0.59198702] 
87 [-21.46507158  -2.44856232  25.05140983   3.98526204  -3.6801987
  -5.28732087] [-22.16365754   2.58892428  -4.96442236  -0.71510893  19.8243363
   0.22155798] [  1.79527799  -0.32136274  -6.28934116 -19.6603288    1.13740506
  -2.79509864] [14.53298042  1.98106834 23.82909139  4.51011745 17.50682849 -3.0992514 ] 
88 [-14.80474961  20.65868236  10.20466599  21.65582628  25.37881933
   5.58472999] [ 34.8727406   -9.7514157   22.08112682  -5.95479875 -19.9556477
 -24.46475964] [ -7.16041669 -18.50995804  -8.34055202  -0.05926633  -4.45859986
   0.08523973] [  7.57558896  19.13830985  -2.94699902  14.38591849 -24.74757916
  10.9374647 ] 
89 [ -0.40495329  10.98700561  -1.67618943 -11.81532898   2.254421
  11.65641416] [-17.59090412  -5.67925588  22.16986494  -9.24223218  15.74049882
  -6.50351141] [-5.15883859 -4.8192475  15.86171073 -1.70650632  9.60059182  5.12557087] [ -7.17472341 -36.30736526 -29.16629344   5.15947549  10.90478345
  -8.30940831] 
90 [ 17.59572311  13.82891738 -21.70065454  -6.83808202  10.85663478
  -2.78195141] [-33.53907152  -5.01725167 -10.24789393   7.05537037 -18.81922273
   8.31853136] [ -5.65621514  11.25889969  -4.98300426  20.43072582 -14.35722493
   3.27779992] [-25.18305408   1.7591882    6.34278376  54.9952083   50.49962666
 -18.80939875] 
91 [-13.92434078   2.19428594   3.69801306  11.73759798   9.10462421
   2.62429128] [ 7.80493148 13.93885609 -1.07678683 28.15434962 23.83624951 -7.5796359 ] [18.10398201  3.59693684 12.23633816  6.94156145 29.65939449  9.7430733 ] [-36.73847899 -11.80207327 -31.71172762 -36.46029857  25.85148838
  15.66309824] 
92 [-19.86419527 -13.33363357 -10.39656245 -20.79174887  -6.31878836
   0.89574879] [ 15.9125033    1.49868718   5.14318221 -15.82696772  25.82931572
  22.23790372] [ -0.76472258  15.12344702   5.45476749 -10.15299359  -9.04143266
  -2.69049277] [ 32.05066653  29.42852271  40.66544749 -13.29104241   4.41378142
   5.44291127] 
93 [23.33026694 -8.63273031 27.14973681  4.93433237 -8.04649805 -2.4134738 ] [  9.25056392 -40.45501927  20.11288254  36.97996861  -0.59159448
   6.40691166] [-37.57738734  11.08701624   3.28686495  13.79860419  -6.36493349
   9.71988561] [-17.29302961   7.82964782 -11.49156871 -27.39568289  50.12735587
  12.46365645] 
94 [-23.20468691 -16.43067507   6.83209385 -17.57406409   9.62029621
  12.48716486] [ 41.7291638  -13.99788229  -1.80661032  23.16013679 -32.72407321
  23.33329638] [  9.9728283   -7.99912676  -1.35321828 -13.59689585  -2.86799046
  -6.41770035] [-17.44611681 -28.144913     3.51126266   2.72785321 -14.2834511
 -12.12015871] 
95 [-13.65318773  18.68677368  -8.99421148  -7.23298412   1.34850216
  -3.13659566] [  4.12471978  14.4188047   29.84347973  30.72566099   5.82721046
 -11.00837422] [-31.03887203  52.50879546  19.54778819   4.73376156  -8.43289159
   7.38623514] [-34.65335358  -1.84380383 -28.04837313  33.78195924 -14.27055366
 -23.03059955] 
96 [-1.16998313  3.16617764  0.66583594  2.40488465  4.47633436 -0.82514233] [-0.77244365 -5.4961369  -0.17419816  0.84964922 -3.28437155 -1.82691032] [ 15.6281495    1.82734683  15.55952734 -38.89592659 -25.67117677
  -0.35779133] [ -9.98875033 -18.8597891   20.33939462  -2.8709138  -12.54042922
  12.40836629] 
97 [33.01772714  8.18780555  8.6326437  -6.67705451  8.98822748  0.28276738] [-22.88892734 -15.1353406  -19.86211776 -21.94229822   6.61670267
  -2.74206113] [  3.12577357   9.00409783   1.78618127  -3.76467403 -11.14924758
   0.91454712] [ 6.9961321  28.19605577 17.39345471 29.11072841 19.15235039  3.20922768] 
98 [23.98594218  1.21228067  7.95898682  3.24437056 14.49097454  9.84241162] [25.06378347 -0.58257812 10.60322432 -9.34199484  1.38860099 32.53642593] [-34.37602964   1.96351581  -3.28789262   3.17774656  -3.14299583
  -2.4641883 ] [ 25.3583062   -5.56462437 -35.55697206 -23.8400633    5.88169823
  -9.68380155] 
99 [0.76236957 0.67295741 0.9006936  0.46801213 0.53675083 0.61718764] [ 0.97264289  0.88610193  0.48965465  0.97522137 -0.37702384  0.7298917 ] [0.76106962 0.6518687  0.90152467 0.4494716  0.56128551 0.61359265] [ 1.00934337  0.90258118  0.52018301  0.94203126 -0.41907064  0.72801617] 
100 [-24.03586953  -6.00382832  -0.92452701  -1.77013176 -30.37975488
  -4.83465362] [ 18.14855675 -15.97081752   9.9956512   -3.49564829 -33.52630454
  31.18878216] [ 14.76956096 -17.60677725   2.27215844  -8.15747242   8.41816783
   8.46376155] [-19.2207015    6.84581957   1.1241051    3.82957197  -3.46151912
   3.7897518 ] 
101 [0.87357584 0.85575313 1.31092702 0.60307275 0.79878888 0.52577728] [0.86081574 0.80890574 1.00525381 1.04853056 0.66505186 0.35412946] [0.87586494 0.85932999 1.31760202 0.606693   0.77779387 0.53528969] [0.84567493 0.80015744 1.00814163 1.04587589 0.63028709 0.38385552] 
102 [ 35.98776965  17.75143413  23.33845338   7.26875456 -14.94470814
 -11.5391788 ] [ 10.76333353  51.05901365 -13.3735372   37.43883797 -10.58946661
  -8.25104496] [ 20.40733183 -11.44847146  22.80848436  -8.97019776 -18.73173687
   5.99654715] [-34.1543595  -32.81620628   7.70253745  -3.25811156  -5.97294653
   7.58094448] 
103 [11.27439004  0.615775    3.75997201 12.03334403 23.64105106 13.60709309] [-22.61465303  32.60273783  20.97947386  20.33372122 -22.54224356
  15.62416281] [ 12.97547891   4.4407397  -17.06916905   2.43067487   6.82884835
  -0.76142662] [ 44.2787948  -28.92219214 -42.44399084  -1.09511814   5.57318603
   1.26569447] 
104 [ -3.78461624 -10.09459261   5.31042267  13.22862168   4.18581054
   1.61391291] [  4.22223466   1.20863127 -18.30352195 -16.45122806  -0.8853206
   1.84930208] [-2.56878856 43.50803678 -0.62302065 18.65642287 -4.59952496  8.10372516] [-20.78564891   4.21329269 -46.55369738  -6.38279049  -0.73019631
  14.25523686] 
105 [ 1.31427511e+01  1.36690449e+01 -1.95140499e+01  5.43631325e+00
  1.01459164e-02  3.71282094e+00] [20.98322431 -1.61979444  4.38258915  1.51117925 25.77712396 -2.62308799] [ 2.03891539  2.40128649 12.77130151  2.95947704 10.46564767  0.78152804] [-0.41890184  3.46245735  3.76874306  5.18657531  5.55334147  1.48634563] 
106 [ -1.05650846  -4.57450978  -4.90667498 -11.58235983  -2.39647262
 -11.17890226] [-2.17498228 -2.60623493 -6.72982552 34.28514198  7.50033074 -3.86001456] [ -1.46518501 -18.19310845  -6.13910762   0.50454489  -5.1125107
  -3.13687105] [13.76365898 11.78696267 45.9779478  34.80368032 17.32262193 25.85149329] 
107 [-1.71629407 15.01579828  6.20251853 -8.14204518  6.8416071  14.8082246 ] [  4.00940593 -11.81013017 -28.65218933   4.48103494 -15.1422725
 -23.9860664 ] [-0.2490945  11.34552864 -8.62600008  8.06000281 28.83772404  0.34147997] [ 10.53340672 -21.99511206  11.57245384  22.32296699 -19.5710425
  -9.68930284] 
108 [  7.82858783 -23.74785786 -21.06468946 -19.51637327  11.51075554
  -1.42904813] [ 39.49739593  17.12635043   8.73856395 -19.4896244   34.29903076
  -4.47110494] [ -9.45109422   2.60101151 -22.6367319   -4.93935557  -1.2945198
  -9.53513316] [-47.63894773 -31.28986019  -3.83883665 -11.23312498   2.88836708
  33.14563195] 
109 [ -6.71437833 -26.66511439   8.50034686 -17.82445454  -7.53414459
 -12.03338381] [-5.26307427 17.10956349  9.50846928 19.41172047 -0.74408451 -9.12893484] [  5.8411871  -34.2743968  -23.1783695  -15.86817092   2.78561909
  -4.79498131] [ 21.55469465  17.74419979 -13.10403927  -3.4970766    7.50390814
 -11.89610272] 
110 [17.08512129 15.47318642  3.34678507 -2.80728289 -4.46225769 -1.99687372] [  4.99292147 -55.1714899   -7.3603558   22.36677085 -25.83532136
 -16.41512636] [10.53313985  6.71937243  5.92831171 10.90948927  5.50194846  2.14913   ] [-36.23791757  11.42617954   1.00941841 -12.63985164   7.74528428
 -26.55407501] 
111 [ -1.66867163 -10.08565835  16.05174067   4.93092308  -7.03017333
  -6.5920059 ] [-21.59426073  -7.41424562 -12.64138068 -12.60439419 -19.21100891
   0.49734499] [-13.59415111  -7.28564399  -6.3208816    9.78503417  -0.29086233
  -1.30088683] [-36.85753871 -23.33871526  47.67163148 -19.31907439  22.84886087
  13.19442668] 
112 [  0.49863067  23.85275969  13.66309924  -7.15052556  -2.3672312
 -13.3644039 ] [ 22.71994686 -20.20293734 -14.90254031  13.9313377  -17.36261745
   2.58860329] [ -7.77341715 -19.49714674   0.99828934  -9.59927191 -30.97807201
  -2.90206608] [ 45.03629333  -3.21258688   3.66938124  13.75646422 -29.46717295
  21.67157241] 
113 [ 12.24285683   3.36494471 -14.14720156   0.3568962    7.849003
  10.4474937 ] [-31.79909874  12.99561431  13.46174781  -3.51087138   7.35597999
  23.03415832] [-14.84392518 -19.01018631  23.0383742   25.85229747 -14.35865297
  -3.03369692] [ 16.90647392   2.64985061  -1.91607947  -6.66228018  13.76821965
 -25.54134323] 
114 [-1.42493552  5.5874242   2.24074506  3.09498479 18.28098098  5.07837252] [-35.51656184 -16.15324925 -17.24438618 -24.34706759  -3.29602879
  -4.5288436 ] [13.49480745 28.24123751  1.37604666 14.20506883 -1.1825196   0.52589609] [-19.54051529  62.60122837  14.12421331  61.92294729 -34.17373637
 -16.2850499 ] 
115 [ -6.0639142  -17.80150034   7.90765017 -18.67409404   8.18193601
 -13.58893966] [-36.48096779  11.40506483 -26.5003728    5.71991068  32.79816682
  -6.6630939 ] [  0.16016249  31.08248855 -16.76261642  -9.03181052   9.0578234
   3.41189985] [-27.54297426  34.2401847   14.55728603  25.7761683   19.05370821
  -0.57476091] 
116 [6.08838908 1.24984992 7.23236265 2.1149973  7.25258903 3.16717901] [ 10.25904284  17.39594247  -7.217832   -14.27909856 -15.66670188
   4.8371397 ] [-18.12972879   8.59042249   7.60323581  10.9809767    9.53279483
  -0.74266212] [  0.45575083  26.41271357  25.57165072   5.03686627 -24.39054495
  27.71562034] 
117 [ -1.1665577    2.12007095  26.30054234 -12.78615306  -3.36131435
  -1.06806551] [ -7.93232711 -15.63251665  -1.43899506  -2.02110779 -13.81290833
  -6.24503082] [-3.0476574  -2.58994215 18.41906043 21.30842049  5.63228076 12.73586503] [-15.17502373  25.71479161 -14.05573855 -25.67967194   2.96545624
  28.4778855 ] 
118 [  6.22636916 -16.1332062  -26.71884443 -29.70949188 -18.44786937
 -12.64143721] [-50.39642965  39.50337253 -43.00762752  20.69288517   5.17984056
  29.12610407] [ 2.87006638 12.98810507 16.5257927  -1.60933212  7.84818463  3.40164746] [-35.84500433   2.45264642 -11.85989369  -8.49515636  -7.4445819
  -3.21892767] 
119 [-2.1954889  10.24141962 16.24585847 11.12301629 16.58627335  2.80716576] [-62.32284137  29.88344761  37.66076904 -12.32551635   2.45017451
  17.43734924] [ 18.06007469   5.77971771 -15.6041646    6.5076236   18.01389055
  -3.87285041] [-16.35026767 -41.44644858   9.00014812 -41.95807807  30.78638253
  26.23817423] 
120 [  8.2446133  -11.12138709 -14.38177021   3.07155435   7.17898453
   4.75213559] [ 17.6545108  -18.92045963  -5.62130617  11.14639988 -34.49463043
 -15.06260365] [-7.0418953   2.04942377 23.86591751  9.27152966  2.74604434 -7.12824959] [-33.25186668  -3.46740356  14.65747097  21.16415342  -2.7902932
  -7.92537193] 
121 [-13.93802578   2.20046361 -21.20170365   5.5521664   -7.11399516
  -0.67198889] [-35.54414492  24.70369323   1.26726365 -15.76219115  16.30458445
 -21.47300609] [  1.76703864   2.78093672  18.79424192  -0.7075363   17.79954496
 -16.80147349] [-41.7866291   19.1779989    4.8819087    6.62187327  11.90049723
  13.0714414 ] 
122 [ -8.52130062   1.04883807 -17.19833439  10.83310331   5.53152577
  -2.38823246] [ 18.74084275  -1.97117014  -6.65994032  20.50340337  -8.93976826
 -16.19329648] [  9.62322356  20.1084366  -15.91250493  -8.57123467   8.1279226
   4.0785004 ] [  8.23380429  14.53499455   4.08751427 -15.05973077   4.06974058
 -26.30103046] 
123 [ -9.73572816 -23.06160678  -0.09444558   5.43633929 -10.61721172
  -9.93999008] [-5.53742921  3.83590423 15.04587901 -2.64180963  7.25717297  4.88174049] [  6.48087315  18.82087914  20.85438551 -12.39571937  -7.46705588
 -14.27314838] [ 15.55534928 -34.54066413   2.50176765 -30.86349564 -20.64589945
 -12.29447483] 
124 [-9.27290336  4.83793448 -9.21128737 29.19856321  3.08058898 -3.20478265] [  0.09428648  -9.86193235  -3.91825577 -21.39897623 -14.59043072
  12.56087562] [ -8.12483905 -14.5675808  -29.19376421  -3.27674456 -13.42469044
   8.8903794 ] [-37.58677667   9.05006279 -26.76057553 -20.61835867   2.92424925
  15.63415328] 
125 [  6.57567876  14.97347001 -20.74697759   7.8035167   12.13401941
  -5.64988543] [ 34.24098795  17.9856817   -2.1707504  -12.21728225 -44.36305277
 -30.98080067] [ 9.15658905 12.27413432 -1.27785831 11.55371031 -7.95318763  4.49429018] [ -7.67420459  37.68977068  35.15584209   5.87493898 -12.2539185
  21.79598202] 
126 [-16.37179687  -5.41228422 -28.26345342   6.32083822  -1.11087668
  -0.52071389] [  6.02187539  40.9865877    1.9501303   -7.33883632  -6.8588376
 -29.35274521] [  5.26907728   6.83809175   4.44279505 -16.91226943  24.15218011
  18.51230765] [ 2.14069357 -0.38963044 11.52822127 20.17723628 14.57327907  1.76943579] 
127 [ 5.20651935 -0.12424295  6.81536483 -6.57235653  5.05248225 17.09127325] [ 14.30454577 -11.88667523   2.72239552 -43.11011951  -5.55422636
  -7.86334514] [-11.79274163   4.25302718   7.13828126   9.95790624  -7.06200186
  -7.39743276] [-19.1325667   22.56820265  44.54854316  28.5918939   -0.28510662
 -35.11660998] 
128 [20.82723189  9.82374228 -4.54723152  0.70862514 -8.34140722  0.33206059] [-16.32914238  15.93854647   7.45979436   0.34294214 -10.95904863
  -9.71143543] [ 15.92106042 -15.65601134  -1.1020794    0.17443337  -8.89172786
   1.29053039] [ 11.37947129 -39.6387725  -19.5278653  -46.16842256 -15.3596416
 -24.48854312] 
129 [  6.96599302  -1.34379705  -8.79261468  -1.42577972 -11.91095009
   1.16406307] [ 6.42913326 11.00447877 42.07105198 -6.05875437 18.96078223  2.4919388 ] [-5.10906808 10.69240164 27.94925664  3.67583671 -4.68484688  5.09689483] [-23.52604759 -25.33864663  36.59692156 -20.3910469   19.03538949
 -10.20886989] 
130 [  5.71525164  -5.08535576 -17.31726021  -7.3850322  -27.45058903
  -5.7660372 ] [10.84142435 38.78922714 10.88415431 31.06269323  4.30894865 19.93996541] [ -6.67699566 -13.19553311  17.4881504  -31.06811621 -13.49692019
  14.16856574] [ 46.89266198 -13.62391312  13.3839574   15.70343486  22.43396905
  10.72547505] 
131 [ -5.33730918  16.24803108 -10.49905852 -18.57008118  -6.19876717
   9.92579981] [-31.2789386   13.95902281  20.19317462  26.2375757    5.02684364
 -10.34517722] [-9.15205911  0.8824083  -7.77900875 -8.23667334 18.19846367 -6.60289019] [-20.71163018  -8.50258497 -12.38501581  -5.02997161 -24.14556025
  -1.01095194] 
132 [ 9.37378171 -2.31721519 15.85344023 10.32672822  5.81255552 -0.90214298] [ -7.68568031 -27.8453115   -6.33961121 -20.13692218 -38.69500256
  -6.08535149] [ 16.7248214   -6.36316611   9.23015161   5.11439662  14.19426209
 -16.50262594] [ 75.0225889  -13.55533169  17.16525695 -60.57866997   1.59984233
  48.07985207] 
133 [  5.49098642  -5.51844066 -11.07068248  11.94904504   4.37207234
  -4.53139024] [-17.98866019  -2.10993849  -5.99204051  16.94867137  15.9858523
  -5.0533443 ] [-7.59871248  0.88993261 32.92083137 -4.78541366  4.4390077   0.97444571] [  3.488846   -27.36046997  15.40548382 -37.84386053  13.20732031
 -13.84288073] 
134 [-14.9657221   -6.68133414  -2.26342055  21.54962294  26.43106874
  -6.03767005] [  7.54298682  13.09753552  11.33228843  11.2429628   -9.04857052
 -11.03813566] [-7.8568745  -6.97269206 -5.81968516 24.42949881 -2.76821795 -3.63764151] [27.32806358 31.77928279 19.23661844  7.03309828  2.26971553  3.52288392] 
135 [ 31.96298548 -60.83050465 -10.16428721  13.50202247 -17.56526693
   0.52359584] [-14.29173224  -4.66060395 -16.5408491  -31.62902093  22.62556093
  19.80558461] [-22.05147284  -8.69693663 -11.22779659   3.7034849    1.07136072
 -23.68317329] [  6.69659951  29.24152033   7.47404707  17.64158238   8.37324602
 -31.46123532] 
136 [-17.22979001  -9.66450521  11.83701938   1.04771976  26.45603141
  13.46270955] [ -9.19834396   1.02848913 -18.37134907  37.82600648   3.5040596
  17.75370029] [ -5.69863747 -30.18206792  -5.84863922   4.67988372 -11.64284498
  -8.34198807] [ 13.27969214   2.51996834 -36.89323106 -30.9953704  -32.59295357
  -0.43442527] 
137 [17.49858543 10.93695052  0.78545156 23.8125704  -8.13290669 -9.23433848] [-14.6964732  -20.8166102   -6.88883475 -13.45418615   9.30106528
  10.48203539] [  0.30767596 -25.64737028  -0.58003123 -16.62949867   8.68590334
 -14.80949938] [-28.71472112   8.2650581   12.06207426 -13.93096998  21.32153002
  -3.15915495] 
138 [1.08702153 0.71068906 0.37208512 0.30379689 0.7529231  0.3668242 ] [0.69015464 0.47797677 0.71021674 0.2761818  0.44888865 0.58697758] [1.17810033 0.71965018 0.14943352 0.22380744 0.73973621 0.07633913] [0.71538889 1.02719899 0.52950882 0.76163547 0.23962828 0.88295083] 
139 [ 1.23285093  1.14531567  0.66606271  0.49016238 -0.23476016  0.83844143] [ 0.84535266  0.73876058 -0.19064077  0.21270107  0.6855703   0.19075155] [ 1.24439875  1.13299258  0.75460339  0.38596813 -0.21169523  0.78372986] [ 0.89442311  0.74732246 -0.17147591  0.14769163  0.80994933  0.2394022 ] 
140 [-5.92299704  7.15241251 -5.68772009 -9.4983006  -0.81835281 -7.50476124] [  2.74595233   3.77197268  22.5066941    1.97629994  20.20230181
 -15.21674379] [ 3.82766953 -9.71044719  5.99817813  2.76160771  3.43082468  0.76573342] [  4.55147215   0.10304136   7.84486357 -11.70103104  35.4917034
 -10.76292113] 
141 [-20.73260878  -8.60217549   0.74112431   3.05032385   2.83948527
   0.5226932 ] [-16.79889099  37.34047096 -16.1662663   11.60070443 -17.79595695
   0.66545588] [ 0.75717661 14.66321924  1.04691635 17.17104041 21.37164111 -8.52115786] [-53.62089842  14.33162787  29.01236417  13.56968234 -10.45128274
  30.73085635] 
142 [ -9.19420341  10.12260514   1.63046818  26.14027896  21.63904758
 -10.03643919] [-19.89017832   4.63233324  21.08880319  -6.37972647 -41.21739022
   4.89743718] [-19.28262595 -10.47234044  19.96945429  22.44765672   1.48702806
  -5.87599447] [ 34.13807488 -13.57995429 -30.21831499  -2.54984482  33.25762238
 -19.48359158] 
143 [ -1.44318461  28.56958633  22.78127201   8.6458772  -10.90892211
 -10.12991545] [ 5.28223796  7.09534738 15.93590373  4.15964023 -4.07425986 25.83685683] [-17.09738344   0.58404711  -5.87278176   4.83144323 -17.68518065
 -15.52909597] [ 30.40906937  -3.19024363  12.08359447  -6.57803698  -3.69898973
 -26.36632642] 
144 [-1.5462315  -5.72957421 12.1744215  -6.29419916 -9.3885207   9.25163838] [ 2.21559430e+01  3.92985876e+01 -3.97270769e-03 -7.60621290e+00
  1.84260611e+01  4.87482159e+00] [  1.87326635  -3.77064053   2.50845316 -36.86595343 -11.6702105
  -5.71769094] [-28.12940293  -5.69047901  38.63818691  32.39800244  15.64166135
 -17.69177727] 
145 [10.20989205  2.97226916  5.12357542 -5.71957954 -0.60802494  7.9285669 ] [ 4.42073234 17.78043746  1.02426743 -2.95906267 24.3232186  19.16541983] [-16.90550884  11.82969651  33.13356613  15.51825589  -0.61915534
  -7.24316025] [ 23.40892277   5.56568833   2.33131085  -0.80861374  24.5790106
 -11.45386758] 
146 [  8.30397679   8.3020039  -17.50841973  -3.81074981  -4.75554251
  13.45736546] [-38.71069753 -27.62242044 -16.21595448  34.68829318  18.08445733
  20.54019464] [ -3.45314112 -17.81481304   0.92851453   0.4294815   -3.25773822
  -1.54135982] [-31.82997654  25.96505731  -3.67680021  -3.61792524  -4.00440528
  19.55231897] 
147 [-10.61982713   5.66102915  -1.85275844  -0.75510297  -7.38541227
   2.66999884] [ 12.58415406 -30.06180256   0.79622107   8.68262349 -14.71648059
  -6.63357244] [-9.71504558  3.35887173  5.55976123 13.32578666 -7.98489264 -8.88083747] [ 23.59572679  32.42081756  12.27611565 -17.90014769  27.4399045
  21.5599954 ] 
148 [12.21172362 -5.46421131 -9.14394168 -3.80016154  5.10840937 -5.53825338] [ 13.59173288   4.01455786  -8.14803976 -26.72962766 -20.13104993
 -18.20181066] [ 10.94217301 -15.93323904  -7.55362585  10.4928618   -5.78183644
  -7.30848268] [-17.73275616 -29.65329992  30.21952325   5.47338711  -8.13069904
  -6.91934881] 
149 [ -7.37152975  -3.4259979   13.81626626  28.6181729  -16.58577672
  -8.6339724 ] [-13.9585234    6.99745574  21.97778484   2.56510407   8.56656883
  -6.32853743] [ -5.50048454 -16.0477954   11.6331069   25.99759223   4.71008227
   4.5547763 ] [ 47.27470461  22.19584565 -30.64733106  13.40884298  -6.06057002
   9.23473023] 
150 [0.85722937 1.32678866 0.71762787 0.47553228 0.5342146  0.61488786] [ 0.75256308  1.10419261 -0.12001649  0.56941343  1.25292778  0.67662714] [-11.37575581  -7.8446515    2.64138514  -5.66240487   0.18935685
  -3.35546045] [ 43.24824356  15.8222742  -24.1376206  -11.69897016   5.73328649
  14.54157673] 
151 [ 2.11360712  1.29934947  2.95207713  6.30075861 -7.89561837  3.2140599 ] [ 15.56785891   0.40437973  16.32998075  -3.80577516 -14.58815034
   1.70398469] [ 8.81504366  0.81580261 63.67127795 30.04341811 21.20835938 17.87529186] [ 14.65256378   5.93699636  57.96591519 -12.07848542  -5.69277524
 -14.66631222] 
152 [ 28.69034013  22.01921103  10.81243446   3.08924078  -0.2052354
 -12.38085306] [ 44.47833902 -18.15855231  25.4946859    1.59126474  -6.8501629
   4.14510261] [-10.03929827  38.89239146  63.57412681   2.7884546   48.98866145
  32.17442192] [ 42.72555243 -12.83481451 -45.41995296 -32.67268325  25.27954667
  16.18407238] 
153 [  9.31997491  17.04224088  -3.8112634  -11.82538832  -8.15909661
   2.83604483] [ -4.74473357   5.07573195 -13.80338015 -13.86135977   5.4199917
 -19.07696979] [  4.03304303  -5.10208422   6.59932996 -11.94863552   6.93159653
  -8.71156705] [ 19.40529301  -1.93077331   6.74610132  -9.64974978   8.48818875
 -25.37761161] 
154 [ 0.82124481 18.22812349  9.6977656   3.11004338 13.34219759 11.92628221] [  1.22981855 -21.74826429 -14.86628766  29.62356395  22.28790703
  22.6329003 ] [ 1.6097367  -5.09709457 -4.49444511 -7.4934972  -9.77120276 -0.92793476] [  6.71711204 -10.89400954  -5.97783504  -4.45540298  -0.67399381
  -8.82648988] 
155 [-19.82328857   5.65203516  -7.82427501   5.74968862  15.88071688
 -10.24120308] [-30.03164123   0.07962877  -7.90394814 -35.98827376   6.97656145
   5.09665602] [  7.50699396 -14.40428288  11.99791145  14.72639666  -4.20794435
  -4.94852772] [28.41179901  6.93157138  3.29394134 -1.62732985  4.87611616  5.6828371 ] 
156 [  3.81810862 -15.66712307  -4.70243447  10.68678374  -8.47870373
  16.65377151] [ 16.95412385   7.16560247 -25.24847614  35.28936617   5.86402013
 -25.03268614] [  3.29694161  16.34664092   6.53695438   8.14990408 -18.23638118
   0.32250903] [ 36.96990013  -7.58080101 -24.1772553   -1.64826203  29.91461841
   4.17303676] 
157 [-14.66449278  -9.27310076  23.27693686   5.45882496   7.0938972
   1.03393757] [  4.95168093 -32.08390523 -13.29432852   6.66016043 -10.26051729
 -30.20591472] [  9.44548486 -14.9083382   -3.93089134  12.66060994 -16.36018805
  -4.99364849] [ 32.83697715 -35.06131529  12.6184779  -32.47853512 -37.83988743
  -7.48141699] 
158 [-11.66391944   3.95602122  -7.77342779   5.74487237  11.30824311
   7.39032095] [ 12.89407228  21.16180785  -9.79111519   5.61142235   5.65322918
 -10.46066322] [-18.45763849   4.46844251 -24.32404504  -9.16215794  -8.70179351
   6.46293326] [ 14.34706032 -32.74674242  -8.5432798   39.74999333 -15.42916832
  -3.75231236] 
159 [  9.71076573 -19.36863537 -22.16890602  -1.82524636   0.25832247
   6.17337769] [-35.96959082  17.85851975  -9.27545706  -7.69124474  12.05826955
   6.57201298] [ 6.71874963 -9.94040354  6.19052534  6.6782831   9.41406562  5.75099056] [ 19.79847075  32.63359467 -15.03214368 -14.19547003  17.43928254
  35.96211807] 
160 [0.93800607 0.13419247 0.82650759 0.72920342 0.19819662 0.31578959] [0.55059796 0.17172915 0.70052816 0.67754333 0.27366435 0.00170555] [0.89695477 0.02849643 0.77578859 1.15177616 0.39059262 0.38450588] [ 0.56100282  0.16165685  0.48928411  0.92526353 -0.45614846  0.7752819 ] 
161 [-10.30361985   5.52574237   1.80078174   2.53963252 -11.11285071
   0.40172185] [-78.36646635   2.19556789  12.74999086   5.2685266   -4.98991964
 -12.54957826] [-23.39360937   1.74676266 -27.39192373  -7.70796886  -6.61804534
 -36.7012553 ] [-26.71504039 -17.47877901  28.12210449 -27.60557974  -8.13317019
  19.9678755 ] 
162 [  5.1755113    7.48133394   6.89069401   6.36851862   1.50530065
 -11.02563684] [ 11.48675888  12.31737132  -6.53834951 -15.2493681  -19.0805611
   9.68448054] [  1.09589338  15.25150268  -1.72470927  -1.85159835 -22.477783
  -3.39280774] [ 55.19239317 -40.53494814  20.27262009  23.36778086  -1.08969948
   7.90998117] 
163 [ 17.80927844  18.36884471 -17.9683288   -6.73768931  -1.90202622
  10.07536125] [46.22674408  3.18255506 -6.73084501 -8.43667471 -1.2939337   2.63009262] [ -0.70427316  28.62583343  13.85658625  15.43823574   1.71350529
 -11.92856985] [ 41.42453352 -11.9437281    3.43398578  54.56298468  26.05625278
  29.99481879] 
164 [-13.89957568   0.40789837   5.41648557   7.22226171   3.72687978
  14.78199959] [ 16.54891906  -3.0331395    3.85070351   7.97059351 -11.15384731
  20.5303596 ] [-30.03858233  -1.66242626 -29.92697533  -6.04593611  11.06167996
  25.67009187] [ 24.34245561  43.95141799   4.42902254 -25.78274553   0.33221575
   9.73568486] 
165 [-26.75226426 -22.1994876    5.55203807  -5.98985589  -1.28549245
  -1.14707503] [-9.61132573 15.04205018 -8.84317692 26.60410221 28.41909369 -3.80150489] [-6.3809823   6.81493359 18.89741316  3.04229771 11.71555304  7.13972862] [ 75.20235719 -36.87034764 -21.25774148   4.07007537 -10.52007277
  34.48362405] 
166 [ 19.13612205  17.09017922 -14.88543823 -10.24257728 -12.13020718
  -1.96040052] [16.70950874  3.69150956  5.28219893 15.18505633 20.21174215  1.94414157] [ -9.30469333 -18.53479268   7.12197561   0.93496004  -6.15044473
 -11.46965366] [ 10.18411819  13.29168844  19.92601733 -22.35871355 -27.30798767
 -22.80417991] 
167 [-1.21514987 -1.87183012 -1.06834322  7.13495475 14.6658972  -7.34790905] [-11.44641448  48.41658108 -18.56385651   3.95621366   1.44869659
   1.11309363] [-5.55837733  6.58620135  4.84143373 -1.00253662  5.39579437 -4.5646701 ] [-25.20259864 -12.80360558 -22.37136972 -13.7769432  -11.17108518
 -21.6728137 ] 
168 [13.13360827  0.8448989   1.86303604  0.36732753 -8.73024252 -2.10675683] [ -9.74651221 -15.82678963  -0.98672565   8.76253869  14.34996595
   9.27553572] [20.85938687 24.14215605 -5.49063231 -6.65698492 -8.99610665 -3.16562099] [-13.60405218   4.67554756 -46.55495234  19.8317068   -5.13283372
  -2.4270428 ] 
169 [ -3.78692247  -5.08346097 -13.08099251  16.93560421  -6.58030438
  -4.8151654 ] [-28.20799265  10.47524649  -9.0830507  -29.63540866  -4.37117227
  10.32677077] [ -9.76524469 -14.58424762 -28.57773831 -16.43993622  -6.51620536
  -3.56300063] [-15.86217778  21.65085881   8.3862302   12.23370698   3.25653147
  17.72145279] 
170 [-3.52677167 15.46700466 -1.84073041 -4.72429612  5.89180281 -7.42563969] [ -2.3679779    5.36023991 -20.47787936 -14.26289549   1.48286964
 -22.85210242] [ 1.55815338 13.95479185  2.45245228  2.30099423  3.39056139 -0.13579235] [-29.03979361  29.37290297 -16.23918169   5.11082656  -6.22752074
   7.43627921] 
171 [ -3.94383211  -8.75225043 -11.13137318  19.53148217  -1.15281636
  -5.91489626] [-14.56747517  14.0938481   11.66226128  29.21052507  -6.45035917
   5.67074667] [-34.10392338   2.11260055  -5.2039541    9.92559477  -1.08054383
  13.36116509] [-59.22114641 -29.37775214 -20.06785844  41.38470772  22.24892279
 -13.7512534 ] 
172 [15.79102984 36.2446607   5.10699674 27.27324487 -2.2460384  16.55643342] [ 21.16834704  48.86806594 -17.55514084 -25.02901041   3.50220608
 -15.31042471] [-2.37652499 -6.97263279  4.58210647 12.44436371 16.12440623 -9.85409777] [ 1.81500762e+01  1.99213638e+01 -1.46438960e+01 -1.13662684e-02
 -8.91574559e+00 -3.68225094e+00] 
173 [-10.15638598  27.51079243   3.25413254  10.59192499  -9.43500738
  -0.47521098] [ 18.3497291  -25.93545612  25.68153151  47.84772013 -21.50405268
  12.00211176] [-6.77064284 32.77942127  0.49518006  0.67075212  2.56259899 -4.79828927] [ 28.47132234  -8.41386086   6.66031995 -34.63486221  10.65667122
  -6.95236623] 
174 [ 17.83295478 -14.3199493   18.08748564  16.59392508  -8.07471945
   9.85539799] [ 37.08016764   4.85614194 -26.07731701  20.03010123   6.53029379
   9.88924033] [  4.67595479  32.13041058   8.02020428   2.86251802 -10.38366453
   8.17533407] [-19.35473117  -2.73089002 -14.1191118   43.11387286 -41.40017642
  13.38860463] 
175 [-22.03750078   4.34106413  -4.88597918  28.79441988  -5.15052114
 -15.70886272] [-17.56199947  47.71038336  48.17361721  20.92732672   3.86037295
  -3.54180412] [-6.76525001 25.96991538  4.29398483 -3.28328635 -4.30391966 -0.61458797] [26.84487469 28.88511107 -8.69511217 -2.65294188 18.9346784  -1.47736886] 
176 [ 19.1904219  -10.08240021  -5.3318571   -9.18176439  -2.33055272
   8.71884756] [ 2.17412976e+01  4.38073492e+00 -5.56721872e+00  3.89581964e+01
 -1.51554912e-02  9.96712653e+00] [ 1.72947954  1.31426821 17.2799831   1.24515093 15.89798802  1.68928148] [ 57.93648822  52.93386296  44.70942508 -59.45755556 -21.17302856
   5.89786218] 
177 [ 16.23870964  27.24796953 -20.29588633  19.66119192  14.2283221
   7.7381401 ] [ -6.92011644 -45.64096417  -4.81273598 -22.88750368 -23.71819116
 -25.0287841 ] [ -6.87538007  19.14764417 -11.52947507  -9.97973402  -0.29161608
   3.42645659] [-11.02652476  -6.03241349  -0.28839353   1.84424805   6.08314556
  25.43778749] 
178 [-15.40725876  23.34367632  37.20879548  27.70819559  16.86466433
  28.45738547] [ 26.92721731 -56.60665109 -12.20131448 -18.69397668   7.53733987
   3.70107406] [ -2.34653461   1.73881232   1.1495779  -11.93053182  40.42995815
  -9.20838788] [25.87350399 33.81888722 39.59758907 10.76982655  6.08953038 41.81139064] 
179 [22.6498146  -3.10901087  3.39629114 11.53514025 -3.27301247 -2.89667058] [ -4.75640061 -19.58611639  30.32533909  27.9363591  -20.66362944
 -21.42445247] [  0.87553691  -2.50630179 -27.84293707 -38.17941363 -17.76603603
  -9.69617401] [21.26891891 24.32828441  2.87718546 -9.95692555 17.92023495 10.70814655] 
180 [ 9.11725303 13.26798818 -0.02063186  1.33432958 -2.88277359  1.14396207] [ -1.6520978    4.8208972   -3.22103084   6.33204212   4.34026901
 -22.06233334] [ 27.11721202  20.24775676 -20.6933147   -0.50752399  -6.25299842
   0.86977034] [ -4.25685137  50.00713228  47.4055831   -9.82605768 -16.52808325
   3.75917033] 
181 [  6.57856595 -29.38603453 -23.81900304   9.60747998  30.00547789
   7.87145343] [-31.85741038  36.64127261 -11.86472889  15.72156004 -25.54590521
   4.18770329] [  4.7805467  -29.28435239   4.10345472  -5.77422119  13.76649466
   5.33483179] [-37.86976819 -23.3594914  -42.13463374  33.35295113  12.99515587
  -6.28711071] 
182 [ -0.58519124 -15.44104774 -19.50910147  -5.03222386   5.16669255
  14.34652249] [  5.36539686  15.58672352   3.90926074 -22.98182717  24.39742948
  -6.61238593] [ 22.22893306   4.89469653   9.62661825 -11.60423358  15.21120219
   5.4343123 ] [-53.36974212  40.77504063   5.06610852 -22.08746503   1.90120829
  51.43731054] 
183 [-10.5034019  -11.7507944   19.45887671 -14.79987671 -16.87769416
  11.57605337] [-49.89914302  -1.88823902   1.88213532 -36.47803173 -16.63907429
   0.77462483] [-5.04607535 -2.41724373  6.10902453 -2.26510118  4.71422     1.77664576] [ -8.59242454  47.46319995  -9.21677774  33.17524953 -20.70420503
  17.64725916] 
184 [-12.72393893   3.57923632  18.41939133  -1.52602888  -8.5596021
  17.67154658] [-25.50904383  50.86659068  45.64856958   4.18748825 -17.07324406
  -3.08486434] [ 34.85049759  -7.33852225 -51.54827893 -26.93042466 -13.35638376
   9.44824168] [-49.36144704 -15.62923009  -2.04868619 -73.31624922  -0.86183834
 -25.30651103] 
185 [ -1.46521218  20.51863186  11.3777212  -20.22937112   0.67985995
 -13.84674012] [ 16.08221068  20.26018081 -11.77372658   8.24657656  -4.70808999
  -6.41683814] [ 19.84879695  -4.18662883   2.25740161  11.35657861 -12.39739448
   0.97975906] [ 14.50025592  -4.88568554  29.03161934  28.47410523   0.37322747
 -12.275837  ] 
186 [-15.27980647 -11.94413939 -34.14235238   3.64324155  35.50398271
  23.38105824] [  1.11488105 -21.41995299   0.76485102  -6.20678606 -13.30711781
   0.23367437] [-22.28772934  -3.03836569 -25.9594975  -24.82324549  25.06652455
  15.73213734] [  1.47970707   9.11889946 -26.71618371  10.00961685 -11.32054527
  13.91084991] 
187 [ 6.85056885  1.40412158 -0.42309215 -3.15186447 -1.16207115 -4.35094489] [ -4.6617911  -17.78533408  16.4604538   22.98895749  21.75939673
 -22.05925639] [  5.36451666  -3.46282606 -13.97891866  13.77140284  15.044772
  -4.50991875] [  4.09711579 -20.33504172 -13.16864337   6.93820456  -3.96617201
 -12.48415421] 
188 [1.10174554 0.86524934 0.39362464 0.55165155 0.38341615 0.0447061 ] [0.77742015 0.81179964 0.61372704 0.55171949 0.70363644 1.12627854] [ 1.0825448   0.86376516  0.37940478  0.57674443  0.38020613 -0.00437241] [0.78588971 0.79279306 0.63865023 0.61201643 0.68885516 1.1452075 ] 
189 [  0.72533426  27.2244611    6.69885806 -14.98865865  25.59286114
  17.15292116] [-14.72290085   4.12853455 -22.09936794   8.89857892  14.13238117
  -5.96187251] [ 5.36701248  5.96136228 11.17314197 27.17285134 -3.29111484 -1.00386445] [ -6.60253787  56.53981618 -53.87193167  -9.58173199  -4.85855975
  17.61965145] 
190 [  7.17890204  -3.3716535  -10.55151521 -10.31468773  -4.08518972
  -2.6105049 ] [-21.95117418   3.589814    -2.47101056  -2.69615233 -17.72606091
  11.61152636] [-27.50191383  -0.5648187  -31.28340593 -10.55826879  -9.85157612
 -19.18896904] [ -5.60176946  10.67705871 -44.22904082   0.53575077  -8.97973611
   9.84202862] 
191 [ 1.2654158  -4.86671106 14.99047666  9.27081647  4.19945776 -1.86906356] [ 7.99665909  2.64374165  1.89645189  8.32150086 -4.19989725 -1.12659911] [ 7.55614393 -1.53110123  7.9484407   0.66982232 16.4560645  15.55528527] [  4.89629207  21.99940506  10.86959699   4.03617618 -33.70246408
 -14.8013581 ] 
192 [ 10.80526068  38.81565697 -11.66108402   1.70835169   3.4456878
  -1.53314049] [ 43.68697157  -3.63607171  -5.94479468  11.17988791 -17.87929432
 -13.69441615] [ -9.41329612  -3.13700671 -30.14445351 -28.33967323 -12.02663254
   9.97650278] [ 19.72964382  -8.84474929 -29.96834826  23.27191197 -23.10425117
  -7.50477463] 
193 [-5.35506281 -6.76656751  2.49161141 11.89254193  0.29819413  5.94762891] [  1.53044725 -22.51032668 -14.30912025  -0.69781696  16.38152628
  -4.93208779] [-13.732552     5.10842875  -1.25220776  -0.3103415   18.32566991
 -14.1211625 ] [ 35.17525413 -59.08549959   0.30472126  26.37142585 -28.69111016
  18.3251051 ] 
194 [-5.43117166 33.41560006 30.93050749 32.7942445  31.7458524   6.04881271] [ 54.0195093   -9.3008496   27.93780296  33.15518183   6.13241655
 -14.63017911] [  9.77145328  -8.65904337   3.16123544  -7.34323085  17.71678401
 -12.91785276] [-44.0677469  -39.63017245 -19.41486743  22.2578197  -12.37861041
 -17.54592455] 
195 [-16.06924417   4.35485389 -11.99180807 -10.48387248   8.98507161
  13.5718412 ] [11.02530256 -3.5237165  15.88973377 26.29614133  8.73181219 24.00585124] [ -2.73598156  11.32649074  -8.40329478  -7.04967679 -11.64285776
  -7.44037858] [-23.97843098 -25.6682062   10.93968496   6.91525926  -3.60563209
   0.92883908] 
196 [  2.47845693   6.61155752  -4.8484791  -10.67140215  -5.28593682
   1.68745159] [-9.31867227 31.59223743 18.1055705  -4.04728392  1.03575868 10.32909904] [ 51.43675512  11.45829662   4.07081583 -10.73935655  -4.6985491
   2.64380254] [ 49.68269186   9.04851969 -12.42626835 -31.13833183   1.81612758
 -16.27344784] 
197 [-16.72133544  -6.61036172  12.88664471  28.08918927  10.29281476
   7.82175982] [ -3.80462665 -24.00262602  19.00898442 -37.2277173   12.10784049
  -1.38871505] [  5.01644261   4.91217026 -24.61524089  -0.41447586 -22.57048855
   0.38958592] [ 45.23879492   6.41383461  10.37174472 -16.55987764 -34.65502538
   2.4243396 ] 
198 [ 3.25165276 -3.61110282 22.64891476  2.96483998  2.89200671 -2.11542429] [ -6.98922361   8.80961016   7.481203     5.95543783 -10.10431205
   6.38688911] [ 1.15421021 24.43111863 -7.69977457 -0.51526889 -4.2357344  -2.88050729] [ 14.23174512 -17.58066534  14.27585812  16.66664462 -11.83532351
   4.286298  ] 
199 [-5.05725224  7.43995887  0.2216777   2.82292251 26.94359505  2.2015109 ] [ 4.74770953 18.51402092 38.08395119  9.60957264 12.28130815 -8.08457392] [-10.55490231   1.82573747 -19.11646016   2.0210399  -22.93088486
 -11.41815   ] [-23.75153943  -4.99405474  38.0304022   -1.66246866  -9.58959419
  -7.66813538] 
