0 0.053126454126061304 0.05332216054555883 0.10740223624767646 0.039943012335195406 0.05513033970097357 0.04847364705106353 0.041996376391631465 0.04591402178633806 0.04938368502986499 0.059842957786787276 0.13391906547059199 
1 0.18151473798253515 0.18494448325324753 0.18842222063940786 0.17568762671070845 0.19691022437921918 0.20326457624471686 0.19661685977042243 0.14232660454096005 0.0435949462695632 0.01898774225317417 0.04365547672062016 
2 0.006781029421832316 0.22030635275106186 0.22418329111609997 0.22109228746526433 0.23299592032340302 0.2365668574840984 0.26774823128401865 0.15996719001251128 0.27208101788682565 0.13075239474684086 0.004531005177098175 
3 0.010623677049587908 0.019791965926437734 0.06132138216841419 0.08540488429632948 0.20216168711240556 0.19421687040990837 0.06630904871199442 0.11006106654807374 0.25961890220187234 0.0894953591984435 0.0003212204159213484 
4 0.10126415090913082 0.1061989718856797 0.19241855268421243 0.2417040383377099 0.060254917756787804 0.06071279990181098 0.05786787495910593 0.06046618671624049 0.01977168058694121 0.05877807605670843 0.009945149677448877 
5 0.012276800539630237 0.008835048840266835 0.15676350415591742 0.16132854559774756 0.16208233059649774 0.16224208864238812 0.06751004373012544 0.28075501077923026 0.2129069685312804 0.0007044616500447622 0.04497282898787544 
6 0.02590156641837504 0.013930783297546963 0.07857579054191409 0.02783291244529112 0.025158555775320463 0.1414867953527746 0.3141062257899233 0.007763912151856787 0.0016862133507944167 0.010938505404527378 0.010781270341470903 
7 0.06801069442702605 0.06638605778026122 0.005904322807520282 0.16177622696681215 0.19393072386687285 0.1967942573808214 0.21546063951978794 0.1410798118744996 0.011003929719653728 0.015272023851252764 0.004159932860660087 
8 0.02556173699530212 0.02832844965451291 0.12707049788209102 0.11746929104397101 0.050875979505463985 0.10624011970228808 0.22680295923124183 0.20253287358156444 0.0625320277483416 0.0070215738459038675 0.09809410908177894 
9 0.06399541181771394 0.032713336080024205 0.10852467182249502 0.26592827824433674 0.22183651133474733 0.2861905342558067 0.19111724373840894 0.20095637176468215 0.00397708847183759 0.025700033737207913 0.025021348649716748 
10 0.0179992966769759 0.015968868720173897 0.011102640081879053 0.0416208049094844 0.14220571266056134 0.03534063532387774 0.20095832706315148 0.2205785971288745 0.09109396670524776 0.000522939546940489 0.0029915798664927554 
11 0.0986037467045606 0.12803845496995653 0.12745216454574892 0.13228892874095172 0.12874557211901425 0.1390779837799852 0.19447359552166008 0.000958080510690406 0.1775143552201407 0.12780830831471912 0.08800692093054253 
12 0.04145391114186362 0.013423231638438182 0.02677889641981552 0.02741252728887649 0.026956992763005214 0.026975922442757087 0.030317621694588716 0.03313798095326486 0.035740563763163334 0.015075182928566515 0.0002738293953817514 
13 0.05222435269194626 0.1338056354459113 0.12726984187626678 0.05973473269842998 0.13686987885589103 0.14057305977520795 0.1411851538724138 0.13426453654987258 0.04325283364714384 0.04103750506149012 0.002020514041472997 
14 0.12000202757872094 0.1327231838378781 0.13071741194328326 0.08981487411609688 0.13779385737438338 0.28076895983401834 0.21688851076918558 0.07211793359491883 0.0009947062122195244 0.0024408612246060992 0.003231443343276643 
15 0.08625355756920666 0.19895921990527712 0.19787922517434622 0.12402285425574446 0.1283751941020453 0.08647161841310436 0.1099247700147101 0.12395375026475236 0.03787082675348874 0.0509448443197053 0.07231850232117759 
16 0.014508162624677622 0.012191253325057197 0.32922307850718585 0.3337875485266015 0.24423766847807699 0.05444259498503247 0.196443857974561 0.20379601732119054 0.011706513442448932 0.0025569417772997637 0.0011275173153878107 
17 0.0013301915745326087 0.17994312034607496 0.12771908011361738 0.1433923587704169 0.08949944782170594 0.14377905510304564 0.0931057993620107 0.012706611770995845 0.001109421984571213 0.11562939140802014 0.01843105295839324 
18 0.20017687274435642 0.20655743475690636 0.20382209642016474 0.2083170075075662 0.19071618508900576 0.1936414188355323 0.18794450414868957 0.211794517759738 0.0010725142944914973 0.18141876703795012 0.0023486277519034105 
19 0.04332584624874849 0.060692082374119605 0.08508037117001084 0.08649569792193783 0.013557281686263661 0.14438787560506217 0.15300058139847805 0.0036709754372472605 0.11566075439068003 0.1287079320034171 0.012401147016339455 
20 0.14617856336536988 0.13801846526573375 0.1583958643725383 0.1624706297795433 0.16386474731440656 0.2964293987381503 0.1471153236362312 0.029284914779525262 0.20554106863180907 0.10520474400559399 0.0058364308832182235 
21 0.10160827130874275 0.12561946839721247 0.06722795187688367 0.32271057700514466 0.15338612978369415 0.13724067818309627 0.16480286482074596 0.23687689781617818 0.001866526425250858 0.0008446293335040015 0.06715385752594336 
22 0.14243309992143927 0.20706733939655483 0.24039893074922433 0.24293173179542177 0.32682188396604056 0.14922297647952773 0.15950823177751003 0.0008049515783649335 0.001358563398758447 0.005381915967854898 0.0010886724923226904 
23 0.10141106626423953 0.10208445871806685 0.10189055164389978 0.16249255845326593 0.35222716038671137 0.20230517532549774 0.13288356612023383 0.0004673721571133466 0.0004965163447413319 0.0035225375189786995 0.006754111514761228 
24 0.10072911833293519 0.10632118765688313 0.14100575698513557 0.275974545845559 0.18604236273481806 0.14192379933201563 0.2003284188572354 0.2333101457200437 0.11882978482373142 0.11076358427204548 0.004649924841696601 
25 0.09914342090975649 0.16830479540361404 0.23091635298603547 0.1972498657668825 0.08493621584589514 0.22541567509300656 0.21136802252283304 0.18049064659140548 0.19282334541103158 0.0019881479508337433 0.016770478097356267 
26 0.2100569816899875 0.15603999250364428 0.14109489591348137 0.1622223305573773 0.16092430168231267 0.2238819414418195 0.2635431277184028 0.16800102927251978 0.17241070733666192 0.0010991494138243257 0.004228094903452625 
27 0.2530435660501473 0.19479724900742762 0.26317701433321894 0.1948455715868234 0.23430151483708833 0.23770014045752164 0.07407743936334868 0.17685319358154036 0.1513044611705722 0.002890610633814574 0.01260364876277376 
28 0.10654182454925834 0.12124225001977368 0.2889917791310084 0.26292365182973104 0.20299058687514845 0.2758735697727371 0.0014799501181728717 0.12268094896312855 0.09496662535122598 0.08830764784272821 0.0008916815960912774 
29 0.05900081237651257 0.07276256960435101 0.14817474243291398 0.14338988661471136 0.16881213909787096 0.28815446280417106 0.11090533431295119 0.029160758021101643 0.006579593287439882 0.014665469354510869 0.0007340960960154823 
30 0.05958105692761265 0.10217051696302737 0.08444241984433686 0.08352492541419855 0.07660133982629559 0.11418557265385802 0.08391441785220448 0.08384939554134851 0.007101945365744248 0.0005863361773213907 0.005369125110602719 
31 0.12493624727703924 0.12038892262451417 0.21817567250427733 0.22502670634238642 0.23796579590111072 0.15967679953646385 0.1670434157435585 0.13763670291312072 0.0018580055657358853 0.0002805734379460547 0.025418589114394617 
32 0.19261842419943062 0.1938676056097176 0.19397258437280196 0.18978386460448543 0.22277682742414495 0.15697858610102958 0.04515104688652236 0.0853244330801344 0.0007721343645799622 0.011133549873441527 0.047166913262508256 
33 0.1251694785874911 0.13217985681918407 0.13440734070741608 0.06814279544900026 0.06563518776651331 0.059850518683155475 0.037468726322639645 0.06688042593310188 0.004381977008082139 0.14290707103571298 0.0008899524681005514 
34 0.02632723351402296 0.021866697265177214 0.029471888956258067 0.030698058437931608 0.04956807173401246 0.07438631299497604 0.0007805564681852488 0.0312897762953065 0.01818599932231369 0.012900572035136424 0.02228129025036639 
35 0.012474475813365658 0.014507508682475455 0.02486039507874073 0.11488817345091214 0.12473724786269234 0.24163626598072913 0.20621090478439152 0.09212574669050393 0.2631055816148775 0.07124194617355453 0.000905872503829657 
36 0.20047678305888575 0.22901723138348778 0.19617603587420712 0.19433541416727002 0.16203227100298703 0.1741295826711804 0.10140081778980721 0.1469665097833585 0.004313571727745296 0.1232999582854539 0.01142061517881817 
37 0.04543686415105952 0.04368083807584452 0.31328663706601495 0.03215937744010139 0.27508544085695313 0.1116638239544506 0.18578026254981644 0.12146934667932294 0.2830059494421538 0.019661185986451463 0.0007052307287042656 
38 0.07507219813163629 0.09354826567305757 0.1444723264243146 0.06847668045519371 0.07131346859729655 0.06732298692504346 0.12683845801435698 0.1872870678227741 0.2821417486869381 0.000341260742832018 0.0037303889680358813 
39 0.06607418316077741 0.1543169045337341 0.1373162946218214 0.0029076991904213754 0.0034700270324989693 0.0030724205599397657 0.2650107335545143 0.19963238590784735 3.553571388526796e-05 0.02562927443565106 0.0012096676280403651 
40 0.005297551931425901 0.05574967754455831 0.055456687974639554 0.04450705795343291 0.008539073485646744 0.23025138170154227 0.17747561523674196 0.15967295461362763 0.11038051100866497 0.012451270611859806 0.0077204498314714844 
41 0.02055270089503225 0.14480653674739166 0.23158376541861256 0.23249251602034587 0.23211574414938294 0.23503413051464406 0.15620683647395384 0.24408371402290974 0.0446393756103816 0.0023053917217829025 0.007021709309692427 
42 0.07713501761767694 0.07714759594176895 0.0754446492402652 0.074806192924455 0.0719243094351248 0.07537194255233287 0.06911903982376459 0.06903238947402579 0.06855280354339424 0.0036699060038594905 0.007460493192599117 
43 0.0007356021320587846 0.00040492630039228457 0.0004494441126972707 0.0003832039801846263 0.00016511571806432991 0.2042466270954908 0.2554346143039364 0.31233529603948473 0.03203768461341058 0.00796339150177176 0.018737990925418113 
44 0.24266632999506008 0.23261103377048925 0.230457777923537 0.2328862570296963 0.23409292701330067 0.22780320100810994 0.23070461227957198 0.13953848798645577 0.19898769192246707 0.14314160293015837 0.0025050261948054006 
45 0.24389303332404483 0.2491735123817014 0.18195862455267248 0.18147957146665503 0.1427774286267618 0.26170782966392453 0.1438221035802663 0.13954778541025237 0.23075497309352433 0.02302387325652307 0.0004954715620988328 
46 0.11058717743925507 0.11485506922504386 0.11495378036591769 0.12560374765281915 0.13575927288427952 0.1283156762444356 0.13082131816972625 0.008528744512120918 0.051284038263656524 0.009992444461155036 0.0011404389313998417 
47 0.09647000643427275 0.09354358340995587 0.10828540712212607 0.2436586505454557 0.0714340454669028 0.2583496291376375 0.2470686328877299 0.05151372854663236 0.024224602269609374 0.0022302678372155484 0.18885058542620148 
48 0.12474419946366096 0.1272742456830539 0.12485364957408492 0.1575786054081309 0.12598873418569098 0.09622192851409413 0.21017145792669112 0.10154992697832843 0.02781884310490606 0.0020412493396260445 0.028133175283280295 
49 0.0005262287100212551 0.001683365025377474 0.022852099228620363 0.18141073676444708 0.18685279502294347 0.08718301131861166 0.07463016961533342 0.029876191656337397 0.0010783871891258804 0.29333152316859595 0.012391398792685145 
50 0.07591979387079023 0.2950932011452253 0.1261581112167182 0.12632091246809424 0.22200806830437614 0.12082644814519991 0.11053341445677581 0.1379680350879641 0.15401034228321725 0.0008665544010569761 0.0011874956700152486 
51 0.05379911286402342 0.05351951623841571 0.10070492636794491 0.15810853793408824 0.2228678038965662 0.19658281008778755 0.0832652067107034 0.16428194785151498 0.23585715940659435 0.10137689177643248 3.277652892744518e-05 
52 0.002957656346277649 0.0006896810957293276 0.0006179107163691343 0.00012604087097868173 0.0590235123631556 0.08007716233630593 0.2511487086392997 0.032480110387839795 0.038822777343196585 0.09533973411271729 0.004550256354532676 
53 0.0028175358425253797 0.0041500788435244506 0.003437382059242159 0.0023327858449034584 0.10366356349404249 0.06791522795029037 0.08933722743303628 0.0932393696632393 0.07509157275118296 0.00302615452481158 0.0019224858615983882 
54 0.12478632874757564 0.13963597457576063 0.13826052420509405 0.13671790310369758 0.13680666738494826 0.16471247040123285 0.1611400663549808 0.0002570557525865091 0.023643172738443803 0.002090780043230496 0.08517480268454018 
55 0.016481190326651483 0.015674560948723687 0.0030353116503049104 0.0030754459075331875 0.002118639170677935 0.0025465824191969145 0.0028185783116423907 0.00222318162418393 0.002316569553566402 0.0025541553988915502 0.0032422741593782166 
56 0.19362127956566333 0.1938630964673748 0.22763695665084044 0.2298130817867975 0.11745620794713471 0.2036907258937845 0.1659751684298146 0.15251812836908857 0.24734867146363934 0.004156276853404014 0.030763708456658614 
57 0.21125567568966094 0.28131175199326625 0.24248635590200304 0.2819635719363375 0.174456812348319 0.13150622121723057 0.20916885518714579 0.18611872017704834 0.0023427733266477313 0.019321725055827448 0.08218930649955626 
58 0.009310373447279573 0.005877072522386264 0.004066828503592212 0.000858580219175177 0.030977159465597728 0.019694674668624897 0.019189942757249084 0.020316538583820834 0.01730005150960618 0.16743106156568996 0.02205180912265968 
59 0.23950050209654167 0.2806349345637437 0.29589392526913344 0.12987770661398806 0.20728007125684897 0.20154861712740632 0.1426691296993451 0.2644647673996667 0.033273817182187165 0.013921160399245213 0.004368160946417546 
60 0.14676819937781985 0.15642446937729332 0.1726282695562648 0.1023252928631246 0.1904193415999565 0.17380463253613865 0.08952095869881892 0.06428199493270752 0.020974719256068447 0.0012068376955809944 0.018566813381684397 
61 0.019551263474724658 0.047623740853713445 0.14604337235400525 0.0172771574711861 0.09045574257589517 0.22239551948339759 0.024669119646254414 0.08750916817155338 0.1495435496841528 0.002280256721711448 0.003832618560251836 
62 0.10758714685489808 0.10887542458315341 0.12257946535996189 0.10873430861730082 0.15253550135364047 0.2075011168772852 0.10800524796407018 0.10831575777193238 0.0015675852136786733 0.049705234921963534 0.002421596206796158 
63 0.004384073336703814 0.22709101670702764 0.2317348422819487 0.0017050314913218542 0.0015451715277737703 0.0015371481597735812 0.0015796420657166114 0.001815926872947625 0.0017608590150599557 0.05429645058187458 0.0008020681246457242 
64 0.0932110867275639 0.09019098546867148 0.08938048289573679 0.08644304249242922 0.27346970858394437 0.15420432038158438 0.15187790828847444 0.10770234625704986 0.14978063845877318 0.01266854810823869 0.02547210937659261 
65 0.11897965551885023 0.13519156475930066 0.10786452365154929 0.1096486921385053 0.10855902551296576 0.15519151171258203 0.11751866534907218 0.15815949475409397 0.1558431989778692 0.09260085330915238 0.0006838858957259855 
66 0.09616476362718793 0.16750136490942757 0.006144144553443886 0.009549069830211568 0.015567249799294306 0.22660260874982013 0.00570050753075842 0.008773334363633239 0.2414929615251614 0.18695723874557418 0.009358351950698155 
67 0.12348184649804822 0.11904515588204591 0.12686782290785567 0.08128776207575664 0.21572106445379075 0.08225519625341814 0.07142214519399567 0.10166936732020358 0.13032148625536422 0.07193554677321035 0.023387929513483258 
68 0.0019249791946104248 0.0012965263363301316 0.0015609039909750674 0.0017508210203241118 0.0013919316093667679 0.0014579669675817526 0.0017643229777862248 0.001812464906307412 0.00176674171726804 0.0006392059317621725 0.08249836863944585 
69 0.2263205280132265 0.08805994316827126 0.07928485134089014 0.12283146162306696 0.12333714877740345 0.12086255824761878 0.07286926613739042 0.025141701465712776 0.08313391926451455 0.0012302240212511751 0.005500038065540937 
70 0.20865061112332073 0.19820837609981928 0.10497274583303816 0.05017105532290822 0.047210169733893345 0.1145790023716241 0.17551483682223762 0.20455960581852836 0.027994598825894623 0.19680143013437468 0.16668138484669817 
71 0.04235190208649811 0.03516721560792081 0.05607665460383757 0.13520234659407332 0.161702455715373 0.0545075402965657 0.09710895526740629 0.14628088999933772 0.0019708562444811445 0.005320716871262991 0.0437861042454661 
72 0.14368176845758962 0.24880821255638075 0.29024137995022636 0.1787553214509844 0.1848649247811873 0.18324942024949148 0.2575515455108689 0.1711511579557577 0.009820681551489536 0.0003660448745051934 0.0003698525331873069 
73 0.15278418049785303 0.16041658173633172 0.15844416085761157 0.25560073290944285 0.3497937813191452 0.34210507751894914 0.14895349273362668 0.06594984852064545 0.016205540381104173 0.0004969177439299843 0.0002410402108717584 
74 0.1801754202950635 0.19133196274915554 0.09745473032172185 0.013097027569233114 0.23086414402534816 0.11717733683797522 0.25598188779476216 0.23423661345539373 0.006022226123666586 0.0016825729234611084 0.02569051116091795 
75 0.12388579103734465 0.13325473399580828 0.17984853619541882 0.10381340562267766 0.06245369301386391 0.07644943546377496 0.23456806966043786 0.0008398130614877871 0.2483383363099097 0.09499702025211776 0.025748120387383805 
76 0.11221012139932127 0.11361727609950081 0.11748153223784777 0.1273845207647235 0.1299748166886793 0.1295082988374631 0.12794049878641253 0.128544880946604 0.001893490007223642 0.004163789174977206 0.02696209033369673 
77 0.004046726288611427 0.1591518316393068 0.25878758834284 0.2784396165427294 0.28434591245406876 0.2812816703048191 0.09166532194770087 0.04505006257209975 0.027158627447001895 0.026707051894008495 0.0011502828910255137 
78 0.018510378696909274 0.11782041182151398 0.11716934259765695 0.21422271589298322 0.21608143730412324 0.15694873284171257 0.15672921878259227 0.15411788149432437 0.20394834379694288 0.1061657344597978 0.04986886947120025 
79 0.012548000042899264 0.009961912179475771 0.0031509297246447654 0.0007247474061709189 0.012865819337937807 0.012116818003237637 0.012326826473802054 0.012286999463299163 0.012227055451948085 0.013425854712894814 0.012961854534738849 
80 0.10231328097300316 0.10531921187954896 0.15778375899434877 0.1552545823517038 0.34536397699360755 0.16052881685868384 0.08362338998009552 0.16181384140258787 0.20714028724953695 0.0006102294130769488 0.0038889921808100917 
81 0.1422943097050628 0.2794304084992912 0.24491293110068493 0.2441585448205683 0.16199063816048587 0.16658739115584908 0.2482198086809581 0.2786480202658359 0.007790022135634408 0.00042286077682711284 0.0042763896032031075 
82 0.009825426822313604 0.00869085943129312 0.017625416073035607 0.015438057780604333 0.013460074608201564 0.015598736177264974 0.01605964432493898 0.014369779565681471 0.014321406740368315 0.013868858839068 0.01463414679681285 
83 0.13782245309055763 0.1452995318767078 0.2130472380202665 0.21288044173469536 0.21345602382861956 0.21387345664770765 0.21669418021470271 0.059974270715388286 0.1837929003143084 0.27222507400591545 0.022214324125458984 
84 0.011459668963097948 0.017236934644017612 0.013550202905085225 0.014405297974984146 0.013356033851750689 0.31966286694370816 0.3086530840628961 0.06178360181460236 0.20259018129458062 0.0025126126892323856 0.09862157559720207 
85 0.028183371340359052 0.032413711975462264 0.032635169466414995 0.033385286517256405 0.031128309089291026 0.031455736762176355 0.14471514171932082 0.2279098302302116 0.0066009525161888445 0.007145909270058328 0.0001592202289369881 
86 0.012546383451004138 0.011327907720073143 0.0026729124690792415 0.0029888342838239115 0.0026283560378388715 0.0028841144407467808 0.0024663878407477084 0.0029871000647704628 0.0024733701920589663 0.0026076825587211614 0.002471957065110754 
87 0.12958794255324219 0.13247054526546054 0.11733558351809013 0.11138023510315621 0.11128955594322318 0.1137712348092342 0.12003666110840433 0.12054022056276523 0.11442720779928361 0.0010992391712163993 0.004145462862541843 
88 0.1883326028946866 0.2425046517563596 0.2675728488404658 0.2292299476868491 0.1445322094662792 0.15751919420591204 0.1680838644642701 0.02645784143286563 0.0021900234552352815 0.1397084903119684 0.001077259130786675 
89 0.02645681395523411 0.04040539024952192 0.038825838989664 0.18465824753385374 0.20024161605216134 0.15562993387396318 0.09017846226670462 0.11695963107175858 0.006575678036202053 0.01995615814239988 0.0013265194320195418 
90 0.2789707033928968 0.2765091083186655 0.15840961099125017 0.15136880220018556 0.22586271779158085 0.20007470589537213 0.1411424784023662 0.002575366019627964 0.13135264682743775 0.011350982566393476 0.016565235529260897 
91 0.01304976431957997 0.09341414577334028 0.24033436065064723 0.1385309371676992 0.22151120968078633 0.14020356845514184 0.1725658619974994 0.017094296042874282 0.0352011799546365 0.0026975450741268505 0.0024623424714733163 
92 0.14529708894297205 0.2089343774089057 0.20928888839393 0.20414752454572535 0.1880163380901011 0.24143027559616173 0.01128697437373018 0.0037321738341274703 0.23650504216016754 0.004815697523158172 0.0004891601734687237 
93 0.018696766190491453 0.010064586596284298 0.032856442213804446 0.03485353525668932 0.025891259188740825 0.2629836613279243 0.19470511872890553 0.014520970101248202 0.19276856531187306 0.18375562705935186 0.0008626679825185058 
94 0.13390854270792324 0.09290756569860632 0.09819978387222211 0.10453170114685485 0.09041567195547427 0.14944938014066894 0.223822143089938 0.06707932536302683 0.0004121826351701331 0.00550316437658894 0.22838513862580728 
95 0.12132731447911939 0.15824051098848185 0.10757085643776629 0.1790762115960084 0.06772820671578499 0.16517123634005537 0.06720765520338173 0.26337800779415027 0.002733265268931786 0.013893676741783956 0.0017036028002553694 
96 0.19120758710646454 0.29061305226608813 0.29704808731935817 0.2971615607330059 0.21887327868240522 0.0686265753740204 0.20739737473621267 0.09956016720046773 0.008629583547112322 0.0747631091964729 0.003389472045711877 
97 0.007361894280829635 0.0055152311156560175 0.04258842372788364 0.16418248673014213 0.038406372658299257 0.18212477673505362 0.1647246620648293 0.03910706325706494 0.03934157092690338 0.0037052241865027694 0.008598553586316207 
98 0.1272872504348146 0.12481308731109286 0.14741464034380125 0.14646979454982317 0.14692964932654695 0.11285028970022817 0.19280641545452956 0.12508495283332802 0.010003254203289043 0.010492487232329513 0.0036739362052674003 
99 0.010248192345682501 0.009684081339037113 0.007541654278580625 0.012241324727468144 0.011623963011082143 0.005009074777046409 0.016588714894567015 0.008187678766879489 0.008497588436076106 0.008522080363687772 0.008232835205750895 
100 0.25591467501797593 0.28986070397740277 0.2396547570866693 0.03433094147703775 0.19986078996331944 0.23761474066790655 0.17542318086619277 0.008956081945348443 0.086052293609453 0.03605326426026716 0.003168670062135368 
101 0.015400250690629481 0.012587460412234408 0.01462474428607152 0.025284361529579625 0.025259336605989603 0.02532516303460875 0.024931853728019954 0.025868518688661895 0.010895088602646485 0.027291387979554844 0.028728542717898757 
102 0.029679690986151988 0.03082698418642987 0.031171575303435856 0.03147939459374901 0.02781638108512808 0.21797128944679262 0.023544298745905513 0.12061666400855539 0.20746180842632278 0.13980158698753703 0.004205743634566317 
103 0.17811636908232611 0.1241293919473884 0.14786105518964668 0.13658492768216282 0.1360859961211094 0.12986131674216447 0.15697601868921063 0.12638556987737218 0.19153539254868954 0.09033196758711821 0.00998296053366565 
104 0.0072697822280330966 0.01000849161692725 0.009860967391503302 0.015566111519373278 0.181639432416668 0.04051388136953911 0.1503362521834513 0.12152042522878544 0.01972818151460517 0.00019369662653415868 0.021306334354772454 
105 0.2350623643862166 0.21701129272142805 0.2560903214323365 0.2913543811195085 0.3417547233406781 0.24726049669743635 0.2261749593524301 0.09775871275759518 0.043743822963266565 0.01833570005983502 0.010269725867260035 
106 0.16138598223285686 0.006558372579026343 0.12758412911842304 0.1268351172848813 0.13061907006947043 0.11720274438661739 0.1338831166843904 0.25843774380435725 0.09590439144291704 0.0007750342507279956 0.0012646569719801898 
107 0.14333529257957903 0.10674929164613074 0.04544550421483311 0.07800013195836994 0.06587548247779802 0.1396294797635266 0.19230438805256672 0.0040811560654972785 0.09322277473820716 0.003119246360848465 0.001098389301735765 
108 0.0031562892643263564 0.2551285497514988 0.051852177272499037 0.2600826953654676 0.26195268661876114 0.1863423795037318 0.29130359013663887 0.04979144360746875 0.1646134562391142 0.003803693468257087 0.02057695162322657 
109 0.1522787795728937 0.13390245774839313 0.14121942565708337 0.19198267444108597 0.08228947029107218 0.036374497411298216 0.21301704866708288 0.02601603103297321 0.0075429173580264675 0.03169934032002464 0.005730864429968417 
110 0.15258957597355166 0.15728436544372473 0.15139373290824293 0.15624541659638588 0.17843302264066474 0.1771236217256147 0.10580138886863881 0.10200946074897853 0.1690597539540908 0.10183601325358105 0.0024793486900411515 
111 0.19308486150679968 0.19520498787534807 0.16563695997079034 0.1620070493730697 0.16471934541269315 0.18130414770689224 0.13253094598348572 0.170551721110242 0.09859965737108148 0.09318178764729076 0.03296841255841617 
112 0.10112545567644726 0.10181496300855707 0.2002243187114046 0.10212187574621472 0.09579114071668515 0.1049882308279434 0.18978547576283805 0.01168740648614099 0.002897427491874369 0.004703693120387374 0.0012349411812423623 
113 0.13227129594184628 0.11952393897186758 0.07465439642298842 0.12483389682260468 0.0031071161403287443 0.003502688773370585 0.2004808224020944 0.019596308044164686 0.24177367867190727 0.03853320161149581 0.0020368141540884487 
114 0.0881331943684755 0.08977811007987091 0.08613815502966377 0.09878777793626514 0.09020001630189729 0.19418781725800244 0.2014507827834578 0.08817326341397339 0.15995211479632337 0.005741631397218438 0.0030070654157234424 
115 0.22493023321238634 0.2259724975032122 0.11963410760293869 0.10257967111302704 0.10117684068491305 0.099569917655813 0.13397626252138767 0.024932240785254075 0.06464531496042708 1.0965696512305704e-05 0.0024653460979406462 
116 0.18641235636570824 0.08595420038670264 0.08847683478324186 0.09283965973454054 0.21690837808665497 0.20515362307381452 0.20013075685046575 0.22767659733540718 0.0008153315069074897 0.27614940815998346 0.08530995412219451 
117 0.08918488281190118 0.09856663939139085 0.09966211308815544 0.09805226511421812 0.1305257379043242 0.21580001374930535 0.18096706388716907 0.20588835962797544 0.1004287069467346 0.0008452452172866536 0.0021052236079817824 
118 0.005569451966479624 0.004416157090901697 0.004314203223721253 0.004432635174707605 0.1410363815257303 0.09753096454525254 0.16535536882530383 0.03607461508867752 0.12067372201353348 0.005363288813722039 0.007235323167868346 
119 0.0870490880003804 0.10889711161212368 0.22130610136230133 0.264366842430519 0.237085408469844 0.0725752602676568 0.20111663606682767 0.11577700665163707 0.13667569462939452 0.008531525474501162 0.10197193925844472 
120 0.10945838248342227 0.10979663698497692 0.15163387044488225 0.15188380171356672 0.1522169840145739 0.25447803527903445 0.20951541473086785 0.016400673687154792 0.03564057314632703 0.18899437072766298 0.04281124759313203 
121 0.10921273797481086 0.045218775405143324 0.059592608851811654 0.07412856869680774 0.07695167207153279 0.07946481647190637 0.12256043172628409 0.07364581350868299 0.005226051113789206 0.0018086366532106325 0.0029629388481431 
122 0.09416004038126762 0.10145824918877022 0.07846238394048038 0.07598073119329107 0.07783482208118382 0.07693100407284682 0.18347448160301114 0.2490943206776992 0.043709366622659715 0.06768939777205697 0.0016541344207393312 
123 0.06150629980750884 0.1031685278750505 0.09625112746594264 0.0981304607680469 0.09801169059712914 0.2755908931069149 0.28165337768353843 0.17857928830637687 0.0014328299198336197 0.030762658305351003 0.011157328981137908 
124 0.14058553235425425 0.12047140612064242 0.09457311572785096 0.18168036399685722 0.10601844039729613 0.2447815329587236 0.22847587064107386 0.006925475146232093 0.1386825605682084 0.011088251196399005 0.01711605217039063 
125 0.03540994864160051 0.03580631985009944 0.03574959930447589 0.034109224481537685 0.034895143474775826 0.029407427534424282 0.1259812300386024 0.07120494063903106 0.0403702100704004 0.0022274580429147723 0.07757190498062527 
126 0.012603698370086569 0.011699404567759567 0.011377700142201965 0.01151064516449359 0.11828543940587055 0.1449787817873614 0.27516565347328414 0.025172525541609134 0.00034127505701006457 0.0005072618164431568 0.012260705609144312 
127 0.046066153439078654 0.028722149960457927 0.027904026252535016 0.035306986754539936 0.03442053766696669 0.04349834488726055 0.05048857025080434 0.04416239110442832 0.037663170261714514 0.005815927430912152 0.004684307199536979 
128 0.057941659259097694 0.1249579554803324 0.1315422758241583 0.1420074171546256 0.24399409484503945 0.19168364215348074 0.2080510549737039 0.2766830405690843 0.1396928920208227 0.0014915679645448915 0.127316522392273 
129 0.06948102039140747 0.04392694975555282 0.33425853907367487 0.2212142775154856 0.13465490099275737 0.15249429787514882 0.0761614927031824 0.0670735990168302 0.17496090258593072 0.23500556815300827 0.0012464277967692231 
130 0.12588139596541126 0.2865901138549182 0.3227231802100537 0.18630382420428168 0.2584476858967142 0.0560259393701412 0.1405067286524262 0.19738287265850973 0.0050071911932635955 0.14449176767230573 0.00937431465226302 
131 0.20947585958501874 0.21102443722846326 0.2627831651692295 0.14202590769443862 0.26666997521358493 0.2609519810388801 0.20655054895063513 0.1328727068805278 0.0029551520707324325 0.005506902345307669 0.0028579461402789535 
132 0.014974045996438378 0.04119700827563641 0.03969284860250566 0.041117243676379686 0.030107305682317 0.027378271880506337 0.03934393709253829 0.027701414149687235 0.20331995350569032 0.033014057547355216 0.01812882169888052 
133 0.0030892893634557176 0.005045512881667063 0.0018365667394343562 0.1602225519413166 0.16213033010817637 0.10808507916419444 0.173684113419356 0.11113698859049513 0.1852969720516507 0.06730746725962672 0.02048254558201954 
134 0.14280244287018068 0.1282809022845844 0.1391315154953789 0.20223473219516624 0.13875362439762792 0.25325469223178404 0.23271955759806412 0.0013211910820723368 0.08791731558232502 0.014404070133972234 0.014949904402800824 
135 0.14755083409701364 0.2225420525851781 0.22344027616760942 0.07964225141396342 0.11648173547552675 0.1199350386333351 0.18104607652858157 0.08499411278027744 0.22092747367907295 0.006584252270212797 0.01760844272750943 
136 0.12650500923486221 0.15974587867741025 0.17133563979183766 0.16854168054241928 0.04394453087479605 0.30324504707427785 0.05608706375950396 0.013125183706656007 0.009802845417556135 0.02115155907064524 0.04354659947125019 
137 0.08940564996609458 0.08847938213576421 0.08790601211813921 0.10207771903627819 0.16437971005973737 0.14625225181546816 0.19633796083864247 0.1723416165853905 0.00415074749256353 0.00616406870653239 0.015007069307610294 
138 0.011705460981495395 0.053534535642631775 0.054983275094059134 0.1667221661714008 0.10256545338877852 0.002378011156552143 0.054067543964408334 0.2687630448757317 0.015041558329560268 0.015901710871873552 0.00033677092490240875 
139 0.003433444765332594 0.0010167822011333152 0.0011136692782953918 0.0007292427819243036 0.021486467603925336 0.011537517383519132 0.011184513095383222 0.001429345325013584 0.09843421821637008 0.0854412644704023 0.061225560949071015 
140 0.0096091705378068 0.015878157813535347 0.11436915703274443 0.1465408182371615 0.19557262537788228 0.11464840613671548 0.09462566294470409 0.014191074128157366 0.1416957658414332 0.0017144783337425954 0.0019326025042332975 
141 0.07509737776846724 0.07293852073283834 0.10787547044869977 0.11019393084548477 0.026258415483855182 0.2034698918244668 0.12027958897167304 0.1618149395787754 0.3200166211551915 0.0032206167593525105 0.003814271244116136 
142 0.1560063946959767 0.11972353331452773 0.10940199597286954 0.16028673592562614 0.061448574742409084 0.16055879719549743 0.08125918745124795 0.060401170052652615 0.021280510682051917 0.019468632749587152 0.0007425073567158078 
143 0.015055762341275787 0.012869543268680443 0.17352385503436063 0.19165490456908382 0.21600834423996967 0.04904304743765556 0.2537332649965695 0.021938566850982222 0.07956028441971154 0.001686161770777465 0.004766076751419214 
144 0.014040337351320587 0.15125835702887572 0.2137185023100825 0.2553979081801524 0.1365177523066808 0.2646878416753787 0.007206695640041493 0.04901193722525052 0.2501852267866891 0.00038798406464220355 0.012832129583116752 
145 0.0015267403653475833 0.1650003831292062 0.10851067403708531 0.1799274858689753 0.18349937468821595 0.15195030466452533 0.2914296050159243 0.0588797128577074 0.20952393467931427 0.028465020403278373 0.007452818329477451 
146 0.06878135439952077 0.09256759471264792 0.1230642947779929 0.15103676576811595 0.08787116747341764 0.031313615662232494 0.1594273817903791 0.17658960937037843 0.0044825202371013406 0.010480507592906346 0.00643202138020035 
147 0.14099519276525585 0.14343956412659012 0.30057982463135524 0.10553788651326912 0.1686786641523798 0.2809145895859232 0.22165872835329803 0.03976574288498537 0.025066272242481282 0.0081532912144013 0.011932587399445171 
148 0.00358867365066012 0.008166692909325571 0.0075556694366718385 0.0072482455665704906 0.0060132065654605014 0.10341054638983103 0.2783852931408048 0.005993931218055874 0.027703752207650596 0.03883314523229314 0.0024894985048840024 
149 0.21809215965610165 0.225151503162792 0.21028249225900422 0.09824627611128627 0.2464293228880036 0.10799743723760595 0.04484560622585013 0.21107291453088267 0.08720842502963724 0.00020254510990125457 0.0028535367858861416 
150 0.009890935863566088 0.010137109704838358 0.01274136360695242 0.01725845737087535 0.0174091349539588 0.014349559152123164 0.01638480623934891 0.009849479557232133 0.009837021367443573 0.021107196089019273 0.0025314315219625363 
151 0.16835123284349918 0.12703429959106147 0.12365031996460232 0.13103779411874278 0.2969621124078067 0.0988176000730962 0.20934964684390692 0.0038741716623202456 0.13385329273822927 0.0022070250457738574 0.0009001316081567458 
152 0.22131442101604287 0.22377380556484136 0.2276515253192096 0.12838557100507114 0.1557750436620003 0.15844270443262354 0.2771699044907473 0.15776622532861906 0.004557215763838902 0.03090539105131588 0.020709858765728333 
153 0.1285513160095019 0.13373276434088446 0.1427123122891304 0.16221474289117666 0.18225559914571604 0.06955566942420265 0.1151138273451482 0.12300088157952764 0.0031937958177441325 0.0018788746794109802 0.0028127358096612406 
154 0.21064003019642225 0.15603709817574293 0.2554040416162665 0.1787325688755602 0.05956583069258118 0.3138807390265613 0.2575120138086518 0.0877875696136951 0.26444173446222907 0.1462975478962265 0.011119371093896737 
155 0.00644848127809489 0.009101734168356537 0.010108693962245367 0.009422062586524498 0.009373694498817146 0.0017196141054929889 0.2673889638542044 2.987598436867539e-05 0.06119910917871878 0.0038496617570491533 0.02449962422907238 
156 0.088084231646322 0.08162036154191418 0.08525415477639849 0.0822129134209028 0.08503605992720945 0.07792878736915912 0.19546789576287596 0.09172277760003576 0.06662294429488842 0.027780657523586494 0.008864664977368337 
157 0.10141128293892186 0.09902230958092387 0.08831010377325933 0.10706451833738292 0.049068303143854144 0.08148383231161116 0.07952385326585876 0.055001240881500726 0.1967925592414652 0.010156553840433579 0.0029113592129134803 
158 0.09612278378729501 0.15308067916010476 0.17372224719985413 0.15723373127229595 0.15159693996410842 0.17315520632515324 0.18239478684491342 0.04377946092622597 0.12290803439485429 0.000960568829918544 0.039494993367208145 
159 0.15957939116428174 0.0612812804722779 0.11293805822548778 0.1659380299769358 0.18905058616016926 0.06018038090128077 0.16478740983153095 0.12545183336424875 0.09175447372845377 0.07479037941698168 0.05010303085291267 
160 0.014341281531700145 0.010185916048454095 0.009833863395053245 0.009423051360183014 0.009979492637396227 0.009859439820988952 0.014324750900299735 0.012559347564279977 0.014855970441036205 0.013230587062764447 0.013406317396298783 
161 0.017736112159153435 0.004652855176494991 0.01256999127616434 0.01954014944546195 0.2164781283720652 0.1342551982166345 0.15270140856662737 0.14795602780814057 0.1668820099273659 0.0003554382668658786 0.14479735465417864 
162 0.2186056405445721 0.2970813556936954 0.19861816714904174 0.1943870836288083 0.0014373067437430528 0.014119811096485812 0.2921197216027918 0.226833338676526 0.10818497506484209 0.014346745139688834 0.12994055556299164 
163 0.14071739411515174 0.04190774765812853 0.04270435819948565 0.08836689620139944 0.04275548241113969 0.04192193420650448 0.040727985677405605 0.03775675144712152 0.04199073598758514 0.2244397464526039 0.059444600111920355 
164 0.18685343558420447 0.04806309817307179 0.06102274351509437 0.1111806982434953 0.015944334859482916 0.08146020970623433 0.11464887463148488 0.16919238050751478 0.00990193895545716 0.03548579256371614 0.0062763679757133995 
165 0.017817580536279038 0.016024835751271203 0.013900987511378644 0.01370819956932648 0.013593752788096696 0.01348747920721139 0.015079488933464901 0.009530386880077762 0.009816408219372363 0.002246397083264778 0.0014955143384891756 
166 0.19810016145515902 0.20140354461101778 0.22496273289874838 0.2272160730290168 0.229071069084902 0.24482011203259718 0.20153337399698157 0.11498889975983327 0.08040873431823661 0.12021787204244065 0.2154841068596344 
167 0.14159116997405574 0.1618703975613782 0.19350354348317325 0.03900668917293859 0.02988826153428189 0.13237852349492885 0.10222485341848281 0.1994825111897166 0.24766853470483458 0.041010963345319 0.0007726438560135841 
168 0.17691828836097992 0.17967565617142933 0.17985804207897127 0.2071467992310002 0.210275508937833 0.13797986514922553 0.27479920037538 0.0002463559427224886 0.18815960216044886 0.027476166588607343 0.005389344584347548 
169 0.1471665101525898 0.28379865254124714 0.11696748559363065 0.11462820717351964 0.1590923910503636 0.2843624431112966 0.0008161202237220356 0.1222431517465072 0.12672007386938386 0.001878034376021431 0.0068138149656156765 
170 0.061851422839281564 0.05995517155776635 0.06396599319635544 0.06209623834406457 0.05937376075377761 0.059865347259977456 0.05933157276505822 0.057257640942495275 0.055638529462391076 0.0034142079440690793 0.004562242426363844 
171 0.25812835873478496 0.25014219210043015 0.24847429879539867 0.25135329708484055 0.27988590064548136 0.3030820191414547 0.27853974347552357 0.1268393179525083 0.0057927762522756885 0.008628983023572755 0.0002870783436443341 
172 0.21148543024507052 0.2630404733131841 0.20898380843319891 0.18461043843383657 0.1928501517714652 0.24644710918399906 0.32797046228166504 0.1609235301194805 0.2137729518381992 0.0001428653549288478 0.002094070687235941 
173 0.0072899232822804284 0.23562779602738698 0.25557298003260775 0.36289675023443246 0.3395588289291739 0.3474658065171601 0.17819126760862586 0.14592411254207407 0.2204484232224628 0.005774478081375569 0.07474765592654517 
174 0.07263789095267892 0.07101115916639861 0.08497398744539184 0.11858296776457294 0.26146533379769044 0.2468044443670275 0.07818507028824553 0.049554393707843924 0.16775744250583302 0.02980154249893282 0.0021096878955774315 
175 0.1022090945272615 0.11507445748170451 0.006039345115200495 0.19749268633340653 0.2297882221352171 0.16224562977456256 0.2076604207647067 0.17357846864368487 0.018023593318657022 0.1333909763649038 0.002238480472600463 
176 0.15569735950466743 0.16070199809568228 0.10360249415441913 0.1394648206516007 0.09631089788680042 0.09381372693762162 0.15397583073751078 0.04190265016327226 0.18382847406367359 7.156400017578419e-05 0.09015499578840043 
177 0.00172553600905987 0.0011995509336097435 0.0012043340103218235 0.010976254585750514 0.010345051776388774 0.009511944919475641 0.01080236862960352 0.010424671201130683 0.009745664990500629 0.010465565183860673 0.05497856448104979 
178 0.10539325316579762 0.1924027057311061 0.21152346664445204 0.301145306370512 0.2778597332055719 0.27448786346892595 0.06378974379445036 0.07270514232047365 0.07020572558936679 0.0005799189110378725 0.011158960988899406 
179 0.09043589458965615 0.10853496078328675 0.09859417786186847 0.09805376424835249 0.0649439118460312 0.06776179155245157 0.06448470106226992 0.00039283525544267685 0.17390250101563148 0.005402538533351476 0.0006145260582172696 
180 0.32793928688049684 0.32645280504561364 0.17699102625240187 0.061467565237139685 0.22096704709740994 0.11457767683255227 0.1796453410373916 0.1942299782580502 0.005123478332439962 0.021708132049066218 0.001593906421317113 
181 0.00355869869247429 0.09633129021323028 0.1094986034810072 0.11012295611837958 0.16464017818772825 0.10988876192052348 0.02542585286628136 0.1449620742270702 0.2635958557189007 0.000727905263158802 0.008546230668294694 
182 0.13828862289913957 0.1355162744398789 0.2349467501902255 0.19290818478193378 0.11425847955511936 0.10171970686518969 0.23695762547356375 0.09120942980300849 0.040975391152501685 0.005744364961996897 0.0004260258005881233 
183 0.1777371590165891 0.12395067602023038 0.19427537421806304 0.13260289536628933 0.15287839639567707 0.11978288987645762 0.21295562986376182 0.07253922753589173 0.057715938723556875 0.08958384833945761 0.0012440559825507944 
184 0.21968357293267515 0.16076540312184118 0.3138889221059371 0.22711166698885735 0.31368474967905846 0.23139309472881658 0.2540949402947081 0.22360542948328388 0.22223296928653163 0.07195350536186262 0.002235593426382636 
185 0.2852848238840111 0.2884238073297824 0.2879595202471081 0.33676391441379916 0.2894434478747089 0.16670549912158145 0.07432781867993167 0.022619119941509256 0.004322507173818003 0.13777674595995798 0.11596835955464967 
186 0.10508061047795864 0.11578856483605211 0.14274082274588978 0.1967562229242758 0.2125498151709665 0.08791605178203818 0.21615202560787125 0.2835396064624886 0.12127194301704541 0.0832136382597069 0.07304438452146012 
187 0.00024741246149942214 0.0007024390524761249 0.00029362710762501114 0.0054793388280592525 0.0001743877742256238 0.005483571897638065 0.006102752383564687 0.005597279332423309 0.005544507220664579 0.00435385097887367 0.004215677601754361 
188 0.10047962559931178 0.11685209388145014 0.11035502142741097 0.010831469879039766 0.047534528632742296 0.001722099060906575 0.002089887429269547 0.0016178531199588148 0.001946528353851474 0.15776347806443292 0.023713085630314185 
189 0.1361059494948838 0.1394582061656294 0.0434296902861632 0.03197241225880759 0.1734783540044903 0.2051621305229177 0.18214166651262537 0.008948040464961908 0.04423328864369286 0.010016154647224388 4.5724296847447595e-05 
190 0.005765566843826908 0.009872003066624639 0.007975862694793641 0.00885091188163135 0.008717228897951656 0.16685206011060363 0.08310522408771204 0.018619184142530998 0.19981543841900093 0.058560220179159975 0.0055524098946369066 
191 0.10612145948857837 0.11989424559238847 0.12774267851978469 0.048779817877019675 0.1845739305270614 0.20449822316280847 0.07046037508358499 0.17955463178735237 0.08563448045264341 0.04154284742692127 0.011566354211335006 
192 0.05738848376703954 0.055419416632384054 0.028115299371805964 0.10941665523988295 0.13385520486557517 0.2596728911058019 0.10539322567440634 0.0800901543765542 0.0004045783027488447 0.00035236335362717427 0.027197898744705074 
193 0.0539649890103865 0.039162921211705705 0.07708913956440092 0.1762927549649576 0.20551372444344412 0.18277452853577444 0.31784815250471005 0.1842997000685448 0.005861032467980863 0.004645246842520155 0.010470918635518174 
194 0.09922365024816256 0.028873971912030883 0.029792522730871036 0.036038134553824513 0.055695354355707334 0.23348133597265736 0.2185431877070233 0.11689111418448653 0.0938677537858661 0.15847995488927893 0.014304318009185886 
195 0.011057053213490478 0.012629545313371949 0.01119475266110243 0.0109036842715916 0.04038794204381814 0.04167818284442897 0.005597736228399193 0.191874582262161 0.26350643747175373 0.03968410973001166 0.0011334902991517724 
196 0.04007600478114261 0.04085363714594686 0.26232174097970207 0.2611736388828688 0.26369625352608084 0.21872740602055224 0.3373092732677341 0.2084895505187255 0.010762971920816313 0.06147238448277896 0.0020083001996383477 
197 0.04639592659795236 0.07313629859568767 0.04104393368704089 0.04086913561061646 0.1661573207687562 0.15795122683283633 0.03238868083448657 0.0157930647422957 1.2505619275067007e-05 0.03796740410184986 0.13373494872850084 
198 0.2760545826232532 0.2663434744332297 0.2687382560144206 0.26714007225347863 0.26597220264232335 0.17085407304326958 0.22526197993337027 0.10500497454999769 0.10610592788001508 0.0003847044831796718 0.002883992632853988 
199 0.014418738048853698 0.01576383075159261 0.018714253395197843 0.21828634934668686 0.25238607678538827 0.045564532620813246 0.21136139915240354 0.092116814172117 0.004420991719282192 0.004850160917113743 0.145153179240977 
