0 299 299 163 120 136 170 299 299 299 299 299 
1 299 269 150 108 85 299 299 299 299 299 299 
2 208 109 66 178 132 104 86 73 64 57 160 
3 299 256 250 181 299 140 125 299 299 299 299 
4 299 141 89 66 53 299 299 299 299 299 299 
5 299 299 296 216 299 299 175 178 299 299 299 
6 141 299 299 238 192 163 155 299 299 299 299 
7 220 280 157 116 299 299 299 299 299 299 299 
8 258 299 244 299 147 299 299 186 299 299 299 
9 207 154 299 83 93 96 229 91 299 299 299 
10 261 299 299 299 161 134 136 123 299 299 299 
11 252 299 299 299 299 299 299 299 299 299 299 
12 219 103 60 46 39 36 39 299 299 299 299 
13 299 238 213 151 213 179 299 299 299 299 299 
14 299 250 299 299 299 299 299 219 299 299 299 
15 258 131 195 299 77 299 299 299 299 299 299 
16 191 95 57 44 38 36 39 34 73 299 299 
17 81 127 69 44 299 140 108 299 299 299 299 
18 234 108 61 44 36 31 299 299 299 299 299 
19 160 115 239 189 201 299 299 299 299 299 299 
20 299 299 299 299 90 299 299 299 299 299 299 
21 299 299 299 299 299 137 299 299 299 299 299 
22 299 290 165 121 156 299 299 51 299 72 299 
23 233 100 53 36 28 299 299 299 299 299 299 
24 299 299 299 216 173 299 299 299 299 299 299 
25 136 299 112 147 90 299 96 299 299 299 299 
26 299 299 299 237 299 299 299 299 299 299 299 
27 89 48 70 299 299 299 112 299 299 299 299 
28 178 83 299 165 164 146 299 299 299 299 299 
29 190 118 92 207 299 299 44 41 38 299 299 
30 299 267 142 99 78 57 98 77 299 299 299 
31 299 214 117 82 64 299 299 299 299 299 299 
32 299 199 161 125 299 299 299 299 299 299 299 
33 279 131 124 94 76 299 299 299 299 299 299 
34 251 152 299 200 205 299 299 299 299 299 299 
35 222 100 57 41 33 28 25 23 21 299 299 
36 253 299 194 142 67 55 299 299 299 299 299 
37 128 65 46 299 159 25 21 299 299 299 148 
38 299 299 216 299 299 299 299 299 299 299 299 
39 299 299 257 125 92 299 299 299 299 299 299 
40 134 70 289 299 189 299 299 299 299 299 299 
41 225 114 76 146 113 92 79 69 62 57 59 
42 272 119 65 46 36 31 114 101 299 70 299 
43 299 299 173 119 92 75 64 56 299 299 299 
44 299 171 97 70 55 103 299 299 299 299 299 
45 298 167 103 76 61 96 74 299 299 299 299 
46 197 100 65 52 299 299 299 299 299 299 299 
47 299 202 129 100 85 83 299 299 299 299 299 
48 241 106 59 190 191 125 299 299 299 299 299 
49 299 299 190 173 177 198 299 99 162 299 24 
50 97 61 57 51 46 69 299 299 299 299 299 
51 299 299 197 299 112 79 299 142 299 299 299 
52 299 191 107 77 62 52 46 299 299 299 299 
53 256 136 91 223 171 140 118 101 88 69 28 
54 234 140 94 84 81 299 299 299 299 299 299 
55 299 172 215 157 126 107 93 84 76 70 66 
56 299 299 191 131 101 82 69 60 299 299 299 
57 260 126 73 54 92 299 299 299 299 299 299 
58 239 128 84 67 58 52 49 47 47 34 31 
59 299 299 177 250 179 215 299 299 299 299 299 
60 299 180 116 184 299 299 299 299 299 299 299 
61 204 299 177 299 299 299 299 299 299 299 299 
62 299 299 201 239 228 152 299 299 299 299 299 
63 95 51 36 30 27 25 299 299 299 299 299 
64 299 299 299 214 299 299 299 299 299 299 299 
65 282 123 68 49 42 43 284 299 299 299 299 
66 299 280 151 106 83 69 299 299 299 299 299 
67 299 160 106 83 92 299 299 299 299 299 299 
68 299 299 199 141 111 92 299 299 299 299 299 
69 185 272 151 110 95 137 299 299 299 299 299 
70 299 88 74 245 141 299 299 299 299 299 299 
71 138 86 54 40 299 299 270 299 299 299 299 
72 256 299 214 147 113 299 299 299 299 299 299 
73 299 265 299 153 144 158 299 232 299 299 299 
74 299 299 299 179 246 299 299 299 299 299 299 
75 299 162 299 299 205 299 299 299 299 299 299 
76 299 299 190 133 104 299 299 299 299 299 299 
77 299 174 99 299 299 299 299 299 299 299 299 
78 262 169 147 152 135 119 106 95 87 80 74 
79 197 232 128 91 72 60 52 46 42 38 35 
80 203 94 53 37 299 299 299 299 299 299 299 
81 299 165 95 93 126 63 189 299 299 299 299 
82 151 80 59 59 53 48 45 43 96 82 93 
83 299 218 119 85 68 59 53 48 299 299 299 
84 245 120 288 181 198 299 299 299 299 299 299 
85 299 211 116 299 299 299 299 299 299 299 299 
86 237 155 218 164 84 98 82 116 173 154 140 
87 299 299 188 135 108 299 299 299 299 299 299 
88 299 299 179 241 299 299 299 299 299 299 299 
89 299 299 246 176 299 299 299 299 299 299 299 
90 299 299 133 210 155 152 124 145 299 299 299 
91 255 151 108 275 299 299 299 299 299 183 299 
92 194 299 250 171 299 299 299 299 299 299 299 
93 90 59 45 95 78 67 58 52 47 43 40 
94 234 152 123 110 299 299 299 299 299 299 299 
95 131 63 299 299 299 299 299 299 299 299 299 
96 268 149 110 206 128 43 299 299 299 299 299 
97 226 128 83 66 58 54 51 49 48 299 299 
98 264 119 68 52 50 299 299 299 299 299 299 
99 118 66 44 37 33 30 27 25 24 22 21 
100 188 299 285 197 153 152 299 299 299 299 299 
101 299 204 115 83 66 55 48 42 38 35 32 
102 111 95 62 49 299 299 299 299 299 299 299 
103 208 299 209 299 299 299 299 299 299 299 299 
104 251 121 71 53 47 140 120 105 93 84 299 
105 299 267 173 137 111 159 299 299 299 299 299 
106 291 147 92 232 174 299 299 299 299 299 299 
107 299 299 242 161 118 92 299 299 299 299 299 
108 299 191 117 92 84 84 65 299 299 299 299 
109 136 77 61 76 77 299 299 299 299 299 299 
110 196 91 86 65 299 299 299 299 299 299 299 
111 223 153 137 299 299 299 139 299 299 299 299 
112 299 183 98 69 57 299 299 299 299 299 299 
113 299 189 115 90 299 177 159 133 173 299 299 
114 225 299 185 201 92 95 223 299 299 299 299 
115 299 215 122 299 299 299 299 275 299 299 299 
116 292 299 299 299 83 60 55 54 299 299 299 
117 83 47 30 24 299 299 299 299 299 299 299 
118 244 119 68 49 39 299 299 299 299 299 299 
119 299 192 108 80 299 299 299 299 299 299 299 
120 120 62 38 30 299 299 299 299 299 299 299 
121 299 299 299 299 299 299 299 299 299 299 299 
122 283 165 168 88 146 299 299 299 299 299 299 
123 299 280 155 109 299 163 147 144 299 299 299 
124 299 299 211 234 261 299 299 299 299 299 299 
125 299 209 100 69 193 299 299 299 299 299 299 
126 185 92 54 40 32 27 24 22 20 299 299 
127 211 116 76 62 299 291 299 299 299 299 299 
128 157 124 143 125 110 99 299 299 299 299 299 
129 299 268 244 214 299 299 274 299 299 299 299 
130 299 299 243 168 131 98 299 299 299 299 299 
131 240 148 151 99 299 299 299 26 299 299 299 
132 238 299 299 299 299 299 299 299 299 299 299 
133 211 125 79 60 49 42 37 299 299 299 299 
134 299 234 215 192 299 299 299 299 299 299 299 
135 299 286 290 299 193 299 299 299 299 299 299 
136 243 111 62 299 299 299 299 299 299 299 299 
137 299 247 196 81 127 299 299 299 299 299 299 
138 121 68 44 35 30 27 25 299 299 252 299 
139 193 94 54 40 135 113 98 87 79 73 67 
140 142 257 207 159 131 113 100 91 85 80 76 
141 215 113 188 129 98 299 250 299 299 299 299 
142 299 143 91 173 132 128 299 299 299 299 299 
143 299 299 299 151 291 299 299 299 299 299 299 
144 254 113 63 47 299 299 299 299 299 299 299 
145 162 95 87 72 61 53 48 203 147 299 299 
146 191 299 222 175 162 125 299 299 299 299 299 
147 299 234 299 221 184 94 299 299 299 299 299 
148 51 31 110 80 66 121 107 100 107 100 94 
149 299 299 264 276 237 242 299 299 299 299 299 
150 299 149 85 62 51 44 39 36 33 31 29 
151 299 299 181 227 119 299 299 299 299 299 299 
152 160 299 248 180 299 299 299 299 299 299 299 
153 299 235 130 92 72 60 299 299 299 299 299 
154 299 299 181 202 299 299 299 61 299 299 299 
155 204 299 177 129 104 88 77 69 63 58 54 
156 299 147 84 63 299 195 200 299 299 299 299 
157 299 251 151 112 299 299 299 299 299 299 299 
158 299 299 216 157 125 103 299 299 299 299 299 
159 179 93 55 41 34 30 27 26 25 299 299 
160 137 80 55 46 143 119 102 91 82 76 71 
161 158 225 299 177 101 299 299 299 299 299 299 
162 299 299 210 112 170 162 299 299 299 299 299 
163 299 190 242 299 299 299 299 299 299 299 299 
164 299 299 240 192 299 299 299 299 299 299 299 
165 299 256 153 134 111 94 83 75 77 130 112 
166 299 206 252 99 100 140 299 299 299 299 299 
167 299 177 94 299 299 299 299 299 299 299 299 
168 299 299 172 299 299 299 299 299 299 299 299 
169 299 299 179 123 299 299 299 299 299 299 299 
170 219 133 100 85 74 65 59 54 49 299 299 
171 299 299 177 122 94 130 92 299 299 299 299 
172 226 182 177 299 164 137 299 299 299 299 299 
173 299 245 140 100 79 65 299 299 299 299 299 
174 299 198 119 90 73 175 299 299 299 299 299 
175 299 185 100 74 299 299 299 299 299 299 299 
176 299 177 105 242 185 299 299 299 299 299 299 
177 299 299 229 172 146 139 66 57 52 48 45 
178 299 191 299 299 299 299 299 299 299 299 299 
179 212 114 93 93 102 107 115 115 299 299 299 
180 299 299 202 141 103 74 106 299 299 23 299 
181 197 110 67 50 40 34 30 27 299 299 299 
182 299 259 133 91 299 299 299 299 299 299 299 
183 299 299 299 299 299 299 299 299 299 299 299 
184 299 142 77 54 43 37 299 299 299 299 299 
185 181 92 205 89 74 299 299 299 299 299 299 
186 299 299 192 241 299 299 299 299 299 299 299 
187 117 81 299 216 166 138 122 299 299 299 299 
188 287 299 274 299 224 299 299 299 299 299 299 
189 149 193 114 92 61 154 299 299 299 299 299 
190 299 289 189 145 119 103 93 85 80 299 299 
191 299 294 152 221 299 299 299 299 299 299 299 
192 299 251 147 109 194 299 299 299 299 299 299 
193 215 105 185 135 108 91 79 69 101 63 155 
194 299 299 206 85 299 299 299 299 299 299 299 
195 299 224 123 87 68 299 299 299 299 299 299 
196 166 80 49 37 31 27 24 22 299 299 299 
197 299 299 299 299 115 150 299 299 299 299 299 
198 299 299 299 299 299 299 173 227 146 299 299 
199 299 213 118 84 93 88 299 212 299 299 299 
