0 [ 0.26948014  0.30755347  0.69613147 -0.05197814  0.91877705  0.53258611] [ 0.57128451  0.42495834  0.95614599  0.62582684 -0.04528492  0.52850998] 
1 [ 0.18870703  0.50185319 -0.10226622 -0.03929333  1.18572175  0.53497558] [-0.54750912  0.94380369  0.07168519  0.33230707  1.53779478 -0.08287268] 
2 [1.05978257 0.80460352 0.2260221  0.19374706 0.55454102 0.04609904] [ 0.85194174 -0.02359274  0.41506567  0.23672276  0.42487837  0.32733107] 
3 [ 0.35742942  0.8405695   0.04556414 -0.0093482   0.74853097  0.38228225] [ 0.63182144  0.82229644  0.77557362  0.02691172 -0.01126958  0.71805214] 
4 [ 0.25211596  0.66896289 -0.10159215 -0.0063903   0.74908085 -0.17333304] [1.06372941 0.35752324 1.0544295  0.36537926 0.02756141 0.14484168] 
5 [0.37289003 0.9036741  0.62581475 0.88171212 0.56270584 0.22768307] [0.04929894 0.63788307 0.43554944 0.85655221 0.43177386 0.02312521] 
6 [ 0.70342998  0.91934358  0.39300556 -0.32936905  0.84959626  0.27137047] [ 0.0452089  -0.13921752  0.36266888  0.40133766  0.18157476  1.37357526] 
7 [0.64620098 0.44142209 0.8532826  0.95989545 1.01474453 0.8152902 ] [ 0.24927913  0.36370231 -0.04528849  0.53098068  0.92530906  0.53822873] 
8 [0.17226682 0.1623321  0.24562365 0.03634508 0.95044005 0.33846829] [ 0.54666345  0.36552847  0.12865697  0.09842874 -0.33139864  0.79532943] 
9 [-0.01462055  0.33401733  0.84865453 -0.02550688  0.21616892  1.08564752] [-0.20930352  0.35435037  0.96663686  0.53145175  0.0574051   0.56185972] 
10 [0.96226933 0.70917459 0.50776737 0.62130336 0.4749052  0.44089637] [0.57480417 0.23583043 0.73320138 0.33468566 0.19726769 0.71022703] 
11 [1.25509144 0.90947643 0.59288462 0.50171785 0.03430172 0.60114109] [ 1.40017616 -0.07487146  0.04647604  1.00891388  0.52201702  0.52202195] 
12 [1.03616805 0.87428521 0.43165647 1.0671416  0.33748924 0.13708114] [-0.02774122 -0.1245741   0.45678331 -0.06790736  0.59021175  1.09286607] 
13 [0.32665462 1.0062723  0.02261045 0.39497656 0.71736873 0.55879618] [ 0.78411873  0.55236701  0.71676244  0.73705478 -0.01868574 -0.28834735] 
14 [0.17339119 0.35185459 0.42493835 0.34780168 0.64120124 1.47488078] [0.63775326 0.41992805 0.19390721 0.2291282  0.92734402 0.26884117] 
15 [0.92268242 0.06807095 0.92630232 0.46945054 0.94470649 0.5029249 ] [-0.13426975  0.12061684  0.31756245  0.71262097  0.16098174  0.19177481] 
16 [0.38194777 0.83455179 0.83752083 0.70283703 1.01788054 0.79901413] [0.12665946 1.0058725  0.18595269 0.6214406  0.64605107 0.53784915] 
17 [-0.03489362  0.98788898  0.08451742  0.74104145  0.23787085  0.64609942] [ 0.20482254  0.13775592 -0.01772295 -0.10372796  0.88971328  1.12814144] 
18 [ 1.06306382e+00 -2.58407574e-04  8.28840213e-01  1.02891453e+00
  4.79393726e-01  4.81484504e-02] [1.09603353 0.46446006 0.97181699 0.08791609 0.33341998 0.9433849 ] 
19 [0.38257889 1.17270989 0.10754004 0.45462019 0.97797046 0.53354437] [0.21034921 0.60540257 0.21220261 0.05854352 0.70479579 0.73354681] 
20 [0.74442519 0.77421077 0.8032776  0.00321512 0.05998454 0.56920299] [-0.04741311  0.08250534  0.74501515  0.57223779  0.68746476  0.20184586] 
21 [ 0.03571634 -0.41208043  0.56252285  0.687777    1.02663275  0.666505  ] [-0.24379919 -0.1923824   0.79274252  1.03612422  0.27927253  0.22549192] 
22 [0.20743099 0.27900315 0.41744154 0.89370422 0.64416551 0.11659804] [ 0.82270919  0.67702128  1.20995792 -0.01301772  0.03550486  0.27184325] 
23 [ 0.23897694  0.5196262   0.11459463 -0.0764387  -0.02511263  0.61793601] [ 1.04013548 -0.01970917  0.42955035  1.01455059  0.36468783  0.13751562] 
24 [ 0.28994867  0.33633801  0.4109844   0.72201204 -0.03226827  0.80922504] [0.27624809 0.15153416 0.20851032 0.02262145 0.34848405 1.81375295] 
25 [-0.23006593 -0.31432156  1.02038663  1.05386513  0.25883209 -0.1345381 ] [-0.97561061  0.88683984  0.03194946  0.80336494  0.80824311  1.05643414] 
26 [0.31387864 0.45816254 0.81159671 1.01268463 0.16493129 0.80568829] [0.47418397 0.45132878 0.0612142  0.97096228 0.66198871 0.0464686 ] 
27 [-0.19922211 -0.23063489  0.27891722  0.76662373  0.16520057 -0.03955319] [0.62934697 0.36381997 1.28455562 0.42589076 0.57134255 0.62802367] 
28 [0.10228432 0.77226966 0.79768173 0.90389387 0.40741137 0.86000805] [ 0.81316651 -0.04357647  0.02487479  0.68621087  0.26007567  0.18229592] 
29 [0.82836449 0.89998691 0.59086465 0.79146926 0.82312435 0.78547786] [0.12086373 0.69108465 0.48370086 0.96550931 0.93954364 0.6241291 ] 
30 [0.21295748 0.30353953 0.85774023 0.03055749 0.67045947 0.96349024] [ 0.73187244  0.39314762  0.42869833  0.61671781 -0.11691473  0.32735402] 
31 [ 0.14689202  0.24380144  0.24587973  0.87940813 -0.28802572  0.65353423] [0.69757153 0.51496265 0.38401191 0.68170059 1.34010495 0.24709552] 
32 [ 0.79950943  0.71198211 -0.03788278  0.37911064  0.6680895   0.42529534] [0.02407461 0.83031119 0.58486262 0.62030003 0.16782768 1.38186426] 
33 [ 0.20487636  0.6534247  -0.07583335 -0.08802092  0.58517729  0.4201207 ] [1.05619018 0.38105231 1.04243406 0.43252539 0.18609085 0.11918424] 
34 [1.12399064 0.97123316 0.93851815 0.25286635 0.94803566 0.81640945] [0.66188235 0.30214162 0.32407484 0.07024919 0.23174485 0.85788823] 
35 [0.92366113 0.4274729  0.5323294  0.96122545 0.38521975 0.51205227] [ 0.65033137  0.45256429 -0.15405468  0.904039   -0.00635947  0.72080073] 
36 [-0.24423129  0.8598612   0.39748477  0.19746939  0.03948048  0.86282303] [ 0.48287849  1.37393131  0.29683193  1.02738323  0.4148235  -0.020278  ] 
37 [0.57908807 1.07193527 0.62268691 0.32113831 0.24687436 0.52220666] [ 1.58322148 -0.02226912  0.96666911 -0.21473234 -0.19991882 -0.18258286] 
38 [0.33133756 0.91783864 0.194364   0.50947769 0.79477779 0.4441623 ] [0.24749594 0.16429378 1.22017985 0.345129   1.00743494 0.87082112] 
39 [0.43131099 0.59420832 0.74815376 0.42792399 0.24130868 0.67980635] [-0.07287661  0.00896323  0.29017688  1.15197808  0.45273025  0.23424012] 
40 [0.36886295 0.53689242 0.99079733 0.51713904 0.97297934 0.35538313] [0.0584919  0.03811065 0.57307577 0.05418745 0.31423447 1.24843348] 
41 [0.84054818 0.61111193 0.570207   0.59650081 0.48617036 0.21962136] [1.0683021  0.24292778 0.3434108  0.09457313 0.29098591 0.72658232] 
42 [0.24330228 0.73621611 0.3146571  1.06443732 0.62981023 0.8880551 ] [ 1.05140159  0.2980823   1.42108767 -0.03379087 -0.06346858  0.06265744] 
43 [0.52398716 0.13189542 0.19616151 0.8049546  0.22112358 0.81268622] [ 0.60780422  0.76226237  0.10741201  0.81792557 -0.02261667  0.77460048] 
44 [ 0.20056733  0.50046821 -0.1616987   0.6447713  -0.03899536  0.91866953] [-0.57361881  1.07625826  0.23869283  0.7569223   0.91192527  0.10625983] 
45 [ 0.01094269  0.20237877  0.57093155 -0.06830653  0.41165242  0.70192429] [-0.79112569  1.06066923  1.16035802  0.60665339  0.14137077  0.14770541] 
46 [ 0.36823709 -0.09876854  0.76185929  0.04224986  0.50956451 -0.04695368] [0.5010456  0.60583858 0.01511724 0.14496701 1.28489809 0.16871939] 
47 [ 0.19936719  0.52880577  0.41327264  0.72065688  0.80918723 -0.07811635] [ 1.09785701  0.13871685 -0.04160377  0.07802359  0.82243626  0.96358024] 
48 [0.7761329  0.16165166 0.21853711 0.39994774 0.87035502 0.33265816] [-0.11463254  0.126092   -0.05970615  0.14182788  0.47135004  0.27654108] 
49 [0.84133685 0.30867269 0.71964804 0.24106071 0.92631586 0.32954663] [0.24875876 0.69239206 0.81959645 1.07042696 0.55558984 0.62290362] 
50 [ 0.26969837  0.81960117  0.08348653  0.1901719  -0.03655601 -0.03523175] [1.11771153 0.19273399 0.23681003 0.20624636 0.40956356 0.60297107] 
51 [0.20239821 0.27458649 0.94045843 0.34834898 0.62597278 0.76126737] [ 0.85328335  0.34292218  1.13634614 -0.08933563 -0.02961134  0.29742367] 
52 [0.79410812 0.49688956 0.84485524 0.67309202 0.9157264  0.86711904] [ 0.58410528 -0.00891368  0.05510642  0.84325843  0.95228059  0.78007595] 
53 [1.07411269 0.15289699 0.69767748 0.36184192 0.85222492 0.72233247] [0.38205372 0.57708575 0.09478298 0.71264142 0.77828735 0.21149262] 
54 [ 0.24785487 -0.05160124  0.70696841 -0.05962879 -0.00384217  0.60414432] [0.89852549 0.16056536 0.51020763 0.9810153  0.32973935 0.15888617] 
55 [0.82061582 0.67237961 0.74519519 0.46148071 0.71778604 0.84018567] [0.88772689 0.08335752 0.90376448 0.37152188 0.79900443 0.89799195] 
56 [0.21565545 0.65026945 0.4183123  0.75982627 0.78692032 0.45678095] [ 1.05905953  0.08648355  1.57493722  1.5676415  -0.24734135  1.76054283] 
57 [ 0.14783687  0.23116478  0.2131342   0.27527877 -0.0929694   0.1484171 ] [-0.57815851  1.37748167  1.19275993  0.7154167   0.63497737 -0.04751885] 
58 [0.83596092 0.750534   0.30877288 0.86707657 0.50205978 0.47788481] [0.78806127 1.02896755 0.09422415 0.43709577 0.00890873 0.72878461] 
59 [ 0.18716711 -0.07714338  0.1356526   0.31788188  0.19480405 -0.05569947] [0.84721924 0.449234   1.26377476 1.495628   0.97202649 0.37554641] 
60 [0.47388592 0.42581342 0.0222085  0.25591353 0.91807709 0.08877576] [0.72432271 0.99196305 0.95131994 0.59661119 0.30650471 0.33291025] 
61 [ 0.40244876  1.00615458  0.9472283   0.80870842 -0.067501    1.12292155] [0.13678379 0.04167076 0.51699594 0.43207633 0.9948692  0.04842479] 
62 [ 0.28075829 -0.08200747  0.22919622  0.51647832  0.85830708 -0.11521624] [ 0.78148893  0.27965561 -0.04424982  0.22664957  0.35875055  1.17320996] 
63 [0.86171047 0.02056566 0.46341261 0.50803487 0.22911315 0.19713622] [ 0.6780436   0.79175692 -0.12826519 -0.01101568  0.56008026  0.36833629] 
64 [0.52987084 0.65998343 1.04470275 0.30236816 0.56167493 0.0146795 ] [0.85935991 0.57388869 0.48613598 0.99207159 0.16679132 0.82509226] 
65 [ 0.20598718  0.58829481 -0.07850977  0.18817757  0.4584496   0.54385373] [1.04521075 0.99277088 0.81202805 0.06536638 0.179883   0.11324609] 
66 [0.94581433 0.78622574 0.53282633 0.37175017 0.41660859 0.37145191] [0.79729156 0.53897316 0.20908341 0.683751   0.64358845 0.58065074] 
67 [0.21813822 0.75641753 0.13402396 0.90674298 0.09771556 0.76813595] [ 1.00206361  0.13353753 -0.06437386  0.34585521  1.25079459 -0.15844561] 
68 [ 1.02207747 -0.00423102  0.73349409  0.52514349  0.28349144  0.48034961] [ 0.86435937  0.69132433 -0.16896723  0.37415781  0.31840986  0.21850431] 
69 [ 0.19308852  0.22509122  0.23246553  0.39405238  0.50988044 -0.14094647] [0.75281187 0.36740491 0.34105095 0.67198405 0.26378259 1.03800651] 
70 [ 0.20013364 -0.11684019  0.81406033 -0.05683092  0.59896307  0.12406348] [2.16011265 0.40281317 0.77915244 0.5562764  0.27719472 1.4029473 ] 
71 [ 0.23096287  0.31794862  0.98934644  0.65956643 -0.1395483   1.14042312] [0.76842055 0.64855092 0.42129505 0.35750206 1.19315505 0.17788808] 
72 [0.70324197 0.01055919 1.21277843 0.70614226 0.32569199 0.90486651] [ 0.47606655  1.16431545  0.50333301  0.11439165 -0.01149299  0.49710362] 
73 [0.67132347 0.21604531 0.69911063 0.83927438 0.34830275 1.09130061] [-0.07767817  0.03910285  0.12384144  0.51823275  0.28640618  0.1218372 ] 
74 [0.8486696  0.667782   1.0663254  0.62957465 1.04569811 0.19191353] [ 0.39266894  0.88844235  0.14342325 -0.24125514 -0.2617434   0.47943112] 
75 [ 0.11625502  0.27289779  0.68120295 -0.17823967  0.8653136   0.4720243 ] [1.03796472 1.05691193 0.28843019 1.38257222 0.11941554 0.09112066] 
76 [0.80311224 1.20501901 1.02270901 0.32802781 0.19778523 0.34593137] [-8.06940336e-04  1.10401815e+00  4.43225509e-01  1.29316123e+00
 -3.78483521e-02 -1.92083558e-01] 
77 [0.35103629 1.29581065 0.22316294 0.25495727 0.52246903 0.91300042] [0.36600192 1.03166354 0.02434205 0.39501714 0.91657749 1.36781025] 
78 [0.30768434 0.69782303 0.63219488 0.33604073 0.54139118 0.24614883] [0.77866318 1.09071631 0.32548444 0.90673183 0.02291696 1.26079196] 
79 [0.99812196 0.48093399 0.32437672 0.34841278 0.42651    0.80829644] [ 0.75454203  0.93992861  0.83330505  0.33174039  1.10820997 -0.17755907] 
80 [ 0.37065293 -0.09101619  0.35248751  0.3638341   0.53800347  0.64516324] [ 0.34660588  0.76726729 -0.0700714   0.20492921  1.46515364 -0.08566448] 
81 [ 0.13083283  0.23129871  0.51931837 -0.11591876  0.81768453  0.49378115] [ 1.05847625  1.16551274  1.29934202  0.2571507  -0.00276494  0.18541917] 
82 [0.68074298 0.37405196 0.12177583 0.894064   0.87808798 0.66410643] [0.63575144 0.5378475  0.45010248 0.7045312  0.89793408 0.91070643] 
83 [0.7391162  0.15234538 0.63077968 0.00929682 0.57465135 0.75974461] [1.21722145 0.36500627 0.62179616 0.83665874 0.77240243 0.11046497] 
84 [0.81202779 0.12599633 0.18827426 0.72892057 0.81849352 0.65266378] [0.16926894 0.47549552 0.11897268 0.23132838 0.11392261 0.39646732] 
85 [ 0.24738798  0.556331    0.60283755  0.96578151  0.60028195 -0.02283545] [ 0.32356615 -0.04786494 -0.00732299  0.6456128   0.83806712  0.53170421] 
86 [1.09040677 0.65153398 0.72366738 0.88826639 0.79694033 1.03710513] [0.87199606 0.8328867  0.5268107  0.08333761 0.15333179 0.6971714 ] 
87 [ 0.21284346  0.60435972 -0.05732657 -0.02761833  0.59289674  0.57710645] [1.05411849 0.86954606 0.62831456 0.36241643 0.18982942 0.13099809] 
88 [0.10101924 0.1598193  0.11569916 0.77715502 0.36232284 1.03821469] [ 0.8745027   0.20457771  0.81566162  0.26381647 -0.17808745  1.44955986] 
89 [ 1.03188684  1.061166    0.75235258 -0.04596775  0.97370299  0.59691925] [0.07178966 0.99626868 0.77377843 0.57236286 0.31300925 0.09788321] 
90 [ 0.14323167  0.05445621  0.0322771   0.66061454 -0.0383019   0.57343598] [0.04459362 0.03065271 1.00843798 1.26496338 0.54641989 0.17786515] 
91 [0.76022824 0.10004234 0.34459153 0.23370007 0.28365418 0.99999406] [0.8856108  0.25103477 0.38493883 0.51152759 0.66642926 0.5934558 ] 
92 [1.07476142 0.00867501 0.08451493 0.6743448  0.85244579 0.90517887] [ 0.49363668  0.84619281  0.23915129  0.60233914 -0.07563041  1.03741288] 
93 [ 0.91422181  0.45595074  0.75757221  0.90593994  0.14823094 -0.05404957] [0.92354686 0.1704887  0.84822206 0.85920588 0.65925761 0.43224065] 
94 [ 0.26390124 -0.05292483  0.27527596  0.5238115   1.05512432  0.05323137] [ 0.87289761  0.22133394 -0.11301356  0.17132286  0.91531369  0.69967372] 
95 [0.11414091 0.52522932 0.06770466 0.98235774 0.14719325 0.79543854] [ 0.94097913  0.02198925 -0.0988479   0.0481454   0.02780672  0.58796772] 
96 [ 0.23918238  0.61882832  0.58337784  0.32330984 -0.05059029  1.14080962] [-0.46869827  1.33620263  0.15244509  1.26223231  0.24651053 -0.06588924] 
97 [0.428672   1.05012488 0.33713095 0.13272368 0.1481076  0.11773921] [ 0.43163473  1.08208049 -0.11326867  0.33563437  0.28743646 -0.08602738] 
98 [0.2318491  0.24613707 0.4325156  0.79702011 0.83427244 0.99765512] [1.06726923 0.00586229 0.1995096  0.06988542 1.60595759 0.2119341 ] 
99 [0.67020442 0.71004532 1.01886977 0.4853728  0.49062527 0.65563145] [0.98828745 0.70980426 0.63232087 0.52174818 0.02307403 0.31507289] 
100 [0.52131216 0.73290453 0.63891012 0.27472782 0.36462097 0.8378579 ] [-0.13605911  0.54334976  0.33256611  0.29380228  0.2921206   0.4309071 ] 
101 [0.71366963 0.74041442 1.07274384 0.6815674  0.62990616 0.96646937] [0.77206631 0.84532224 0.63722205 0.88741695 0.46145818 0.48171671] 
102 [0.85767252 0.38953871 0.57468058 0.56035462 0.7027763  0.02486393] [-0.04078664  0.03542104 -0.08278675  0.52914785  1.04101378  0.38646203] 
103 [-0.08412543  0.45989951  0.54975294  0.60378129  0.67779162  0.3013877 ] [ 0.11634303  0.36699548 -0.04203383  0.0553175   0.37126826  0.84881993] 
104 [1.04553399 0.88997054 0.09393996 0.74112785 0.34246148 0.44462059] [0.82983936 0.65368044 0.02428938 0.42736891 0.47848146 0.49014325] 
105 [ 0.07088143 -0.13320509 -0.247872    0.45208646  0.56764647  0.37696904] [0.81760739 0.7274317  0.31440101 1.27480255 0.18674399 1.44567041] 
106 [0.37180473 0.78776133 0.58366005 0.52852618 0.76544783 0.66553932] [0.61845225 0.2009589  1.0491086  0.78340535 1.08438133 0.91902616] 
107 [0.43528903 0.26044739 0.77790705 0.86840841 0.96026736 0.26880201] [ 0.79992038 -0.02685302  0.83960712  0.95472038  0.24891012  0.40736715] 
108 [ 0.46202773  0.50125162 -0.00532923  0.31359997  1.00609156  0.9253902 ] [0.0376383  0.89481162 0.60846394 0.11228457 0.57928869 0.28094896] 
109 [-0.29855938  0.78637188 -0.06428205 -0.09878127  0.1511381  -0.05538891] [0.16399414 0.17835136 0.11169739 0.96377102 0.83182369 0.69411655] 
110 [ 0.23347593  0.49102391  1.05015469  0.88461494 -0.08905701  0.7537179 ] [1.13182263 0.16578868 0.03114481 0.62229483 1.14842054 0.16834248] 
111 [0.86162615 0.78093377 0.02616117 0.67868451 0.78640699 0.35241307] [0.00471519 0.88559529 0.79881225 1.11149927 0.2940471  1.35849844] 
112 [-0.15288838  1.14227061  0.74231866  0.6085279   0.03618457  0.3681002 ] [ 0.17341758 -0.02920976  0.12009536  0.75111935  1.15012467  0.2687437 ] 
113 [0.64221601 0.60148706 0.3203633  1.00515923 0.23308706 0.83657554] [0.14230159 0.30153137 0.73696301 0.16235913 0.36297233 0.43961295] 
114 [ 0.37376948  0.46375751  0.36214562  0.36244433  0.51179089 -0.15567542] [0.44547971 0.22386082 0.10286375 0.44990025 0.64372627 0.60114109] 
115 [ 0.21655686 -0.22064659  0.46690408 -0.07056912  0.25770204 -0.08854512] [0.2556964  0.59538477 0.6573864  0.68091814 0.31456592 1.16027046] 
116 [0.34702953 0.57771242 1.02177029 0.35807063 1.17336231 0.60643885] [ 0.50793756  0.1832959   0.82966937 -0.1827505   0.27550912 -0.22433456] 
117 [0.85188384 1.07544911 0.18424697 0.42919638 0.71603187 0.47831512] [ 0.00092407  0.75311021  0.92377687 -0.04190835  0.05348518  0.2725201 ] 
118 [ 0.57730074  0.68310387  0.07717157 -0.0793749   1.07795024  0.41855709] [ 0.21064455  0.68972663  0.27677629  0.61684244 -0.54686758  0.50772195] 
119 [0.28295217 0.12955934 0.37857273 1.07131779 0.80427624 0.18435948] [0.46496908 0.1618588  0.48808934 0.06624027 0.96615837 0.72172097] 
120 [ 0.34315234 -0.08203013  0.68455144  0.27783104  0.17253076 -0.04100235] [0.3788526  0.70150916 0.11351282 0.24769021 1.08751308 0.21924   ] 
121 [ 0.21737777  0.68272776  0.392562    1.02107614 -0.13682496  0.62198861] [0.5596582  0.08103082 0.00666963 1.30329486 1.17165518 0.23909395] 
122 [ 0.34875958 -0.09744201  0.67443407  0.60197545  0.78676126  0.77327647] [ 0.47764186  0.59934004  0.13418426  1.44994961 -0.04849078  0.06768801] 
123 [0.12016588 0.66914531 0.19911685 0.02090853 0.68962579 0.76174585] [ 0.27620371 -0.07306632  0.69426017  0.85608736  1.47251942  1.07419259] 
124 [-0.33338653  0.28972319  0.86019846  0.62570399  0.08083155  0.72706988] [1.59297495 0.86660275 1.03047422 0.57991183 1.00139815 1.27055664] 
125 [ 0.2703158   0.7725464  -0.07566778  0.47260247  0.89488894 -0.09783   ] [ 0.16907956  0.16467797 -0.2028083   0.00952353  0.7636106   1.34724624] 
126 [0.93579322 0.02294494 0.10006927 0.87335774 0.73242318 0.19951764] [0.30432607 0.07909499 0.36457365 0.6876592  0.63584083 0.30913526] 
127 [0.59673726 0.91317999 0.66497552 0.17943977 0.5847381  0.00557766] [0.0327688  0.0067003  0.27021361 0.31443815 1.11255276 0.25917562] 
128 [0.23823822 0.67710953 0.20873451 0.85330786 0.55089169 0.12316903] [0.9339594  0.7026456  0.40033284 0.23281423 0.06243391 0.15070384] 
129 [0.14424987 0.26550832 0.56387274 1.20419746 0.40837301 0.59672588] [ 1.20549771  0.25980088 -0.12978165  0.06583223  0.54353733  1.45869608] 
130 [0.22643443 0.32592638 0.41710951 0.15247647 0.36663459 1.26662797] [ 0.76240312  0.63817951  1.35062132  0.96302032  0.10485343 -0.35211123] 
131 [0.18871312 0.75519245 0.80965408 0.86095758 0.1430806  0.4974605 ] [ 1.02644187 -0.01735765  0.04566645  1.46995996  0.34679651  0.18050731] 
132 [ 0.66683893  0.48816623  0.75980003 -0.19742869 -0.00467259  0.17592394] [-0.00635308 -0.03271119  0.41293812  0.19842453  0.39385724  1.17365363] 
133 [0.40645955 0.71363519 0.96467641 0.16549188 0.0468309  0.71646285] [-0.0315745   0.81490002  0.0118712   0.37954779  0.31271941  0.57073018] 
134 [ 0.82761363  1.33568898  0.15239403 -0.02501751  0.14807551  0.61498929] [-0.06860626  0.29514796  0.55907701  1.02348956  0.34309141  0.1953879 ] 
135 [0.0964471  0.21026751 0.60598555 1.03897419 0.12666582 0.94098897] [ 0.67602788  0.43044212  0.0304709   0.56102683  1.24061086 -0.23827629] 
136 [1.11269622 0.34400614 0.37897715 0.59144862 0.33457682 0.7573129 ] [-0.01515466  0.0883912   0.05874207  0.50574076  0.30191861  0.12444181] 
137 [0.19386393 0.27254659 0.4267115  0.85821541 1.21091083 0.4292645 ] [-0.49468089  1.43662586  0.09036215  0.04570668  0.28226394  1.39924163] 
138 [1.06847674 0.64133941 0.34468576 0.28964275 0.43769657 0.44533116] [0.48143746 0.57442162 0.44006405 0.67312315 0.15039106 0.82194354] 
139 [1.04912521 0.96219043 0.75604783 0.21078206 0.03265752 0.69018043] [ 0.80041425  0.70575751 -0.06886088  0.1819669   0.46910826  0.41004334] 
140 [0.81702189 0.38762247 0.81685524 0.47096063 0.15000173 0.37060359] [0.22264825 0.78147907 1.01226244 1.02516875 0.33118065 0.92281186] 
141 [ 0.23874308  0.77344689  0.33079441  0.77103589  0.23043585 -0.17961054] [ 1.02827859  0.23322522 -0.1600811   0.88944296  0.0912551   0.67754835] 
142 [0.28674142 0.8515471  1.10794757 0.17701729 0.5316425  0.04741364] [ 1.15847192  0.00611994 -0.09144906  0.0440628   0.60222756  1.02953723] 
143 [0.21210632 0.34958666 1.02121984 0.77513706 0.25687308 0.4948389 ] [0.71908524 0.61478835 0.43491179 1.54191301 0.22439902 0.15026703] 
144 [0.19282344 0.35062217 1.26021337 0.27179804 0.98086057 0.80491262] [0.81169759 0.42417831 1.03544304 0.76406314 0.19343453 0.73040554] 
145 [0.44374901 0.13557019 0.63968489 0.47292642 0.72899841 0.22758515] [0.43228018 0.11435194 0.94412333 0.91843439 0.16738828 0.56048543] 
146 [ 0.24374464  0.61044684  0.33348496  0.10232419 -0.08738674 -0.26635831] [1.07686659 0.13813067 0.60599572 0.6189179  0.33682173 0.07040065] 
147 [0.09650334 0.64714674 0.97283569 0.51360679 0.3730519  0.37453288] [ 0.66032096 -0.0461347   0.07307272 -0.25656473  0.50667416  0.29603315] 
148 [0.98062502 0.2917735  0.06114297 0.28968752 0.4445688  0.08514377] [0.87911141 0.54148993 0.91730317 0.33364873 1.00323618 0.69853681] 
149 [ 0.31827454  0.06260713 -0.28124232  0.55771218  1.61926113  0.67150261] [ 0.80619175  1.15252948  1.29551719 -0.0380953   0.83818733  0.19167835] 
150 [1.14762858 0.83146223 0.42321462 0.42771242 0.73977342 0.36953224] [0.68072772 0.74379079 0.21157652 1.02953062 0.92047565 0.92577252] 
151 [0.14625256 0.41259938 0.63676154 0.36271321 1.03329996 0.50117565] [ 0.96942702  1.03043438  0.01194174 -0.03491912  1.03545326 -0.28800959] 
152 [0.68588659 0.66108315 0.81647564 0.55408592 0.90188206 0.19606776] [0.81121235 1.01781456 0.51030966 0.64335995 0.35934075 0.90830717] 
153 [ 0.18480605  0.51008118 -0.06385028  0.94528936 -0.05834076  0.42130262] [ 1.08812877  0.73284811  0.95702909 -0.11554372  0.23061906  0.07610626] 
154 [0.13734291 0.25843713 0.6349824  0.19614207 0.50834744 0.83868001] [ 0.77098188  0.68043439 -0.33121886  1.05623473  0.09780081  0.28796362] 
155 [0.79763944 0.56609631 0.83107621 0.49041804 0.77793967 0.44137369] [0.86081357 0.38859685 0.84592394 0.87304805 0.74305363 0.14439641] 
156 [ 0.24694149  0.65768939  0.60509418  0.60998675  0.17419049 -0.09524802] [ 1.05424971  0.18777415 -0.12172628  0.55662093  0.19455703  0.879714  ] 
157 [ 0.21696228  0.31212206  0.49061462  0.99995885  0.14332641 -0.05221097] [ 1.01281901 -0.07884168  0.07518775  0.75542667  0.13011693  0.8128629 ] 
158 [ 1.35208347e+00  1.88739530e-01  3.60426793e-01  6.07583038e-01
  4.29854691e-04 -5.56030405e-02] [-0.09181029  1.50781667  0.60185021  0.71852307  0.59580723  0.37261922] 
159 [0.21272229 0.27577801 0.73416516 0.48006614 0.46023028 0.42558868] [ 0.06092805  0.46880394  0.93447051  0.91985936 -0.02410782  0.55395743] 
160 [0.92980433 0.01752236 0.93508692 0.68350298 0.1539508  0.51448745] [0.39899894 0.36074781 0.6854667  0.76708269 0.33821661 0.1690126 ] 
161 [0.84902486 0.63354773 0.42316845 0.33009568 0.28112841 0.13959771] [ 0.30618964  0.95761824 -0.04721834 -0.22024533 -0.16361754  0.64960018] 
162 [ 0.3357724  -0.13449159  1.09548152  0.9289943   0.51293417  0.34621917] [ 0.51475883  0.56567523 -0.04292921  0.00233082  1.74134245  0.20478981] 
163 [0.15231895 0.54419958 0.06577652 1.05178947 0.68584156 0.77144775] [ 0.90953481  0.80733171  0.56661119 -0.02037961  0.5264401  -0.22869574] 
164 [0.61983419 0.64779401 0.10197156 0.22398007 0.68127834 0.4158291 ] [ 4.78171538e-01  9.72306975e-01 -7.10327238e-04  8.69486606e-01
  1.09952873e+00  1.22141672e+00] 
165 [0.9484634  0.51650877 0.34628634 0.68215682 0.61395764 0.40277951] [0.75055535 0.14068986 1.10502996 0.57620022 0.52109122 0.72506967] 
166 [ 0.18669693  0.17582439 -0.09549052  0.79336583  0.41505869  0.68938387] [-0.09762967  0.49890229  0.64382915  0.20759576  1.42581312 -0.05038346] 
167 [0.87490379 0.63188596 0.25254493 0.68836712 0.35582962 0.65567632] [-0.03160001  0.03998679  0.06762654  0.48262905  0.22429722  0.09348299] 
168 [ 0.88148554  0.7641184   0.60990018 -0.16953056  0.54634907 -0.0395766 ] [-0.02668138  0.08377715  0.81404663  1.0589462   0.5399172   0.83323746] 
169 [ 0.44429695  0.07416913  0.29143807  0.63024252  0.71193294 -0.38819256] [ 0.51549001  1.2028554  -0.03232614  0.00795417  0.76988337  0.26755364] 
170 [ 0.23620526  0.67225498  0.59667748 -0.00703791  0.9553078   0.32938188] [ 1.05874501  0.23009269  0.96438158  0.47970781 -0.00124969  0.09048907] 
171 [ 0.17619558  0.41878764  0.60061312  0.56360774 -0.01048176  0.00068936] [-0.57869226 -0.33470727  1.34530954  0.53022227  0.92117647  0.27780176] 
172 [0.07691436 0.17673875 0.26667097 0.37368286 0.75127532 0.90574364] [ 0.61504707  0.73714725  0.60218238  1.18373074 -0.06824591  0.32158418] 
173 [ 0.81383009  0.05910061 -0.07630448  0.77683141  0.66339735  1.03144454] [ 0.41419092  0.62884514  0.53884064 -0.09156649  0.39663269  0.22909325] 
174 [ 0.25013509  0.7492934   0.15051926  0.13765701 -0.05624027 -0.03961803] [ 1.10376986  0.12822052  0.42047058  0.58789331  0.5643171  -0.04884353] 
175 [0.91119955 0.36508244 0.86909969 0.78954759 0.21361991 0.84915242] [0.93283104 0.66029613 0.57290468 0.88971724 1.09933064 0.44835821] 
176 [1.05993284 0.75588167 1.13833364 0.20421632 0.92394337 0.48241274] [-0.00379732  0.593261    1.38349143 -0.04319414  0.31210945  0.07311225] 
177 [0.93096181 0.09079903 0.68373823 0.98927057 0.87667468 0.70208649] [0.20488329 0.73924527 0.5767385  0.66819984 0.49387793 0.18203126] 
178 [-0.2920106   0.40533621  0.23623314  0.92362222  1.11075408  0.65932116] [ 0.12026414  1.30760979 -0.47543933 -0.17854672 -0.01675686  0.25229172] 
179 [ 0.2776246   0.32785464  0.49449092  0.2202745  -0.05173268  0.15924733] [ 1.11747498 -0.04188848  0.45610869  0.45955708  0.7069994   0.08563782] 
180 [0.18890401 0.07578605 0.00950941 0.39977569 0.53962952 0.59337163] [ 1.22889756 -0.08953034  1.38364408 -0.3644395  -0.24929505 -0.16159382] 
181 [0.34267533 0.87646923 0.59421764 0.41612535 0.72930675 0.77375943] [0.55473348 1.11546239 0.82620597 0.34561616 0.62741724 0.4182544 ] 
182 [ 0.36591918 -0.11644295  0.73585908  0.06962924 -0.06084788  0.4714764 ] [0.54200917 0.53662725 0.40504363 0.29607729 1.08473792 0.15434924] 
183 [ 0.92868745 -0.06693817  0.32886209  0.54926887  0.80944116  0.99207167] [1.37109677 0.15371465 0.02450964 0.74209255 0.00697889 0.80969471] 
184 [0.5023897  0.37229187 0.71317011 0.89738638 0.50110192 0.37486289] [0.58168594 1.01785508 0.94828803 0.52139356 0.51086841 0.42745359] 
185 [0.40119153 1.27950475 0.66934903 0.33754846 0.92289406 0.52924052] [-0.06047579  0.12454255  0.568693    0.34767752  0.17554804  0.17594881] 
186 [ 0.13124697 -0.06161754  0.29733515  1.19794565  0.6176815   0.24129392] [ 0.21166015  0.61603604  0.82829584 -0.00319429  0.38544009  1.23008812] 
187 [ 0.80789034  0.50837165  0.84208355 -0.07257435  0.53434725  0.76199608] [1.05861137 0.40244917 0.85394576 0.20814466 0.39579058 0.77742705] 
188 [1.02434149 0.81949726 0.38074171 0.54640052 0.19945331 0.12735836] [0.76135364 0.73246971 0.55314229 0.28164659 1.09062118 0.95562374] 
189 [-0.25700464  0.53088295  0.58512931  0.78678262  0.80389658  0.70372079] [-0.33050114  0.30601071  0.25785356  0.87952779  0.00393407  0.28985871] 
190 [0.92398306 0.18133066 0.79622692 0.97206388 0.35933648 0.95248758] [ 0.6531708   0.5316716   0.64749377 -0.20696287  0.92012094  0.67944834] 
191 [0.22516175 0.74225798 1.04632027 0.01180385 0.03416554 0.81835934] [ 1.0065405   0.11009549  0.77181765 -0.03687215  0.92458883 -0.1402134 ] 
192 [ 0.32362724  0.61133221  0.78786799  0.71972443 -0.03324344  0.5462097 ] [0.2521212  0.14554225 0.37282256 0.03745551 0.15708253 1.41374919] 
193 [0.25314259 0.48651905 0.63393884 1.06126303 0.57425359 0.6716038 ] [1.13965886 0.03514405 1.46091626 0.07294758 0.1934575  0.11328072] 
194 [ 0.62025089  0.77149691  0.57285129  0.62021869 -0.17716364  0.33658539] [0.04073577 0.04033812 1.1523659  0.22721027 0.80320181 1.30929848] 
195 [ 0.38603205  0.87071047 -0.06522841  0.11939662  1.08828487  0.39630839] [0.15130071 0.78494048 0.42375862 0.43299565 0.6391083  0.30316589] 
196 [0.26014361 0.6126015  0.39810446 0.15609518 0.58935237 0.74806992] [ 0.00735224  0.52431247 -0.02935459  0.68306297  0.36400325  0.49636552] 
197 [0.92035361 0.62383577 0.69350638 0.90433213 0.45240544 0.38794074] [0.48657624 0.51411559 0.39761861 0.62512547 0.34019293 0.58574141] 
198 [0.28745819 0.82274904 0.94615265 0.48687125 0.63564941 0.32526328] [ 0.85039902  0.91952921 -0.20556462  0.46315454 -0.02650438  0.1363093 ] 
199 [0.3232598  0.7710138  0.12627707 0.32170834 0.68849743 0.50495952] [0.45651178 0.8090695  0.68109    0.38880985 1.11670938 0.64868485] 
