0 0.3016127303392732 0.7465485248709579 1.6055831852705815 1.5620306488796278 3.151648559634391 1.0031922580802155 3.1401179444932388 3.167902109327599 3.7785920743889974 2.4614224394365865 3.0936479217245743 3.0659952429597253 2.660290762850404 4.919751933771074 1.9136725392337148 -2.233097157306253 1.3990057106025005 26.91087128488336 81.79173953039727 40.45411348928629 152.5244120001222 -62.99951381815651 
1 2.1806072759546664 0.1782327728939216 3.0489501194567734 -0.17082440990774198 3.136097389588713 0.004578583346751404 2.8165036715436496 0.08269475697215983 3.4672860700563106 1.5964960869853682 3.137185307036309 -0.07839186038662119 4.884635672588667 -0.4645954758040161 6.451584244238695 -7.0849995884093175 3.3192102895485336 -0.7081071452069225 17.157273828230927 -25.10378656315496 264.53931705873765 14.561338492607359 
2 0.23410254845581355 1.612858659864461 -0.5256026784940551 4.799513764350065 -0.996872828903025 6.341245426786623 -0.6638318123874031 7.86652165572431 -1.1043845452306853 6.754334489271622 -1.4977316856860667 6.395618184101842 -3.0479419530517062 6.778689416470865 -7.952391394085368 10.923535484236227 -4.026163213740735 10.936176629063732 -120.49239556471895 -15.691483526162541 30.590173558471403 53.93282445522938 
3 2.3488684438708107 0.18063037460751988 -0.0013416732779144673 -0.1151578732066633 -0.47727437683866586 0.20674880133025889 0.014833203812387681 0.35924169908733333 -0.057878131673150146 0.9009279627110715 0.009984541123755216 0.08569190069602013 -0.02550473476118825 0.028313346678909293 -1.395974608371137 -2.124935925403142 12.654445021452728 -10.911541394444313 -94.83362666034131 -62.71697207578106 84.5312118211248 -4.785014851185923 
4 0.9012344174166103 0.9214676084285142 2.0058471362229193 1.1256678320061762 2.138247509219879 1.1296651026915998 2.932005577894145 0.05090645481630286 3.8298575881827066 -0.009579135692277214 1.437448572253695 1.7476955873003568 3.166687466923113 -0.7756905340625658 3.7111996993780445 -5.015057176183429 -12.390508017145638 -0.5458687204694824 78.00707928755615 11.446086924527178 96.46986034484452 -18.97941912740303 
5 0.37981445857448337 0.4867669925489988 -1.580168693815313 0.535029509220233 -0.48898792709744643 1.1576444103502608 0.01760866393520615 1.9120353257326763 -0.09571717992894842 -0.04316055426308454 -0.42419216971596724 1.953629119046415 1.6572110530793203 -0.2192083846105141 -1.2209338858974859 -5.0773036976445916 9.89747168058721 -3.0544013303432758 -70.63921243814143 37.7928927445167 -78.0773677838882 6.627831879336256 
6 2.1433280054864725 0.5557753744916855 3.1176811834783265 0.859512598086261 3.109220975486982 0.6520655338394771 4.07065726282759 1.4760021514001456 4.626127336707283 1.0803359863302615 4.828947200897177 0.7936874283211119 5.287929445629687 5.810980149344417 11.013939750558526 0.18599531607024053 6.324316881992093 15.82677116247567 -23.07359137855779 6.359648750963504 -30.53353769841121 32.20076712174789 
7 0.466700804239494 0.21579807842751839 1.5776344662808022 0.18056388703966808 1.7164786813611197 -1.6484803047403975 1.6369317829871752 -2.189877576412398 1.5742978593675656 -2.860752402213176 1.376613176216547 -3.5140515738482976 1.741584692644287 -3.749954211426456 2.8524116316084958 -4.880255448323022 -0.007517551245914167 -0.5916972829821036 6.685877034058827 1.382785982364184 14.158073418693423 59.48476520317541 
8 1.5917372979954383 0.00672306023799295 3.15269321804516 -3.166232493731359 3.3866725965060414 -1.611283563985568 0.24356010755309407 -3.1436507683324892 -0.06143401658274193 -2.9852010430508864 0.21607725913327036 -4.876812877834852 1.8032205401384485 -2.1524736458873077 -1.8984648003237716 -4.891097013112377 8.17368640904281 -17.47349771306852 20.47690859706782 2.163776012589475 12.853854908858539 -110.45812868636035 
9 0.6507855801510047 1.681560640532696 0.346017156650206 3.862191159850831 0.7736416035492331 4.43455077751074 -0.05598119917010163 3.907698301390456 -0.9695065575389227 3.144428626648897 -0.25247097230297155 2.8799376679735333 -3.4267278474898983 3.261829976037077 -16.04350747258296 3.097773546286938 -22.0014395331949 12.486824347792874 -34.76704187236992 110.30870349876436 42.31463173173934 -63.41194979532426 
10 0.1891771703572871 0.8808988005295928 1.022954238021937 1.6366612136276473 1.6338464707068676 1.8671016371515887 4.421592247846612 3.140680147633565 1.6038977805419783 1.9460261841692716 3.251618288695422 4.985283150416808 6.597021660676668 1.7172957183241695 -3.400424193720737 1.9849813813145831 -3.0810971971909336 0.018514382999853994 75.10017606100406 -57.60384136328151 110.18502586172725 -25.874419887706484 
11 0.06595605573679031 1.6093711270837832 0.08112281835653727 2.3902432872562938 0.026241837878565245 2.5789735367352797 0.2040144548880868 3.699709350810851 0.07878627291688535 3.4066729297081375 0.18296910133053232 4.652100658268121 0.015676274837983378 0.16456236204450614 -3.088065297603953 8.001242922123156 -3.092402383694565 10.263665462808518 3.137423801136253 -0.017837404481960507 81.11187609197208 35.511596270978224 
12 -0.16447008942531613 0.4407366197835479 0.4109201534122158 1.2379690308288616 0.7151129082239204 1.6262290929947887 1.537336934483835 2.3580852657369977 2.021458834281439 3.47428807731975 2.645330897080832 3.2925178062746934 1.7503178332647908 5.235793351287771 -0.2251684257489352 6.70408740887904 -2.1830311772242603 8.955486247045233 1.5625517115801286 -27.021131949166428 4.558492429123622 -145.13478757739074 
13 0.4262307331099413 0.6237657149688602 3.3250080221069362 1.5298969367768787 4.278575296793555 0.42401047323872715 4.847871640112525 0.697737767940912 5.689683178161285 1.2676673646448937 4.487065756265574 1.5770031917703313 4.9340990039471615 -1.5541908947350274 6.275866452641524 6.313748224761717 6.248977235974394 5.8899867553626715 38.37790577707559 111.3513766647245 7.893697041206036 122.17312827220675 
14 2.3650594021482485 0.524616155516953 3.2977061417771396 0.49024812077941937 3.330732597326637 0.6289995244403842 2.7865694406386936 3.0187014668548557 3.138095902181484 3.3522776280158957 3.193230938709378 1.6579194111389852 4.722426667701411 0.5831458976539389 15.110148865141584 5.887327641854967 -12.221180420516545 18.939916521275027 5.713930819356308 -1.6193023116479195 -40.99816231071058 -83.85737617820855 
15 0.429352381231606 -0.12710362540284367 0.362325239629769 0.5403676243453202 0.1593205556110602 1.777350132808141 0.5708813455886661 1.7359427202089812 1.0796294041053498 1.5685963272691803 1.7202976605903748 1.9501284177055365 -1.5084441736547036 -0.5043085713374158 0.0893491334656946 0.172564030171974 -0.015264196301322062 -0.1684208980159573 38.15746551461103 21.05348162971557 94.68033723144767 146.72732575221687 
16 0.2447552041889918 -0.004279454229801223 1.1108060164367655 1.1967536369969107 1.9064196973573944 1.3852508160842567 2.337279406421392 1.5680094597620242 2.6059968779841496 1.3932185171682352 2.8220032199783036 1.573656139072185 2.58455179095465 1.4643827767993696 5.069679926268314 -6.0203378486811 -29.717666510984973 -16.46916534556806 -9.705826573560875 -13.347859767633803 162.01556461458276 154.940559478496 
17 -0.20450074674256655 0.4407371283159704 0.002747293012655208 0.04328363726549512 -0.01926506802651847 0.0009478559228586116 -0.002170766308508272 0.029531719971502463 0.6287938610475186 1.4457668331669817 1.2243881180012675 2.321272607967147 -0.669865429989422 2.2285121947111612 1.6313749454865487 0.325569331217576 6.262795838913338 -6.28287717833238 -8.982031081572977 -14.051912644755154 144.93364476130742 -110.01513528913107 
18 0.3309740061650889 0.6704490638869739 0.610606675745703 1.3105851661199766 0.9995454610400292 2.063349409810869 -0.39026506029217 4.064601414581124 -0.018229229895834018 6.056932716663868 0.28135623899550194 5.013761394708933 1.2451446694793349 1.5171856111165627 2.016694637887201 0.679160046890337 0.1372238302131642 6.109252902589692 -16.678140710454645 7.431045756492775 -12.572420477999025 -0.040113105763035006 
19 0.07192569438673115 2.15733538728717 -0.010671328917024173 3.5926498234062683 -0.03822831671056801 3.1016711115455275 -0.01909666658036909 2.502929207170337 -0.02465619348818509 3.096493057458452 -0.40241582924366204 1.5364247097452046 -0.0417787005343224 5.350504658946323 -0.05490621867885019 12.56840760250468 -3.082095919581729 2.9036273279348217 2.460665341774344 4.154114404237889 82.31973022365004 -64.97954056532726 
20 0.006229948981113772 -0.5067970181874158 0.8934997899723108 1.6162571568875965 1.1414234514509556 1.576067926376913 1.0051314866209569 1.5602662178310884 0.8905786060596802 1.7348441420322627 1.4948523785020689 2.3113360099658338 -0.9742830456784778 1.4963639998180052 -0.0403873003656334 -2.5890211650712316 1.5698352834918188 0.4000460350012937 -140.64281441136455 -9.901348399953537 -20.817925674814347 142.5161606786646 
21 0.02047006685845501 0.18676030458769943 -0.053851806051707744 1.957097016494671 1.3734270738596561 0.5974887585160068 1.5611045910722843 0.28053448800831926 0.00724026652731293 1.7236275238332863 1.5437506240592234 2.0111244083734965 -0.016785083415757365 2.8448565401782657 -3.1488635528422497 2.0021410264800954 0.33314658185369705 2.0835843842062745 110.84323513450772 -4.512774860076918 -100.30046637030289 74.03628335155295 
22 0.18877373918590562 -0.006447658456873029 -0.040642450180721594 0.7088748122727727 -0.06990585251942047 1.249567642212158 0.2131940122032457 1.6687533755510275 0.1387632471419359 1.6418706216388645 0.5568839323502724 1.2106948623833305 0.3425210028107283 1.694137586892642 1.6174380803275246 0.8850378446989675 3.0363549307396878 -3.0694462884373377 -107.15870486986768 -22.730201554241145 60.289054459648796 100.6575802593665 
23 2.029218966740914 0.06463061075092216 2.5370863149342187 -0.2894088647234557 2.99744611146454 -0.7601980593703789 2.7676071899194907 -1.9384951594515494 1.6837988603902274 -2.488446681535211 1.3840153349160498 -2.030542909657238 3.6636394206911143 -2.095882834012551 -0.06391066103320853 -4.661695906285091 4.551926429714479 7.048611778539712 76.96212610913061 -19.747741451626762 -8.351592938662074 -38.05291564775014 
24 0.42075102034107964 0.7285795163674594 2.459404903350008 1.9433465159171446 3.1450519376505888 3.0993340323691116 3.6234088985551884 4.28231320918094 3.2057217915762632 4.786991490508852 2.607861041198251 5.216915237729229 -0.40399740758463676 4.725566017145627 -0.5164857027022551 4.07295493351585 -7.950917558055323 17.341733326464823 6.299857446740847 25.429765247317576 12.263384298580856 118.89208133450488 
25 2.2152521562191865 0.8780071422573483 2.7515047560178614 1.2447428133969187 2.981286501009051 1.8064858766752545 3.218902009858839 2.4274087670733175 3.3132469542684775 2.9475637286190493 3.5769467085161457 3.140069277962705 4.21754486543408 2.50011288534076 4.70762436127996 2.193582593038879 2.0791990753220637 -3.439685222610093 56.57895156456069 -3.6183564482605197 -53.16865615996129 84.15211559875038 
26 2.30962085199909 0.48920102348537886 3.424347671365683 0.17253755231230816 4.303947322317239 -1.357212125658841 5.085514578255243 -1.5923733846692525 6.2912734378434925 -3.161469107568194 5.3159496369187575 -1.515518293132622 2.2340676153950483 -3.0088315675726904 4.7971140593613315 -1.5540236588119989 21.31645545444997 -31.295977212649777 156.36166659352838 -99.14715943196565 -10.522331864439641 -96.26748579761924 
27 0.07513361035282458 1.5409042777523694 0.657891544469301 2.7968461067196464 0.9732240544197641 3.104182378144053 1.3790297058342138 3.25949345619282 1.8747349210830588 4.018469504840009 3.348377649863664 3.72608249493482 2.8143496233255094 2.872087886006729 2.1637408022408677 4.723844172563509 6.273536126462685 12.597480071300858 0.057219040244875265 3.1536760766246874 119.54838980960471 -31.028745793740814 
28 2.0761348497676315 0.6946231513127243 3.2667278939189237 0.22470804323561802 2.9286822309265355 0.8570614888095678 3.088408837518227 1.1390286312652431 3.2978058129093233 2.1408321306604203 1.786789403269112 4.723009903168612 4.279958300280014 0.6817910660163704 3.7409413995235132 4.43262476431963 36.72538122969182 -20.626760982643606 111.4012086276473 84.87568656574747 -54.801399193786466 53.302529812413354 
29 0.04018604525554534 0.4606806082564046 -0.3936632507104763 -0.35524154419209075 0.8809685848257434 0.36680309401894406 -0.2753766541346416 -0.2931578097435712 -0.7476293411161781 0.49202302505247375 0.10492444187141847 0.03392701487497545 -0.0011713229195394644 -1.1015121577375018 3.2208459199564534 6.282672673002894 6.297262326598963 3.175179434607357 104.66361539977572 -27.795201416291697 47.880155137875064 -12.309915302490323 
30 1.9155867476558013 -0.10693170083827654 2.016311725731463 -1.0992143805295946 3.1086841872964377 0.10948524533411144 3.067954319950297 0.43372655244012426 2.8032318439803636 0.5472226781847257 2.685375411110467 0.826251209943496 3.131904714731044 1.5744811962368466 5.425556952379789 1.6154552173968484 10.03731964846238 -3.585461129586581 32.74915110795792 84.88175543399336 93.7840340931583 -83.9808783466628 
31 0.024730372904277563 2.196459178368159 0.00644626877315919 2.8448077739215156 0.0008570105582505567 3.1258426233727823 -0.4446844533487306 4.7029971886055435 -0.5002748146932829 4.987264466791522 -0.03874107166636284 3.3111563494447527 -1.2940127347318513 1.6013153895902643 -0.12086656285719458 2.219053654371814 -1.8665689196911837 1.5718209864705146 12.83449844774004 -30.05946871278741 116.48296300736092 58.00745740674913 
32 0.2540031896911425 1.0879738160085575 -1.1247399540880239 -1.218399864144905 1.220570108691503 -0.754424819756737 0.07922957075103793 -0.8705961624781232 -0.6349588526207932 0.7767207115051149 0.04763620998074425 -0.007874442887226659 -0.9695948984453914 -1.4098747530629043 0.4100508345938085 4.179093925990477 0.02377809440501845 -1.5928444633214043 -1.3040598264747727 -0.11102974863921672 -65.46497186194203 -86.52534530715202 
33 2.389641613362459 -0.03265596460150007 3.0359133135728484 -0.15037321913332552 3.8670210024874434 -1.7306599138747272 5.822205471031694 -1.556452405747898 4.886916248756275 -3.0923166915352827 5.222495601213349 -2.8829551432136418 5.28742969342812 -6.216007568448498 3.231467047513242 -5.684948949054744 3.1440124626891173 -7.1195853458228004 26.411275894629245 -131.5533395600355 51.14331359899603 41.357112808676845 
34 1.718775720592086 0.020098269826970046 2.2663793282090094 -1.1758673379325548 3.123849926893964 0.04192053322270199 3.1629042231690034 -0.09660765236771399 5.451083439056372 -0.049071963011688535 3.2577784047586893 -0.5219870634152699 -1.5657866734666208 1.9381088001919655 -0.0044581714189846945 -3.1750674689026224 -5.068175850406278 13.181241311334409 49.95873068064714 -66.30422907264479 46.28888311487292 -170.9120204615121 
35 2.0970656604720253 0.3535593913027107 2.0227775331333433 0.6421733284382702 2.4789639406449666 1.1335902649796454 2.6765743452700006 1.5641398797560124 2.993095648937343 2.0248527521595507 3.1360863241139145 2.777570250947253 3.1879394146884947 2.7748878297362234 3.1330714104269854 -0.48526032177954087 4.824120203612136 12.648984553559881 -0.005868397491769817 36.08006649478305 73.75633430564163 128.77540300168303 
36 0.010791143864653133 -0.016488197173906354 0.0011282826035579933 0.06608230002305301 0.017209282396147246 -0.03650269506711647 0.07594262086686665 -0.03359284159988057 0.13518992594706458 -0.010113042938058774 -0.23733416027164497 0.10346996659404238 1.8777986745774273 4.729587648646138 -1.6269055203917873 -0.727339734351229 -0.31002182179340115 4.812454518575173 37.767576177976444 50.168347792201175 -36.01502429331386 -35.15007553700798 
37 2.356358186163498 -0.181101866269143 3.0480639796190174 -1.50404973424489 3.394964063301967 -1.2402455412193834 5.004101055906701 -1.7313121911726375 5.577958260296359 -1.262949218363397 6.267972853870652 -0.826383186134925 6.5487276557625025 -1.446922978565405 8.389160883591053 -4.634200014722494 2.2841472578100084 -0.8185184656130842 4.859399097908123 20.415514642255374 7.147489318928539 -2.7693184593556595 
38 -0.1345320923844401 1.6984345603708428 -0.06804968283815252 2.400565967150088 -0.46621072364788696 1.8121140820886792 0.08202201028064926 2.997935841163958 0.0029814990983256587 3.2935377973706785 0.8541257529259769 4.035765108458326 -1.6655033511903712 4.756608233299519 0.0016727082738477884 -0.07195268427291675 -4.69922647777313 6.144934094629852 101.98559418317852 -21.27817460117682 105.64067372550056 -59.38961230631141 
39 1.459496618949891 0.5207124556012661 4.148421852777438 0.18752975599042665 5.973003880402161 0.0907923960681789 6.240265776672114 -0.015591368005872595 6.252273312392182 -0.03181785867366824 8.459409479419135 -0.008218054519188684 6.520895896439201 -0.3953726947845072 14.24198657108212 1.6834802544112675 6.285200293662767 31.365547700890353 -1.0977961151674085 -13.182882569664416 98.56094408690284 2.171034872333771 
40 1.736144303334728 0.006509715890660047 3.4037124127274536 0.01145460265778405 2.993192779450944 -0.09863958038361763 3.139573288156771 -0.2461091262091489 4.136030252092559 1.6619197958145926 2.620968318837602 2.0317269994195573 6.5125256013048975 -2.604953299448965 8.24077226680104 1.8965060044357405 7.841305140654035 -1.3102041410611682 21.990185840493123 -9.80099262081628 -79.44258251148985 72.76357716713756 
41 2.149932283753345 1.3784046109588826 2.974792017397915 2.289880191755043 3.1700479298722906 2.222639283605706 3.1408853444384492 3.2481081559183984 3.1144363724729662 3.0784650601688845 3.493688567631835 1.8613256350545195 3.1816944094702877 2.264987708847539 3.020878037256038 2.90889624058063 -0.0051545885666631885 6.44307314026257 6.812630899691019 5.630958113655057 36.48682036682154 180.0348800910982 
42 0.02115700956548446 0.4885862380658161 0.38237281099474013 1.633854260125281 -0.3770646994933579 -1.076722076928882 -0.012113488463816791 0.07436624536979874 0.031000170740989735 0.4573144593292105 0.09872094476654358 -1.580288153876781 0.5161185537128488 2.4390389400686305 1.5796469487364453 3.18855348916366 1.5190307794563143 -0.6651779517558628 -35.86306515661941 29.866870325993133 46.862931069458185 -130.32615105771586 
43 2.453277680587335 -0.42426282796755393 2.727879999746107 -1.2798382433231992 2.7257564703631485 -1.321094531648453 2.718283419189586 -1.6382202115010425 4.959549417085448 -1.2312931092021526 4.514961133596668 -1.4576931564537907 4.894320095455808 -1.823558051817166 6.552743194662841 -0.8259774306752178 3.257277096530711 0.047386342319059374 37.135355328506456 36.161694521576216 -10.186962868111234 -29.516591874464364 
44 0.2603700505812527 1.319163524730591 1.5599910627969413 2.507505650434575 1.7754326380132477 3.400736123534756 1.5279851609286288 4.101384561101321 1.283814934687866 3.714303844775447 1.5737866425566978 3.417428725200169 0.013231462154183908 3.11677175036455 -6.085810801147732 -1.0916636228987673 4.664294613034131 5.2576181866191956 -7.779990123277532 6.4094570715849155 96.47259769413938 5.335595731846957 
45 0.26295161654884885 0.7538713626602306 0.9272219492924577 1.4912525614756933 1.4594454822572018 1.5132902277638727 1.3984937413908696 1.7813234896430867 2.0875855264906 1.7678411589008787 3.1493322791782616 3.1256594578384767 3.2076097715345133 -0.2453519854864714 3.184010714267479 5.235433700731785 -3.149855041380423 9.41752808784187 -126.6094535410505 126.62098611603325 -141.9526025480002 -146.1603926267206 
46 0.35265466377003546 -0.30394741887284144 1.9417588934016825 -0.2944221349480618 1.6195834044313178 -1.3094317500356654 1.8155908285094862 -1.5416547410000654 1.686989270582295 -1.3674546298498045 1.722146981455211 -1.5311702197978105 0.2363988218416969 -1.5553613813881781 -0.0013259025691284322 0.19429175870290477 2.5126107180669495 -17.365205676922386 5.325707851709899 -4.9091050121884745 21.016798617112887 185.81232446954823 
47 0.022881416932482586 0.10469543918532087 -0.14940885032622767 0.9201916104172803 -0.8759856256788471 1.562068391304386 -1.3233334575034674 1.4868350140605162 0.08248185941511395 3.299831726497327 -0.04398303579704407 2.7635533547510236 1.2009886689276446 1.476333826410012 3.151511620825473 2.7429990323612703 4.978738119409856 -3.9992373760924362 21.468101362410433 67.44266955301661 49.82841840225567 -144.59339030550984 
48 1.1742725773904925 0.7864007732412149 2.1955140163224223 0.6127657351556135 3.1060482007629524 0.1984285738638266 3.1178249773184725 0.05382981468167076 3.1358315352047472 -0.015168406911354607 3.1569479492213643 -0.05913549892914491 3.437621682725481 -1.3591442632701627 5.156376272527195 -9.32783548853615 1.502218894219784 -19.478030010826107 43.87175075237458 -66.81359090700744 -176.3516995979232 -87.3812695156572 
49 1.3159349031873646 0.07867789043812456 1.2636947881688094 0.5180040009272887 2.278467968514017 1.3080409159549038 2.8100331760910704 0.26931127312904185 1.2232089788293061 -1.3513771524553482 0.024284925086786164 -0.015778392862928044 0.006429491594876446 -3.1240840113729873 -1.9241263115130893 1.529281582836862 -1.4326934158976061 1.6368582578429316 1.6437179863852802 5.006581284487014 63.337496603772536 15.502650416204933 
50 2.0441675842807694 0.09104190744649315 2.1459162767094795 -0.4743854810181302 2.2522543605137813 -1.6068147380659625 3.827389423796818 -1.3785876021211925 4.732400722850862 -3.2569052523630955 4.618140076821845 -2.4439825899314958 6.5039916459206175 -1.6788158938209716 4.520753335501331 -1.5945661790884054 31.45880957410136 91.11825964732365 29.73811761425863 -34.88617610268038 96.74087530333358 24.554101491824902 
51 0.4976019772415092 1.6708777590709478 1.7897799821110687 1.8502959613347842 2.0151282192329143 1.7155137202446964 2.5387527711415196 2.058444032903292 2.7794214475450616 2.50661996984509 3.1429192982240832 3.5655692281543248 3.0326793243287646 4.648701600449873 7.645842740852829 4.928023371943354 2.939304035746775 -3.712355515876438 -2.8547886857525064 -3.890161644835743 15.815008342511542 9.689815509145228 
52 -0.10831781762749243 0.5319808868849211 0.8767640005159053 1.5750955065031609 1.3380476732873345 1.486546025657389 1.2647516513251855 1.6221666629555724 2.4036159067858955 3.1753149391322846 1.5010151135302 6.176819857436675 2.667640169997117 4.93559987926495 3.7449853358715344 4.825450836518775 -6.3039021066224175 6.2848157791634875 12.48341174513659 -21.18875648928099 41.989754973272554 -92.79190927255826 
53 2.043408527586849 0.07187859648419659 3.1303344901251178 -0.18273774947050586 0.9234917137395433 -1.6537930005312373 1.742357437519769 -1.5534494990534082 1.7324972269855614 -1.532309717679392 -0.7052903244238469 -1.2340170424284225 -0.33878162103169024 -1.129885465884716 6.84712624654266 -0.0538137699524448 -0.040628241034315116 0.01855304896689449 -1.2862960289968053 -7.881693753434561 60.84768962961546 54.91535244558203 
54 0.6909474359772666 1.4391132176638843 1.8258189526735815 1.2161375571572495 2.1112923313325807 0.9856060356943278 2.9419020397176587 1.6922102325917665 3.617937968684684 3.2312165281890266 3.1877442115797554 3.871843850950959 3.230763387768773 3.16407762091336 1.6945106201932862 7.886267457616126 -2.390740092285208 11.172607521187006 1.6611589319165183 1.138740642495509 -111.23483115940654 -56.33277946546063 
55 0.8809024167113694 -0.24299143634668524 0.05811619878641938 0.39452252878123073 -0.022484220120009755 1.1111979592171843 1.5136721575981877 2.101658892610401 2.5139477747534364 1.809240274666337 2.9275482659343064 1.242691906980396 4.963232798204615 -4.45407508704921 6.297304417108365 -0.022941981095712362 11.084324111414679 11.042545637710868 65.99154239013568 114.42868858722701 -51.8412139252451 -19.308738219879206 
56 0.4387264696802353 0.16789698143774492 0.6622794413861178 0.2802397249285889 0.5215539339665347 0.20281001330993098 1.6486175688892313 0.8662555197302146 1.379929058668461 1.5887442010014694 -0.8483548710702864 -1.5992411991870181 4.699317565717807 3.1575897476972172 4.212886701199473 3.4323465864030984 12.445995127820856 9.86659094199219 132.2622769207134 -21.355012737964433 -25.563727262318906 -56.98467278312679 
57 0.18974112805824792 0.741357362177397 0.5343418842309183 1.1464657405775187 -0.2898269282638898 1.5405567295115894 0.06874647316293364 2.334973067314507 0.146032459975789 1.9503830840467087 -0.004918355995651899 3.5157199364896816 -0.126812604486083 2.67751384710808 1.8856813144995601 9.026558126283955 3.1770894467624258 17.07649544606334 18.93128508938709 5.350301383228225 -25.19154411053446 -141.7673253417131 
58 0.6780412961792869 1.7021611451532888 2.6032490959723646 1.5269479875988896 3.1157201664879626 3.284101421472264 2.631067771709365 3.721149227659764 2.7475612226053894 5.39062182185994 3.2779368459985814 4.837274497567055 2.754349848564708 1.9660679181671963 6.349234568321275 3.107824251596193 9.389484646892535 -1.9818047130621836 -53.392385566169395 31.812449516432054 -70.57996650070434 99.17875459848675 
59 0.38520703754509356 0.6794039446969009 0.7627755967469917 1.5398643559696545 1.2548178356172015 1.5677409288476787 1.258313181783333 1.5685472206930124 1.6153048121038456 1.0641153631807436 1.4177922376027716 1.1176160693425465 0.6350780152003832 2.211140211235974 2.54109633999462 0.8928697859426141 6.399728563169525 3.1692219601612606 21.981434638666098 -3.111532892058645 -118.83718585959438 102.57532099336014 
60 -0.2341784391663839 0.1767991924490934 0.03651148522016854 0.7723783611454742 -0.04108778921466237 1.217143652326144 -1.1407546713006402 1.4296234358708897 -0.717230793978451 1.4918198173320047 3.877102111976441 1.9358237610293019 -1.821554945140963 -1.7331179116395559 -3.1458446943134755 -0.17995553471380393 53.69548324434379 16.640761280205144 6.208905841711515 -61.046813976103664 109.05588083280857 34.201067065551484 
61 1.640854961824959 0.016183642839556797 2.49038796072864 -0.3113841916473761 3.196504865263922 -1.2741277847675374 3.1550038268869747 0.02414568882415661 2.422687007547834 1.5204416665340266 3.164709499356216 3.2111661266502503 3.0498641007331457 -3.2946470173258797 8.181664589079583 3.0305227827461096 15.699403368845518 -9.768149674012381 16.9140563693145 43.93507862684115 -39.38994060360556 -47.779853490869236 
62 -0.24513594071152373 0.45915321488788985 -0.06335576015849195 0.4375834106741916 -0.017323955963601128 3.6107857616495975 -0.0024429460698614028 3.10941165341647 0.04437661050173163 3.0293245111211844 0.019385399511965055 3.1360533614964328 -1.5619580753890219 3.148806457825985 2.4218757899637833 1.4844745621699014 -8.519078831195468 1.8020682369887588 -42.626463912025905 -66.77642896010492 36.98171922238896 -68.77260349802681 
63 0.23332357496256198 -0.09912822649642955 -0.4652016996862287 -0.9499117367564364 -1.5294337333468502 -1.204030884648597 -1.5675756001983914 0.03623973660255508 0.37844212333170363 1.3223649077169732 -0.10435242447165058 -1.6597558205546632 2.0012357659494753 2.295524871495045 1.6344668465059695 1.804038672916351 36.34023218254548 14.639531617821623 -90.70400897426056 -12.84314879394357 -7.944531520227664 -124.02825156263228 
64 0.6681295821564615 1.0172845241993906 1.5528717782357877 0.887602497640434 1.554750737632567 0.6200898900794918 1.5386428478753194 0.8133339296667425 1.4184819096020316 -1.0309948898712533 6.553566930677698 2.7990369973895017 -0.34871582745329804 1.95129143283019 3.2676208465009857 3.432918370791722 -2.7966812701195103 22.406382108238226 6.267239681529359 6.2191093943443745 93.46169416186393 -47.59092936711389 
65 0.9597237073956317 -1.4379740743423657 0.5242979064835469 -1.3625009963483643 2.9603416796107243 -2.6678848768521437 1.8336910054251245 -1.4852985731874973 3.0921674822662335 -3.7341496759953996 3.1584932251153024 -3.146984486110731 2.091979792082498 -3.1238599009046606 0.7163152054479065 -8.518474493145616 -3.141940291656242 -0.5084768280028709 67.75634965349313 -26.796723300773216 61.45734243568121 24.57143644616689 
66 -0.3385792818087551 0.21427661672563292 0.3822560105111739 0.026388872030737975 0.951018609028114 0.029684857439172187 -1.6009320968861276 -1.4952654822897584 -1.6972259310299758 0.2812611177694379 1.6757000493263792 -0.7736329364786909 1.2227025753454117 1.6826167383180684 0.03154749514384535 0.020424327676537752 21.99807840159829 6.937699517849283 57.48858147827175 -83.04554655282399 146.29217517250856 -103.97454080439827 
67 -0.11747139324919387 1.8256006323333103 0.0002387886009869197 3.2505741733573523 1.1598749405774564 4.9712097440566145 1.055377374388501 7.226731296813954 0.014493688469387053 6.339171510711939 -0.43699559526872966 7.9172551238752575 0.14947832597228855 7.3878942919240185 0.869227749154364 12.436847761080848 -18.716909558360953 50.04885945988044 -52.80717899531026 85.35122630392426 -44.18386726912001 -18.45821082362289 
68 2.000762220683295 0.18314872006292351 2.0668983641737246 0.006642859890922276 2.727271762489373 -0.43462248459465974 3.3090070340561604 -0.6565209632930732 3.0282007114449407 0.48151492596647216 3.442275177575654 2.650833563175061 3.2041846000338694 -0.04114985734038884 2.3035731340083783 -1.8732567936986648 -7.891404119120767 -1.2741520414641199 0.0009247142379534071 -3.644391611775929 -44.62379526661716 57.883045663482356 
69 -0.00011505104205646186 0.008866957365566563 -0.17396262472755886 -0.10189190729050261 1.5020777883404175 -0.33431572285561156 -0.05763676561395812 -1.3107809752894575 -0.07680833678685292 -2.425807310790605 0.22632545627196315 -1.4136270220872202 -0.0011326829134541694 -3.249199200849741 5.220916730760834 -1.4277863318333843 4.7102226785681465 1.3032552205584498 -38.42043418080431 18.784516402692713 97.54740923844095 7.588768050016639 
70 0.3922250522460019 1.7721143762312586 0.37985164587486114 2.2880101187177027 1.431008322955817 3.158560243658794 1.1788751866860032 3.6356506944319986 0.7984342688043926 4.330328086598942 1.5085758871478183 4.8877573685843165 0.4317358158179001 4.6748953012255905 3.0506767031067827 4.5647782489675475 3.1391492475766176 3.149443209195832 -1.6351648566068846 6.29341702605443 -97.61187903888748 -5.433877644622037 
71 -0.011073360331119412 0.39070194532907 0.01783010761985819 -0.008090010931894737 -0.0060462198066078485 -0.0008853575292953469 0.00932352449956895 0.00830239538707758 0.006764793434457856 -0.008768983124658977 -0.14521050230485952 -4.673465547494181 1.3099635616556558 -1.6544023086917896 3.119426594763444 5.611386951901648 -2.2560420468852813 10.306451473715555 -5.870243880618075 105.66610096595866 -77.07951250536149 1.9420875308134902 
72 2.4339739880393676 0.47860404784461436 3.115858553089118 -0.021520129533963695 3.0918741812164456 -0.9360167915766564 3.0566853570143175 -0.6469402318802794 4.231394839113205 1.428598435965473 4.278447035445577 1.5098039546712478 2.625976131482304 1.5664498975282108 3.1379210933427624 0.5266279452406758 9.55342920884879 8.169969849285174 32.99641101279016 -43.29307205416438 -111.7338500063276 -95.38428878628555 
73 0.16297305408146318 1.6222959888623978 0.822807281004019 2.159373273181644 1.5526603835669484 2.4123288808439582 1.155080829463824 1.5942647449999694 -0.01827693011762053 3.2485265576932387 -4.042595014054167 3.533303850262677 -1.8946006284754424 2.3384031154602285 -0.08464624121135945 10.388616941243122 -0.07653304854463959 18.854020396428414 -23.71800135035337 -107.53004815638609 -51.37879179225826 13.707055999121067 
74 1.6933456814015846 0.04684985510874639 2.394576965605213 0.035257773516292126 3.1365906106241885 0.12984247161833412 3.4500666092343373 -1.216539351503766 4.668762511562138 -1.9840149890941603 4.6940184231064785 -0.7833224945878591 1.527930101161746 0.41610936148697364 0.8178899945121787 -1.551055890477088 3.655410822415765 1.861942224110808 6.219099453772603 3.1849425782236738 139.9395150739125 125.68499243274435 
75 1.3774371836971584 -0.001559856307233816 1.6279527414532113 -0.004969917598204204 1.9884732055422483 -0.20023661635528986 1.6603041055456216 0.3708879753053814 1.1214560207980726 0.21958349217474693 1.6009153618304175 0.21231255370901525 -1.579475233676306 -0.5091785455652132 1.6336221270473077 1.5524573228899292 9.463093936172843 -6.332250905417819 57.10463856513227 -10.949431582193643 -136.78974218256647 -117.1123107478515 
76 0.17931790323832514 1.5726547372926207 0.3240051661473648 2.386437644115978 1.8505220133039582 3.231866810089114 2.7176683273068254 3.659313621107685 3.5472686462117533 4.159536809965784 2.6593340528548133 2.772664205210472 0.2631490463266216 4.513742859113728 -4.1881402789603 1.56703919993098 12.534141464329569 9.373464395915148 -15.056608813657844 73.90633061305098 -2.6875827783314357 12.465342843809243 
77 2.1707426419411924 0.13132180025978998 2.5715800968711484 -0.12551963750044168 3.0763974584405593 0.013627927901082196 3.133165543772536 0.03004302396186615 3.217020054435172 0.09888370138440417 2.817294448836613 0.4729905757976372 3.0150805910307463 1.4276584689251874 6.469871937007666 1.460630284117107 0.1588528011496907 6.202858868877869 13.575431419550524 1.96786566903533 -19.283112148620635 53.408368541778934 
78 1.7342502894402676 0.5640285124770177 0.9703715198384784 1.5494246966023064 2.39605556273268 1.8997913987482857 3.0193220218266767 0.11524815002151823 3.464993505036197 1.5986057156956595 3.3322839706121345 1.6821216196894078 -0.12473667306770123 5.601198130423885 4.655505877925166 7.111381554007703 10.611743997058706 9.431189653729165 84.79497002860107 -72.20659120113058 54.843756714657836 27.701262057025325 
79 -0.012590526096043053 -0.3499095079947719 -0.057339160532284036 0.07541127731926274 -0.0329934424033002 0.10126857019255717 0.3813820920634818 0.4654988853423223 0.04948805106611085 0.47279798390922356 -1.596099557079508 1.0172292099293994 0.35106937607008026 -2.055480233230793 -3.132053886126121 0.031170062999069728 -1.1375282644453268 11.852911148708518 -7.819887477097129 32.0363916921143 -113.33745336520639 143.78986315084782 
80 0.3905911113705715 1.6703845145592335 0.2512856367794487 1.5571934558074825 0.019780547500801136 1.3342592784947782 -0.525804870751777 1.4370930047827934 -0.6843412862346548 1.7904372734535874 -1.1728032024984374 1.819241412768408 3.1690149693736154 -0.23127633972937517 -8.479998424270436 10.414551760537128 8.62629926588508 7.537871097588344 29.7035788085235 30.000775439442677 25.322304943863383 97.20663338498278 
81 -0.03257925404258198 -0.1332672792948373 0.0030947206590705625 -0.016807410813312086 -0.0005418980354088371 3.1394156336991155 0.053778246190578916 3.2849460620679545 0.09035664727436855 2.20503961275176 1.496938844632056 2.1700438651965412 1.4321068730251896 0.38344796023958977 13.51090386033645 13.574774044006224 28.108358939965182 -46.78815401022024 -10.946046559565596 2.4316069198614603 30.80116804592932 40.545147503377855 
82 0.15081484942413634 0.9977610464614663 0.5928568900157155 1.8459206856579666 0.4513836831674568 1.8916579778084572 0.02672857921675248 2.9666883729483917 -0.015949373958166535 2.5065362605034265 0.036654935682253635 5.9350484833301005 1.5310356207756832 3.2823540413707715 3.479816391890148 -8.133350369742578 -7.387408317216926 4.606931013025764 31.519455999401046 42.26476999896717 -14.448864105698087 38.07594633450945 
83 -0.00638819373786009 -0.025089706265385717 -0.700846817503827 0.8896474630123021 -1.0333301177630905 1.369543977617829 -0.6138126629501679 2.3244299965891484 3.2799214104207897 -0.33707721303863625 5.874360481478988 -1.0776019330256639 4.285640578191764 1.8088188371218834 3.135680858772892 -3.0766670813247443 -7.825048624670248 -9.36145361496025 -0.27843686417892577 21.320279027195593 78.72996777074677 -9.862821271685938 
84 0.1517075135855072 0.7495065745844931 0.33103877452905345 1.607871156120781 0.5225715257541088 1.5517906519042195 0.6410597613416237 1.5991286804238143 0.06036828000186677 1.3373511618882745 0.010942627064180347 1.8140255740048747 0.8426955657345452 4.590841424973658 -0.3168150764251079 -0.5711416495009429 -9.443783006395236 2.40337050601327 -61.79003243791485 -58.847354234287835 -50.28613464347859 50.463754784786296 
85 -0.05975700939910718 0.39472568730877083 -0.0003009542045946963 2.5550241688381834 0.027883710467758213 3.20801820165503 0.02593367838237577 -0.24594876033655383 -0.011576648172843564 -0.005532043631007099 0.06871226404359283 0.07482022818297243 0.4053617545030718 2.0760620615881367 3.634793690111093 1.2869753494565814 3.1452564100540528 -0.2201300023159673 -44.95754042268237 -28.55181958713111 79.22859410052949 -39.918154002481145 
86 -0.02062819537835641 -0.15132591744209994 -0.012875959654468373 0.026107816442421584 0.022587419249882633 -0.01843932268254845 -0.0026724976911940137 0.025475192447864142 -0.04184874330551015 -0.25243954034090177 0.003664870225276373 -0.6267361740499318 -1.8288740193767956 1.2094636476363525 -1.617436786818148 1.4167583180851588 6.303988180832616 2.9466986400532806 -103.30687741476915 26.81095142149698 -125.89047245903843 -3.00372647134626 
87 0.35246027997155654 1.5936681998311837 0.7918595012176857 1.5296553692399315 1.2295056972145504 2.1151332608664353 -0.052728130367164575 3.1581837665049863 -0.6313248944616147 3.5016326133379763 3.063665563338173 4.761854772627783 -1.5359148666479874 2.696996960315452 -2.849574054791014 4.605506161605487 -11.115221761522433 1.4618816314643106 4.144110865612176 5.228712356104272 94.13706685062583 117.7880053683694 
88 0.8893039389147839 1.2003688002117363 3.2526125258084417 0.06538022163468682 2.9013108831581165 0.842770658496626 5.767440953304849 -2.113311613603584 5.24565845127488 -1.586436155798261 5.65813810689302 -1.6473855359265572 3.5949432360327176 -1.3012115074570785 5.4306977647993175 -1.3855854708282251 5.178746971531521 -2.0705422290043143 12.582390734265685 -0.1754037133734214 -91.14769878576088 -135.43386058806857 
89 2.427886320800399 0.3278420921361661 3.1599094574029754 -0.0011503822840891582 3.0775960923245367 -0.015400467431637446 3.2866268026935512 0.94171975828345 5.700438226479049 -1.3806310901011483 6.05642255807452 -0.3047853845175819 3.150905056981889 2.4493635203977555 7.027329923573604 4.433553432814311 43.970182280433775 -59.397371093646804 58.417712770771224 70.93283423089744 -17.09123722154439 19.492557990163352 
90 0.36381601251901624 1.4662430502499235 0.009480685325194546 0.0027892047749215275 0.0033049173363228403 -0.018255027553537785 -0.6349790967337818 -0.3667239541693214 -1.719452016815797 -0.23422909630814373 -0.10953175993920555 1.8828182832957003 3.2997676901420494 0.07945210258034893 -1.203193927523083 -0.9698076218403039 -0.12400360572768034 -15.966770367057018 -4.619690251959996 24.50672871250497 -97.98034196523393 226.23596150656226 
91 0.1888152947129124 1.2105605842617981 -0.03091264475619491 0.9229348869514403 -0.16600100553837002 1.1814768793035169 -0.46233555749229044 1.4265062531197734 -0.3110024350370888 1.0069540536154715 -0.051400118808871686 2.126007510075151 7.777324879513766 4.635550707870873 1.786374313426336 5.100568290497817 4.741540034927358 1.617022912526628 -1.0836400586565624 -17.426266391575666 -58.97864139332398 -5.756410995677771 
92 0.5163782857007931 1.1702893141166866 1.994079904436267 1.3791805989087167 3.0897910721954944 1.6435218661428923 3.158495425435429 2.0096319171899117 3.770982093612186 2.9688722113881267 3.129453287449279 3.144013451139527 9.202893764312769 6.396010714316404 9.25855157553548 4.43430133243151 4.407407671341592 1.599156329668229 -2.813728548760147 21.16775114220112 47.458088933475615 4.434242747937363 
93 0.3469998457435513 1.5138794584334814 1.2518494577298092 2.1218139807757193 1.524109635065595 3.3435672360141897 4.855489326645334e-05 3.3490036973602884 0.15394714168849113 3.0707206161959797 1.2142789675266523 3.3161745588606735 0.7304761324093534 1.1484484860035449 2.1027750793489948 -0.8978954804929627 18.88892293838738 50.18513383989798 15.410183981004941 2.0472425111373678 107.6980250902716 61.394124768746856 
94 1.0503982651417314 0.21064481943274305 1.8875270191198719 0.7031231084097895 3.6312834082235756 -2.021311127425893 5.150028321424484 -1.5191272020390028 6.023675743367555 -2.1618988330117332 1.8406194665685327 -0.19471264391372545 -2.9864175530628763 -12.61061109901784 -2.5383154130974064 -16.695511581762755 17.280351946391477 -23.418351520044656 62.87135034798627 -59.401323561280996 -144.18589592835144 -96.73635701201192 
95 1.5014340231587047 0.00790772289958262 1.1656798821388512 2.4667148768465545 5.021291810037952 0.5926541071999559 5.009973914716285 0.9092092102716572 4.958526168660818 0.7696146546246783 5.794214639287605 -0.4429796596296402 2.4808451719536855 -1.6627606603283105 1.4984270255376981 5.328541660975236 -4.866672740788078 -1.5932163088503268 12.991091860284747 12.527144017688894 -38.16350500871287 -76.64923884483268 
96 0.00352261875603693 -0.021131914769382372 0.011182332520733128 -0.4112149094473921 0.0008513753213300924 -3.024787961086757 -0.006633513852475929 -3.3649762702308994 -0.03421929113523958 -4.383137575274867 -0.09323888760543624 0.04845641424393139 0.05056390268393277 1.2679530737298899 1.5361648259997158 1.4047820067845824 2.5562039840015602 2.3058563449926166 45.08985692391467 40.210224418633416 37.97668930057266 108.20697141972911 
97 0.9954920777315122 0.9873252137807961 2.266920495031848 1.473221056163188 3.400906014135988 1.6014483757448044 4.026383358091553 1.5822598200516396 4.752396008594897 1.5063991287389646 6.957359255020268 1.4049240244752865 4.280049554507068 1.6712641060027107 25.138177863314088 12.532394493837552 14.13356553331754 12.75267369972247 21.823357944230384 19.537597998241477 -100.64687388633358 -62.42193451877987 
98 0.7388308900887589 2.413767691224755 0.7617438810839013 2.8839161937314826 1.2828385119204453 3.159888694465158 1.4607388469796712 3.1360743266006037 1.2874702433798795 3.172041512382249 1.8411051460001422 2.1063176992328416 2.2993079914664287 7.9124529796869965 0.5897828504540217 7.730413145973266 8.903146991894797 46.463050037497325 -8.989653788069011 11.103870234098766 1.1817256377034164 32.22365327245389 
99 0.13465274551492515 1.8855100450162223 0.017857702185265095 3.4887615075936593 -0.1072690888631177 2.931013685358044 0.3026476798657259 4.9630044068668635 -0.0017041134789289123 6.417359086672003 1.622849081952374 4.773302863463286 1.557555116071041 7.213101436147813 6.148616605788462 15.075817343632401 15.708683144294286 5.8332742560774795 3.200919002400904 63.63857573884694 -15.169619021907257 -115.64034043772067 
100 2.6176698939106466 0.16807889153520086 3.2309627369998646 -0.21149305603058927 3.1273419664470383 -0.25501705134286645 3.2010477377686923 0.49975018717292957 2.7764130636282056 1.3277655266187043 3.075673144510552 0.7471269998326759 1.2132293125505005 -1.0321336317137053 5.855319416024184 4.690454448421249 26.65413274519911 -34.636471853580545 33.22554575442691 -50.27159102532874 -89.10380038501019 5.749670693566066 
101 0.24481103784466493 -0.41486815075802047 1.8324492203333853 -0.21646826223872254 2.00781367980394 -1.5323346127998738 2.6517963180721544 -1.6550718212277893 1.5925356074552335 -3.062048599592431 3.071178720659977 -1.648588768527875 6.2318136481673605 -8.140774725866384 2.981144218059228 3.0996601947117535 6.419323742639085 -1.6128543912591462 125.28153785558237 30.916932479127528 -10.286394596402042 2.7385794709623585 
102 1.9824704637375157 0.05733202650881706 2.6346612852683617 -0.06918196019661753 3.5133593520714492 -0.022535389116494796 3.613376927906014 -0.35012456244906137 3.125821437628815 -0.03199527690219481 3.0541750255219493 -0.04959249431085921 3.060687554665126 -0.0035384822040972833 49.179823049049034 22.17417303387327 -2.1376187439465903 -1.4862947914482116 82.55018611156507 32.78042096366322 61.988987109991 -73.21696135802803 
103 -0.008588827120503725 2.246799465536478 0.06640270852473683 3.7626107514671383 -1.439462634229034 4.34852053684321 -1.5685748448178627 3.4308760554383526 -1.5250897383632747 4.080469244089616 -2.079279537939875 4.8301785320299775 -0.12821701327154314 6.528516790649165 2.3630618986081533 -1.811346754415713 18.7966230240178 6.306358236159603 16.690621888344012 1.2103459663985443 -79.29776344961573 -39.8960582343121 
104 0.557617177130208 1.0882590600270865 1.4286844490409245 1.4891337890831262 2.0258018669343256 1.451172834331205 2.9702632178952513 1.691916894346953 2.254188288121183 1.6259262649733444 1.2495448746276292 4.284427881837179 -3.577809716679157 5.374237596607209 2.393358029167728 4.521754909822495 27.53844779019318 -0.9893544370127935 4.463864785502437 -1.5817219908517364 29.509189963901875 94.52563588528159 
105 -0.012358504093382195 0.23707138309243012 2.9858777047174616 0.4699959853415423 2.909348327776919 -0.7392865083080146 1.7927385718735702 -0.6512282961741928 1.5449760604003837 0.27417077103975773 1.6170787898024543 -0.26788418946330095 7.142614546891702 1.6024590685600717 1.85429587417156 5.187202918286473 6.287104902227996 -1.9074971883029308 -70.40690657571264 4.8287824547257205 -167.18764529731058 37.08133137418248 
106 0.24608329226796385 1.8774928080675388 1.1624737259222544 2.2805201594539057 1.5830537192905856 2.7971026703802564 1.636657035539258 2.92233074253008 1.746360937384798 2.5242381215918943 2.5233404075941186 2.3255042737755742 1.5642242892634866 3.155483396307829 0.9523074677864223 3.1433512075440646 1.2975486741830298 5.327383417746685 3.1632947280226817 12.9163494440577 -18.1669498019409 -50.35474849995488 
107 1.3941136707583053 0.053214761256826275 0.8022561140724821 0.0324663577210538 0.983357489068893 0.4591156691141952 1.0828034724367424 0.7070322270664088 1.499213069338741 0.7389762640315178 -1.001493217245765 0.41544757435375496 -0.6957209969576773 -0.7407954305992999 1.111439424338729 -1.5093608187961431 21.20024177490334 4.913862953787961 6.305231356892378 2.225054912937777 -108.72770401822405 -19.184483632146254 
108 0.760703235041525 1.467586830227983 1.8738952375067222 0.9451043520911545 2.812859807268693 0.7665374546087387 2.9760725043113463 -0.06958165640898477 3.0243468886287608 0.25787990912294273 3.391975503019237 -0.11326314941830945 3.0914544303350104 3.157569181387787 -3.130583353193543 4.6478282857430955 18.60445144656995 9.135380626039753 -4.901942995735045 30.773568161323965 33.45998892416019 -141.6740693028642 
109 0.15555247939336414 1.3144042104773466 0.7721618948361294 1.7948928903207564 1.4192595574801397 1.8495173154676707 1.8267874233344434 1.7574737962836344 1.9698576551770497 1.5178373632906874 2.9624725806008616 0.7850244399525171 5.337624587930735 4.670291622472207 1.3276364852030587 2.7183608030917386 3.864941293854545 13.05650877296315 18.356057341360614 -89.78180394716114 -33.09234958548441 141.05875020046597 
110 0.1336833588610532 0.358570022170904 0.38533007305106354 0.8522280670810384 1.206414647588831 1.3165819444399294 2.139394297970862 1.8078322525895503 2.0057123443969203 1.938089794666765 2.3236254346290806 1.400347151263288 3.2268819551777193 2.558060620984808 -1.4753757179858729 4.7297817092928645 -3.1430620611405526 -12.56054120862251 -25.389314806595742 99.91790120424118 80.2085701492056 -115.96858161858302 
111 -0.35887684307689754 0.22822312747844462 0.00916413109506356 0.49933162505046347 -0.1993665127055331 0.21627720800858913 0.028362001992931648 -0.030733519298497183 -3.6154264567528003 0.00010366708384533518 -3.208672350201099 0.034664718186907764 -3.3823288555294915 -0.02373692139500688 -2.305248119695725 -1.965117022206752 -48.63197987766833 1.072467509594692 11.894789449401092 47.31925630547291 4.671658546624181 107.31851054152787 
112 2.8193341551615836 0.19644322798704683 5.180741107081891 -0.9905812745978 6.622056762872308 -2.7386999194851387 6.391595061477854 -1.5410396069543246 6.734051194136529 -1.3774784521251362 7.170610254135872 0.025341984849180325 5.258388966389084 1.6185188695609205 13.108650993420293 -3.336716528572941 22.340136203171582 19.840263027727257 70.8682825434197 -1.3899245135253795 128.84174757220237 3.4040786344947582 
113 -0.1455477632469593 2.3414469892194374 -0.045519175890195065 3.234409956286387 -0.0038481516561079676 3.1178324626049596 -0.11626208852339079 4.483774051158065 0.04378008557701821 4.995485174181901 -0.2796866096678473 3.317894168550017 -1.584739452857295 4.074973287520709 -4.0374351563303765 7.7896945261312105 -5.858635820819168 14.516091798207729 -21.992561943789745 46.91284686591101 74.17553921377753 -142.05185929258295 
114 0.2074486992293447 -0.915955029008643 -0.22287997446662217 -0.023475436070667485 0.01866764246164168 -0.05386825916149837 0.024064301293323546 -0.07267657143161353 1.0312760285065854 0.4898526987168334 -0.004079205734922721 0.09210062025869759 -4.519513986815563 -0.5895860686787672 -2.832800091357618 2.2934645146989734 4.207500604128155 -2.372207029899713 6.403201600871422 8.679012724181481 -69.44262955797447 -78.6066096829709 
115 0.43303850132358895 0.2692441864125953 2.2903597655480294 0.03571460199666971 1.8746598534747354 -0.006016028957609574 1.956935681682822 0.6140578559655678 3.318093785645702 0.4309860272851687 1.5492011589396386 -1.9723427347943692 1.5847972473729233 -0.42517366000001566 -4.896543930069585 1.3957530384398062 8.27138713321028 -4.782934507086453 33.09942702665722 -35.55023103350508 -28.610377974474286 28.024761353880567 
116 0.4195073736265353 -0.328713355347076 0.35228366663635813 0.11181832232509498 0.7620013769172749 2.390970996059885 0.5085908222771472 2.6858185803685175 1.3303423249069306 1.5698743634456214 2.841226440413142 1.7945960328241153 3.0224832733745686 1.4087882644205403 5.552458697518056 4.7318701709464 3.059031227939752 -13.513736882312214 15.173165072451765 78.0531122175729 103.3764350946365 105.38867452399874 
117 0.164762747285644 -0.22055979174003962 0.024156712956529144 -0.010566820029558676 -0.18503627401385844 0.10006361414068574 3.1675614638626723 0.006635316581770139 5.749729105159895 -1.013121334671804 3.0404166465533202 0.24313123652082383 4.707791772348793 -0.18770083424702652 4.529125715629539 10.922725829322937 -14.578765306650011 -5.192195497564281 -78.77936790951355 -81.37001395246726 -16.868336598351753 -117.2795562175395 
118 0.4051823573793405 0.5849862760088569 0.772732768298182 0.740211018114029 0.005198411839543484 0.777097818469342 -0.2912689636520097 -0.756353610409797 -0.05946112577785467 -1.2051260926343539 -0.20032016037600658 -1.5698531586330935 1.7341981778665683 -1.5440407260361897 0.32006109968395047 -3.32342617056517 17.351743289635355 24.750450070007123 18.87424113509551 12.452662580959114 -201.11900597161085 35.23360264502547 
119 2.2787238465893735 0.12107330508237883 3.123931556358844 -0.15588541101834946 3.5421055779954576 -3.278896699596974 4.909717127146227 0.39354969834625075 4.647866734515013 -1.9558675555755805 6.361252585401686 -2.948867626084437 5.292216990126743 -1.5225122208296051 6.208785499823819 -6.453542094150632 7.539813911138639 -7.5697675769372745 9.691534390374969 13.876932684427283 44.094976725947795 -128.41733171714174 
120 -0.1523122449733776 0.9373456829216132 -0.044973960447281455 2.6379460258972998 0.014767357272514495 2.855462123257453 0.010267682176111428 3.0480235795158204 7.902232146549636e-05 3.1579188364267416 0.02788331364616888 3.0857415766297436 8.436481855474132e-05 3.1638281462424946 -0.10460718650755593 2.273904507320201 -1.5333360190759515 1.403929623586891 -2.1478278087243035 -4.650477004465919 -117.52513320271153 -113.45158717996487 
121 0.5685374176344188 0.49461040184161165 -0.11497787224550604 1.8437675560889755 -0.5357610348433027 1.5643007849420891 -0.6366261885824906 1.5462531575701703 -0.2667352949353522 1.499727873686429 -0.021867662355323506 2.3561816374663276 1.9120194836591582 4.330076160293771 4.4096773150181425 4.8171793935915455 -5.814107771420816 5.946978390965678 3.7249428992173117 4.759300680860356 151.55533490518934 -36.36018304543256 
122 0.007607830150917759 -0.4167540160596979 0.7774506437839229 0.9151842013169581 0.21184805725311004 2.8337482994668832 1.8946753296305372 1.2520275610184652 1.5384294455266905 2.246109614923914 1.5271680348745014 3.041899298960178 1.4320368715418754 4.78393749450371 -3.099005426378266 1.9195562329569764 14.68463814453046 4.4958185703239195 32.95431817772574 -69.1690667494949 -71.45218741191054 -60.4266599941619 
123 -0.03303886301737771 0.3503436068386324 0.04149945982814436 0.5220380304038272 -0.054912805765203805 0.6363055030093654 -0.2771129520768461 0.5508437868104583 -0.42772465534549864 0.36331156706459966 -0.08581041564061356 0.1408095330758096 1.5928522527323556 -0.24865566890753116 3.031147014761171 -3.8631663976949664 -5.256799587389459 -1.0232477929808348 -4.774127711104174 -16.2117285314089 -56.75375370098843 54.287817931450306 
124 -0.21395927439759793 0.6852962953595025 0.25118535348353965 1.8836330750111072 -1.1910009040640905 1.979598225535773 -1.353644627947965 1.0551655103867121 -1.5041219650380997 3.0964638509979903 -0.5440786463566369 4.723954987388135 6.023938432839709 -3.543093159879445 1.5136583426265215 2.3394181035288555 2.9631175209964558 -4.1113946913686545 -25.162796540265326 33.478395061773945 -22.8735617279832 125.26820901610228 
125 2.126237343609264 0.1625109903309955 3.3148718497673735 -0.7577055642644371 4.109958799670949 -1.1799140440266216 4.693628401869372 -1.2074535532207116 5.1431231011813745 -1.335950608913344 5.2759949999889635 -0.8738067152983663 7.004648499563331 1.4851513607611226 6.162043543356162 -0.3031508929954806 12.157413850952835 0.8479703374981997 6.682434605303637 1.9556566516977796 173.46098396132632 27.388321105633427 
126 1.7290056765824404 -0.022777150260506095 2.2268374710441043 -0.5331936549582099 -0.4712280866874002 0.9525108457311562 2.1033572962683236 1.436666176191504 -2.838931072472526 0.013140779344865936 0.4887274136162318 -2.3516693825850954 16.11373069984129 1.071165035513938 10.82365648867742 -0.7311051264819236 29.279237946666004 1.4584538428364084 -142.88339719849932 8.656601370330156 -28.941993090819977 -91.08984423524379 
127 -0.1407214361146561 2.1716479624773855 0.009500863484476992 3.1380772455861736 0.06914887899188943 3.198638711460373 -0.08614244521712312 3.1887953412837726 -0.014815809746213188 3.0687868210200646 -0.13537775113498515 1.6660877058255732 0.009488526453865359 0.11642827407483493 -9.49513214808819 0.04547099989622857 2.630741482093491 -13.622135691382132 -9.426009347368597 -0.03392208797179102 -208.29966555586682 -37.639153089428 
128 -0.00404840326889738 0.6608907239409184 0.4168694353699158 1.891334777525553 -0.0787292378996031 0.24709304693222953 0.5776102943536845 0.8824698115237074 1.5551311636588427 0.0004424037724067541 1.591480790252377 3.9791986685528493 1.0415543141434018 4.687044921169182 -6.320577069327376 1.6153819940893206 0.9403629358409508 7.614143671108104 63.99135259633339 0.5363606695255563 80.55153287930497 -28.53044110212592 
129 0.5717965695208521 1.0378060825314412 1.536240310208347 1.5788055103624337 2.21385183831634 1.7221631789913756 2.7254049391689494 1.856394440012537 2.6897871255353287 1.2480586020225366 3.124873863112135 0.11663589211262067 4.308158703078994 1.545064797899414 1.8749918135593373 2.59404026012416 9.477685222989757 3.0815296949160818 -12.323958073592742 -0.6677013281428347 33.63301083220901 -63.13273213644124 
130 -0.06067030620071656 0.0014585145422131816 0.029386527232321213 0.0032126824585261074 0.06455695770467472 -0.16134238312481677 -0.09455276883399025 -0.1586117219218924 0.7537613432237993 -1.2775374690903238 0.23160943953777746 -1.2936982156703576 -1.5428102812697395 -3.081559827945538 1.9763479152791772 3.453411245428475 -10.979602038685425 3.167020495915927 12.465528113818348 1.2872648431948521 -103.35456595085095 -86.756839286113 
131 1.5963245225687226 0.021532940952560996 2.500058249309691 0.42423805748390775 2.5152922929171995 0.3997973381993825 3.1280484410737075 0.00694244638954114 3.1540662258341787 0.006731278433978699 2.7526340253431347 -1.016668054279515 1.1420286845445138 -1.871442978961011 -1.793195643327337 -1.2794101394341921 3.146842213353969 2.6749928127906095 -7.741086623395827 -7.052684356438226 237.76659706612463 -9.996077595798354 
132 0.055131035094232915 0.6356076252384245 0.11517605260945021 2.835820453856981 -0.3985152071342359 2.242524787547078 0.006146745532993294 3.1497103891523173 0.6028908291949033 1.6913483602032353 0.20701951995382242 1.787580150487749 -1.3663084201093532 0.22577698731530368 -1.3128066915907968 1.5728571471392199 9.371346543210452 -6.248128950587009 -15.524555209766481 42.414190906933314 114.66659052680608 -59.779294213895454 
133 0.38232136752216295 -0.5297264559905754 -0.13178198598140037 -1.2700694613972434 -0.3321081993896748 -1.5502937029948158 -0.32568317636979455 -0.3419986075883544 1.365899852931551 0.35148547296939076 1.5660694246571778 0.8231560843890474 4.796501488538851 0.13105094764429412 2.267471628803936 0.05471123923237043 13.265696971295878 -1.636447641514381 -25.957265464499997 -92.73221975380726 31.667404763613916 169.23441978156958 
134 0.18333496509124073 0.3717359639339277 1.6611450730751547 1.382521803675384 3.135324640888994 0.036450027727967155 3.1866020851306223 0.3807300770033304 5.952293534335691 -1.8429694663132 4.524748198684654 -3.2520705958524587 5.987123075831141 -1.8539509507754983 17.486897994741994 -6.715694035311759 15.416548842698049 -20.294234779587345 26.18538184629898 88.03879036866441 -134.42304559003463 142.5397870782675 
135 0.15011335773688356 0.03116331075349174 -0.6448818893466116 -0.35569261368151806 -0.22543660505471744 -0.04670674985688035 -0.37809189877613364 0.012274786533134264 -1.6457773788304162 -0.9928656985472365 -1.271458931804206 -1.9724427215133113 -0.9295248802283315 2.309115557495411 -3.1163339736446853 3.131219983443698 -7.66064033403791 -0.15491079041976658 -47.4074011823148 -14.627284223797412 -76.59194273474935 32.868814640052946 
136 1.7928022037512796 0.08577919278689021 3.0970726773838533 -0.3062335026646363 3.144523393296416 0.006382558656419008 3.1434995221562043 0.018446595379727673 7.091155703607728 -1.6478515825458075 4.293604821608491 -1.7196552742517446 3.0987503557972143 3.1052313970767678 10.459891197368096 4.729172209623818 -1.4913898110778725 9.480015906207319 -7.587883691932606 1.530636960508858 26.042390134291402 -106.68874678334365 
137 0.11924784637155465 1.7755627738061273 -0.016416835774642653 2.32822093081394 -0.006773057212725673 2.5078939279425443 -0.046701762194571304 3.203813363755749 0.1518201612625774 3.225208504731278 0.4758159742741057 4.379604652999905 2.9718287852969003 3.0001489902247123 0.13911837968459595 4.364590256232357 4.034614179957142 1.8359298684003804 -39.347367929750206 88.59396332347421 -1.8244947965249203 -104.72440610661255 
138 0.24168591426183664 1.0170014581438396 -0.10327608571462504 2.3588860364345945 0.1983913148400869 2.8937419119409262 0.5761833135199363 3.9103027393847944 1.5300177886171014 3.259079461844597 -0.008241160789874628 3.15484018915634 2.812235876702767 6.3658715580823655 6.6785896882045375 -10.816614070575518 3.1937493749824624 6.2823723297842005 51.69232270161537 -15.095051484888442 -174.8196754446248 75.60889766819385 
139 0.6992815940645632 1.042509239786326 1.3045504439980196 1.5804742784324102 1.2578651231323947 1.538111330114557 0.3869659357614038 1.5799134261750345 1.4607045438062554 1.882173615514907 1.5987453941596932 0.1424872263080194 3.932763184442025 1.60062550744077 7.24189027905464 0.09747784490750777 3.1239669791551106 9.418493404091329 9.129110678271273 0.4996929748849752 -40.329820550468 56.64942694903865 
140 0.004888084577410764 0.25390740683769264 0.09920347009412214 0.7172939715425658 0.40310363856952813 1.0077736058869353 0.7473589964725306 0.9387998107125369 1.5101119725023207 1.1211602655503703 1.6076343574706886 0.9362195102649201 3.5704780549602315 1.4963329106207273 0.21033880871259825 -0.3880971626449245 17.084151335310136 19.33749481356892 -18.848094647669082 -25.603641313551325 -78.20811300487948 -117.69240384513672 
141 0.4160955452618653 1.5938123549897507 0.5882951062323731 1.3218681759208357 0.19732473897503697 1.637162268521319 0.003963365550949035 1.940427569657074 -0.024962204426509406 1.4601596061290967 0.03157720350588067 2.607618471328 1.567925947149931 2.5662061037843555 4.7277835304354765 7.894456932700704 3.102846166557903 9.85170708033045 -9.422327069167725 12.564719252121382 -33.82209173493912 -47.79153940772251 
142 0.29048220081326553 0.4088614789227413 0.8591606179891631 0.8455392748193787 0.07844400092486659 -0.6649617596693583 -0.010832210291717518 -0.14738250947549042 3.1913966450293136 2.988512071097404 0.11716403121863649 0.03433814670225727 -1.346753979390801 -1.671569544769695 5.494214069965773 1.757948178437595 -23.828625416441017 4.912878346547557 46.23165234773632 68.85670484744072 100.97855553668741 3.258522264575001 
143 1.4264681601129627 -0.5655410686703622 2.9386539418996405 1.3667926919735596 2.9174878152389043 1.6776856870790136 1.1224022733835608 1.5477214378587718 3.247229459402198 -2.0488274660323853 3.241429472649468 0.15479520046273704 2.945770873602262 -0.2500164630347607 3.819234481764401 1.4507945190038192 12.564542584197508 -0.9017566523494616 3.5457352901468795 56.19604072678566 80.36463102559958 -35.44559168666785 
144 2.182806105187016 0.2931095000582433 3.143105112647923 0.03465307080386304 3.4449171639531335 -1.7757728813073776 5.050435128953847 -1.111918838018812 6.24077693709146 0.024180351139116214 5.743287508291422 1.514193783358508 6.447341799030976 0.022130880983632875 -0.9481384516848455 6.740666165397442 52.56044655153692 7.72078726254807 -11.064279923867588 -4.351577431525998 -55.10564993307883 38.91961307023836 
145 0.9377681013840193 1.714854487915795 2.590283169552516 1.5039046799120246 3.3334937332788717 1.5413160807725923 3.5456146057525775 1.898173194179677 3.9969452432771733 1.5912979987351765 3.119814966370603 -3.731601706467979 4.8605314780218905 3.020392314428384 11.071537213863024 1.3955806708092964 -6.316637633647563 12.29048290153871 -72.37045940318347 -23.51202748585424 5.408602625515451 77.32619906316593 
146 0.052851627262538524 0.1309489973160541 1.6442050188568489 -0.15220957347548197 1.2736480952571327 1.2917679338029249 1.5043766508129153 1.2877254047252111 1.3934700450762783 1.8152599537648728 3.036309899566747 0.47501061041877024 4.713487645946013 2.719247698500895 4.149388929007419 4.661351784816757 8.664331699071493 8.488950782994657 6.266715411104913 6.2674216155703855 29.312678555049697 65.02076315512298 
147 0.045901709880586256 -0.24805831107268542 -0.053652913542393134 -0.7965101435240601 -0.0003242367699712053 0.004255281776963823 0.004713055854733072 -0.3552192216527652 1.3243441904697304 1.926045519658712 1.5818631164287897 2.0831418249423574 -1.5035530638304244 -1.2135751442025935 -6.224267982158807 -37.832426878268016 -6.057974502828002 25.013920880327053 13.503132866966242 5.903432944904171 38.72262305902747 71.3708020327824 
148 0.7341806576185508 1.2796091333370865 2.05762228738209 1.4406860568780102 2.733455649973797 1.3167490336839134 3.182938458564259 1.2294524519101568 3.151241370020098 6.539668701050765 2.9519728879293723 3.004669040418956 2.1333074643924177 2.5061460228133714 3.233550760770542 3.193532658968463 3.593917155767802 6.956628074384836 1.1510512920960372 37.280108830500474 122.92205651291822 137.51156753865467 
149 0.1959437571738463 1.2182896675581114 -0.03718988801390426 3.1310577528935917 0.061524707516449575 3.1461196282569857 -0.05766308508603253 3.735150555186927 -0.056476643112875674 6.574590122532164 0.24603816539688322 7.679981398173769 1.5289552414225354 4.611368737845622 3.2153109115580527 12.360773176442272 1.5732879615112099 4.304201754949698 -4.69478750865496 -16.06564799383197 54.74044473557976 -88.73739902414187 
150 3.1263907907002735 0.004423159206231167 3.1416758728658354 -0.00017648194537374663 3.1353291577882785 -0.02869804434438203 3.4533820792959578 -1.2996235390728557 1.5786230252835243 -2.2467833829129416 0.32445963810588496 -1.9554736497947998 0.7733876641349617 -1.7634794180027769 6.24262681139261 2.972201371944448 12.677358351168214 0.0012833779376017172 68.64634915152962 -1.4609646441552584 -38.20929878904092 -15.040644490927548 
151 1.2979708552179618 0.7155468611915081 3.1512503370765987 0.348425094202198 3.084349497703372 0.4862746743314119 3.0287824547750217 0.24801709708109074 3.8095594631804737 -1.0901486613357105 3.660078312060221 -0.8753866045795548 3.2325905460066084 -0.7186437249374412 1.4381076759525016 3.601344998043172 1.542429882086389 -1.5162134279926751 37.02844471323552 19.044424965197678 60.79176026042301 -56.44660861375443 
152 2.3908790175003882 1.1592624873940156 3.6049044197306177 1.6636611038244082 4.692284152217751 1.8202708520954705 6.674996900534317 1.5832101740786007 7.126276489766275 1.791802590550026 7.64731449615269 2.0765174791322445 7.826035319471637 5.5047549757893774 -0.6324778182855952 6.025810475858509 4.201519082066291 1.9755178640794604 -0.2910727924919674 1.7388295684200814 -6.475686732584637 98.45833572681582 
153 0.6541491807062376 1.7448700069452245 1.3669721105966441 2.2322151767259673 1.4053301857582006 2.665679436664513 0.9701761755891478 3.1766119443390113 5.017312257375047 1.9206842260732053 -1.5933907483112824 3.9290130661972857 -0.05773975961412772 3.0097778266937154 0.008537025822503246 4.845301351097536 -4.552404988753177 4.709834577477232 1.3051543192530344 5.0348620528264645 19.620895010289797 74.82727479261149 
154 2.584734023586579 0.4763710888753597 3.1565328660298233 0.06259573594632678 3.148859638307364 -0.019403198869666585 2.2323129030842597 -0.23200467236687472 3.118238758448648 0.10970633191663244 7.56107879088676 4.915716010848603 7.922288106582745 -1.320464566857074 9.409612815665342 -4.58787322936447 16.764635410412684 -14.194706697746986 21.9530562859489 -33.056631358775775 9.954112808974015 32.13990517302789 
155 0.38795768207914927 1.953455170452488 1.5464387425889987 2.554431387398336 1.3358247625180308 3.1254653714461202 0.859275367628797 3.464340603570398 -0.0002756171822042835 2.650663584199508 -0.06329125191429676 3.1434453702566367 -0.6281996007426759 -1.7866433602769294 1.3849747148071716 -1.6550746332333057 49.45753857537088 -1.627815716179741 -63.972575594456764 17.140074712431176 35.143501324111895 27.090770378846297 
156 0.4801994025418547 1.2399497343877308 0.008110681757370529 3.5990937610779863 0.7300596821404876 3.939000958404083 -1.656218465679793 3.801121012453669 0.15997913150441975 4.172216652776957 1.5789287418429987 1.5424613544185841 2.1645274920369526 1.1829078514463163 -1.4382966110801547 -0.033815303904989144 -6.2505276098390485 2.7259460397266304 -21.851927220426923 -14.636561691603927 -29.015192878813483 1.380966460167156 
157 0.6819787188804656 1.5445681835185372 1.2272058282516636 2.518951375312454 1.506150238143123 2.6003832875642208 0.8820646916579895 2.758806481825785 0.25510423553080114 1.5452055133306426 0.02210658723710711 3.862268167877592 -1.932663120525265 2.2981908083471625 1.8008561047275065 7.547271629771161 3.133635159740662 3.0393240213648345 -1.036554843890555 8.491641618798127 2.8374310195419508 86.74950038946058 
158 0.341995098292035 -0.8053959164834308 -1.0417672441690902 -1.5679016004992359 0.8614307501962712 -0.9482011065877467 0.5044226892842846 -1.1355009265042821 0.035302754502822435 -1.4560188774599576 0.01686162884898996 -1.2093662192266463 -1.8585446753357826 -4.647794113824062 1.4581842347569334 1.3967497383705434 4.630761699867 -2.159218030168281 -111.42934346099635 44.63093289453838 -3.354683124695784 -100.32653767542088 
159 0.24678861034897506 1.630239656299306 0.6351132651483362 2.202562017597541 0.6978042719416968 2.713893030962148 1.0896234368120432 2.916385029764651 1.4395281509064752 3.1199852915174953 2.69486760741146 2.979466826543684 3.4327165257549326 4.807273528458806 -3.00638409797058 6.289964969541491 -22.033594879024847 22.09374444097132 9.145877857767369 21.01562122506571 -26.530598244362647 -81.7712285008728 
160 0.2520069439960066 1.3211245479484428 0.04078343342455622 3.6075772301223945 -0.14738254063238876 2.349773758744942 -0.01926120342355214 3.1292596811656654 -1.5349033433306296 2.4983835909971783 -4.528440950573572 0.18547235313457464 3.1935986229790077 8.58135200110782 -5.954491505799872 0.7146587216588035 -6.154477657858627 6.990690605373146 -108.84653327770788 29.350303574397323 -3.8924100882612005 34.98429538463208 
161 0.1774838583175875 0.2153377788398327 0.48335609260977436 1.4512670431886796 1.7479936844309942 1.5587575090960784 3.034413030638579 1.6267025150349321 3.3311087301530837 1.676489618128111 3.186755177223688 -1.5223906146712074 4.719123377037232 0.2316270661064219 6.384814369770549 1.520513854990541 12.556230179983789 3.2154443908970225 23.087832489263292 55.10361669988547 -0.7961419306178352 125.59032382989255 
162 -0.009833196311362797 -0.049553484827305545 0.006511078492227851 0.32794469845660235 0.008645199797737622 0.7820286648927934 0.0027061531320551743 0.05016061091598176 0.06482929059032859 0.014285110721375855 -0.002854227209224465 0.03333442387655671 3.4237620308375933 4.169427559034955 12.426667910204465 -1.147626756278517 12.718717772791965 2.084305422771798 -12.258396341463849 10.217900545390165 -111.18989769067504 -50.46433120164766 
163 0.18405577929564917 0.1035009372676639 3.296660877276944 -0.02767182970743073 3.095497463978934 -1.3305324628202975 1.9813388165211379 -1.684652370165812 0.005968682440958856 -3.1581768763915634 -0.7277521196863075 -2.994159895998927 -0.1912866879843147 -1.5652149960802806 -2.388908373715733 -4.743873553575208 6.262744119929422 -3.146013152108306 -34.60260888298073 -90.80898287456672 8.451924471556405 16.56355522618373 
164 0.22045257521657816 1.8966802059380112 1.1216549112695053 2.896430617865793 2.4953682925536436 2.8625914146183327 3.4937004786769528 1.78737514064126 3.8670955376674536 1.6977583742092373 3.947381522803555 1.491589276660235 4.584430772242999 1.5960775403005818 6.2362031597956324 3.020774584383451 1.8382818271002443 1.189712346605426 -97.3776287079946 97.42906898477781 -14.689947657919543 -31.433699912871035 
165 0.22634774137681066 1.9773581839560956 0.0034462159673466657 3.156179519914266 -0.1497329156502199 3.590518302816925 -0.26768730510143235 3.992016032844528 0.23813204184111994 3.908742508235947 -0.0024054433261226065 2.569450853831795 0.0025327777196016803 3.159270401279965 6.494040098040399 3.125696011544363 -9.550149944079328 6.2278298686684135 -37.69132716392321 50.260106468817874 73.20926008131919 5.484698619909614 
166 1.908756319829681 1.1220317905648256 2.792327727812125 1.4590141819680627 4.780133334517238 1.4559635099996058 2.942816417868497 4.337531221127919 4.325448643577233 4.073195649812926 4.788617241034488 4.701805870326274 5.1708482380425504 4.27067202025045 1.4842950693195882 4.939135558050735 0.12540060050814972 2.963041065280294 3.1249563717807556 6.312822342163165 77.94423663676922 -13.771488107920538 
167 0.09668398358027862 0.2859953602334946 0.6981925977471907 0.6367990526239093 0.24899864546810682 0.1811892946938711 -0.06962182997015386 -0.0244441928336125 -0.1881062935072965 0.03118477328931944 0.30130906128002183 -0.11908939954417067 -4.796122382219521 0.1652059773972855 -1.639607075358973 -1.097675082365614 4.601844322809632 -4.320126909650542 -44.61727296317944 -135.9043091520664 -68.13587085865046 -145.64925853967412 
168 -0.010011441207621657 0.2864726264077912 0.6195115417814685 0.3447406815270233 -0.07328209962128619 -0.00325084166896707 0.08229136307079792 0.1965976403691409 1.3992778856253154 -1.7790181779643683 1.48953584782647 -0.015317793068369768 2.3678146517689185 1.6377526692404374 -4.793328385499898 -1.0151442306551879 5.6053494561216795 -1.4856981230949295 -6.132320832244638 -113.22579791102895 -12.544763796650281 -109.87480723987971 
169 0.10778921435263927 2.0705771074289516 0.8332537468000828 1.6295092080271858 1.297171178834018 1.5805097804350046 1.7209622250407792 1.3741758044344474 0.9841001129414858 1.55751059568234 0.050543920456031115 3.175363730828658 3.2343570846940795 6.50407641617855 1.5712463448705352 5.355185641102123 18.610985271436405 -4.440256097020173 -45.85783026210191 19.90275806158502 -50.61165059549661 71.99473452807206 
170 0.45796362288484466 1.1610682070598342 1.7231228046329032 1.5958077853769017 0.0031480370824807855 3.0801235199309653 -0.1867814387935495 3.3908644353694712 -0.010519091550763335 2.5631013937174076 -0.029354186392556193 3.138610996807344 -3.245560479316282 4.751548642702053 3.1340419011895615 3.137842781682776 -1.2886344335893452 2.5181214693443077 18.038621565443243 122.00941954920755 -86.73016134820335 -42.66884314564032 
171 0.4320270318072956 1.2560213924918642 -0.06760168999736677 3.0232628109377635 3.1303567892960995 3.238709817067377 3.1065712689671265 3.3120912736926083 3.1646659399692023 -0.08348994100921074 3.090928139146588 -0.2808860313428431 2.8364738427403156 -0.6164100268603593 -4.17525838956113 -7.87085629265635 -0.008106133751898236 -3.37393495512358 -59.663090294550294 -12.537764962533718 90.31507259491872 178.41009611518618 
172 0.053005938591274254 1.7338019669532063 0.47636738173880544 1.7392216992045066 0.6652761990696348 1.70427361150276 0.9646185861744278 1.5017035435577708 1.1949237843282283 1.6276141755173594 0.7301505102908851 1.684737566003706 1.0687225704216203 1.887849557504438 1.426934695714338 0.8859582198908461 3.846490297722048 1.195355233025792 -53.87063030755286 -197.2306898844723 55.62935757549662 -121.31540605814185 
173 0.5466054435846404 0.10191611177094403 0.9745500718185943 0.3285411877083519 1.362569787913483 0.3027783006703658 1.412240550262792 0.20225831176281553 5.329451710706227 -0.019079156302982646 4.871624206881072 0.06774266424080412 3.0913199994102274 -0.06149729277595447 4.79741846020372 1.8162363249638305 -14.322889780060278 -11.652799164115608 82.04650192093366 42.91008154296896 10.331283438424729 -7.496503385707708 
174 0.45129526765598044 0.7980972131390744 1.5900132458957053 2.263903580559742 1.91493128186463 2.5297010841919345 3.111156797186978 3.0811782084846917 2.72608312331948 1.4365212607517537 2.7076285881079936 2.2576373592114436 1.2923974870107462 0.38966516719146593 4.339684047975188 2.774902732772682 8.118004060473655 4.684110483291393 133.62896818784162 158.42634246017653 -94.28996749687262 2.4847976746818374 
175 2.2641161387040665 0.18204538705154047 2.7021617594910934 -0.3521954065665307 2.938591932647145 -0.9547866793030063 2.8552613163415312 -1.9030545506887089 2.8569403004818823 -1.4066943820934248 3.296781562765854 -1.5542290181748235 0.03438018192026866 0.17038081327578325 2.281794455548126 -1.2431643122426845 2.7009514768035245 -3.1293016220806775 0.19483558088647668 4.143539024559583 92.12611104861118 58.555736212388084 
176 2.0034648399099915 0.08388354430412301 2.2667254746879615 -0.4144597836307329 2.377719000996451 -1.6751130055153332 1.5711065617882463 -2.540707173401714 2.9623535325546992 1.564561578185238 2.063764595089572 1.5322151011874565 6.275203769811976 2.6640050138652223 4.725580857387684 1.6462976032279844 3.282694240709676 1.7005646633655618 48.34300010386922 -37.281566889786575 79.78063295975008 -43.41025871005735 
177 0.005785676604627966 2.7730947080037462 -0.9431580615722083 4.007867719720536 -0.8217164593554201 4.150985423357618 -0.014881743737696646 3.8961536576206526 -0.004421634594355152 3.0779912316362004 0.056359846941019365 2.538697661955463 -0.004504233443500774 3.108094736128901 0.04273796957433312 -3.363496964571409 1.6638393020705915 6.115145803032301 -49.28956977741942 72.2313230644343 -106.02802631575244 22.990893115003946 
178 0.0978492045675563 1.8539611846476405 -0.2379532638731362 3.9760443999883153 0.7758374244738823 3.8782167456471357 1.3288323324779754 4.419964576685064 1.3172066153289765 4.378279498796012 0.25130474047983736 5.938528937704303 -1.53854256851987 4.62570422293266 2.623025676887929 4.7240156897786205 -8.068972622400313 39.409260539968415 -76.7398560218794 -74.79851352254725 84.89497374669882 7.033210988065416 
179 0.7022798596639488 0.39728235554025626 1.5773961184760301 0.43986049886350526 2.4414930635250665 -1.4986248568207445 1.5283230161300134 -1.41679469239313 1.5521607013816756 -1.5834496040764263 -0.22895109544384298 -1.432715797544915 -0.01848123969810815 0.10166870938300748 12.615264288565713 0.026058572500380628 20.445720417596974 -4.5681659377339265 -1.8619253905251893 89.24424821509088 -12.617672406339468 83.3870112270285 
180 -0.22244992135850697 0.03409665252979062 0.00445682833591281 0.1775665654418224 -0.1000096008804713 1.449274457064385 0.5395609705468931 1.7339127690607137 1.0172770101772028 1.5963403515861394 2.175694977716391 1.5226749694533448 -0.3949959823259983 0.6312868506875025 -1.5302961432233946 2.3034745123456632 1.161948839098526 5.622673406108924 12.63060050728585 14.555746839077875 -3.395666295026594 3.788502520904155 
181 0.544247978005169 1.9649644245683011 1.3990892143853122 2.5319651908644887 0.5920410464770101 2.4115969872884917 0.06905092110811442 3.4988887415130816 -0.04509942980945077 1.4322698276436532 0.005196062666715246 3.1155933427821467 -0.002116189964581801 3.1314530459762233 -0.016899944307487324 -3.168470635316746 3.1241878008836284 5.417020722255451 -72.88485575755047 -110.83660826542656 -12.789567043717756 55.66286125537066 
182 -0.058220808128867804 -0.0675265947454443 -0.01687431980067214 0.7338767371134771 -0.7193773969498068 1.677797998047392 0.16218328481665403 1.5203918718906086 0.1453026046662348 2.918405063377979 -0.009020708591150952 3.097688172652842 2.3272506507690474 1.4074325779798975 3.518697260298736 8.06339759233279 -14.2470268734859 -1.579231318012616 9.478885329569513 25.173880267573637 199.80431359947113 102.4860292490627 
183 1.9764446635851156 -0.11482669154420176 2.8662773136353454 -1.167854897314461 3.214803064014243 0.3065509925228655 3.131303029473806 -0.0166244189520667 2.741144569392645 -1.4189477299382343 5.615458960421107 -1.705704445352021 7.200623391995654 -2.221539768487193 10.86438724455347 5.628747612072698 27.03813894650279 5.281238748100509 9.567006065102149 8.063489861946886 39.70337909497178 148.9000548922434 
184 0.3031827283896451 0.7723634590138104 0.6655763006181973 1.4039345954980271 0.878302939589508 1.4275334519930867 1.115207615351002 1.1629351242156876 1.5493243118029276 0.9597201688195538 1.6316318258127644 0.9858917732174558 1.0371042288524284 0.05705501348258593 -3.130607484963204 3.181501289586743 -0.8531974319634729 0.4237064950418984 -25.1111843421082 34.56584583679503 -15.659837498594555 -73.8472741858689 
185 0.43703807514397935 1.7257789880519234 1.6213999746730414 2.180565242110284 1.112866848048667 3.1230155463806533 0.8464012867386577 1.8439943908890846 0.7921331238703233 4.3213491497455925 2.790622386614809 5.3736113965478305 2.6149197802324338 1.543764131162918 4.618306753180133 -1.223415233496976 3.442555760466651 4.297241934531569 58.00624454020639 -36.1162549061351 -163.3399356492948 97.3539050120054 
186 1.2816349567780458 1.5167112717196682 2.703011326776704 1.476365852184891 2.1367829188302436 0.4869427748987017 5.504916685557983 1.5877036268359566 6.099449607350223 1.940798535266342 6.328520507548877 2.6827073321708346 3.2678258392677884 4.185650421419807 1.9219441004760038 1.826437994413448 3.239035502924362 1.1316104357514962 3.6871500971466564 -1.5816713629698738 -54.32171264855372 -48.150960441043274 
187 0.14092985098483288 1.4961864860165754 0.004960197323254004 0.23448269889417397 0.03005967987272895 -0.039148869103654255 0.0035654595744433657 -0.2429964648901509 -0.4407111534554243 -1.4313366207711393 -1.155291257384703 -1.4995030998843313 1.8952034559931958 1.1851751607407888 3.5143004333989176 11.359828034163144 1.8030073638328443 4.934600691976605 -14.465557788131203 54.65543248666726 -38.070582831767204 50.14042098833395 
188 0.03107580923031468 0.2822301901248242 -0.00927338319838958 0.10355361097652577 0.3588823369911113 1.4158708234288215 1.288159830178501 1.4603675071956488 1.3552887631539683 1.6342213548292006 1.5699058665283094 3.222528432624726 -0.0016341904702192826 3.2703832326791398 6.18399273127606 -2.9484401261276543 4.775523345748646 -2.1229244882663028 -54.770689043024525 -89.16483059215214 58.70184358391297 -17.509385246812677 
189 0.6933689127574894 1.426607802382457 1.122791028391523 1.611993847050409 1.8191300189304587 1.5939643758747297 2.4783877364651197 1.7836305203400384 3.270006270456575 1.4648330871993933 3.18731032767414 0.9916483576997314 3.315202926021612 0.2878931268948342 4.727329522336228 3.2842792525658644 -7.883122089081831 3.1380354268763284 -124.38338038213394 3.3883815720480577 36.80727697651283 -11.09710056555048 
190 2.2288177401089286 0.21701449651366364 3.1191439250375605 0.007653068785189969 -0.2964557585624779 0.005816070096994268 -0.303995594212058 -3.081206262232289 6.739895223640477 -1.5406581557850834 7.138874485098623 -0.8003684079404323 11.646791158633782 -1.4200397313911812 10.900368686941034 5.533586612115077 12.328411388661179 -2.5022750089275285 -27.33805919326765 46.043162025587456 -42.8674048300799 96.65581552482797 
191 0.4149663333458068 1.113346637045658 1.1156333682528907 1.3659028064838965 1.898331313901106 1.5601513129102051 2.174570982616918 1.5331019397956027 1.752924438963889 2.8395859133274075 0.43028659335705965 4.240920784715283 3.778813348411337 1.62308420587461 3.301173360383765 5.092671158313505 6.310555906217899 2.808317474676058 -61.11519368116308 -6.43248380277994 48.30456471159943 38.645000968534106 
192 0.5769299161185041 1.9585233413327312 1.530819190287409 1.6328208448023247 3.268248801639831 0.941318872321846 3.0353688883578958 0.30453185965872265 1.2250809269849576 0.2121827257590989 1.9107513786585533 1.5365055585395198 -0.07299817191340649 3.0794274946365663 4.814542016931115 1.3464806469724981 5.06101388927585 4.178857369915906 43.155928675233326 -53.57748570941235 6.964142183719205 9.361077039417575 
193 0.006538953503327544 0.011763140780266357 0.029308638805710087 0.5719690102911701 -0.052349971218318275 0.41100843701409484 2.520728589064477 0.09144508848234709 -0.0018722173129242792 -3.177614172327766 -0.06071606088886111 -3.143963761940442 1.7242043316751614 4.723683926140345 4.202840385900062 1.8170692000660913 3.185170984809723 0.42526624712930294 4.524409420555176 -10.799572870838617 67.41312814403558 103.66226630485099 
194 0.4080610195436892 2.1488846598560776 -0.0064822205241802265 3.24511637076897 2.346806154290294 1.5881950944733036 3.1332092126625897 1.1693307579240726 3.137307170434184 0.7579088081990301 2.362697344915163 1.5450517017069305 3.0421216374093554 3.1382648366902814 4.7468102283498546 2.8823452621697863 12.032319241032075 10.488396725180861 3.138821479918332 15.744593361816928 182.62486458194607 4.212072898085358 
195 2.0139384374355203 0.978606255405454 1.1304635237275666 1.360068410585042 1.3373165063772272 1.201486748645181 1.5979105771186994 1.1367821074088706 1.7727007602230889 1.244857941311438 2.046030171523678 1.5795736393169038 4.057040423668844 4.695645455909043 2.971706126215986 4.601895377327579 43.752614014782296 -17.297054299552766 -80.11967300924582 42.21763045271165 -70.1485686144607 82.78182179562843 
196 1.7439407737233552 -0.05678961175689113 1.5683978543727628 -0.6836852583124092 1.0025962296298476 -1.5031189823522888 1.0684640803921757 -1.540801951205989 -1.208169936477371 -1.2635677210943472 0.7884717646267352 -1.4812328452846013 5.228899241779987 -1.6718368788708073 8.642069189017304 -8.819627137258975 8.740841786295007 -8.958575209287114 6.278974951605888 -12.566427026450897 53.15937807246098 -43.71301137615266 
197 -0.01701643690583096 2.3783575140887963 0.01735748813672319 3.196608827674889 -0.0045861993940769195 3.4672934456427043 1.423437558142169 4.9614257391597745 0.6664301753451742 4.763472070842865 -0.08113748827905297 6.239382711923026 3.8195267081909674 6.102510494676306 3.293870799723928 12.281362621382216 -7.999326744456344 6.9067057348642615 -68.62162533868552 56.37526713973409 34.0797726133723 -1.771578781091761 
198 2.400510313514785 -0.07927479378823722 2.7556176359178846 -0.7841928783879842 2.8159015364410864 -1.0448261430886294 2.9160121144903046 -1.1695981664557222 3.2526024500739905 -1.5444575664388234 3.0816571674788413 -1.7899899150058487 4.112974612983657 -2.1499244785558913 2.2149637239075655 -4.007181533908118 -0.031059294078732244 -0.038967525035463885 -134.0504371104004 1.9244576165196323 111.9172665005735 120.58636597580349 
199 2.353912378317922 -0.3595256462453244 1.8507371666531802 1.0393229483127326 2.221752758054288 1.2817424844788288 2.6318432863988606 1.0606448446004153 3.169626658829127 -0.014103434010747349 2.9923817002004536 -1.8141307566405733 3.2011266787707364 -1.5601812844092717 -0.016409389797130844 0.6277014333800739 6.693244021436116 1.6055814821629537 44.57329717168391 114.28787538162368 -63.53920053204375 35.25019073192772 
