0 0.26018835105375504 0.25746513314719044 0.19161688706843094 0.0019327628877447989 0.18710974872978414 0.23228679348538162 0.001197724019431412 0.005221523800073458 0.0009876950404585916 3.004823373119627 1.5165236718088264 
1 0.22626674100111233 0.22824965750328552 0.22453026294636103 0.22377185579130532 0.22537244121232836 0.00017317812244743713 0.19393187535158063 0.0024689623259088744 0.0010068110478043124 1.0740448987510844 0.8299981000922461 
2 0.35185406986641743 0.011065010122609964 0.2504106924812237 0.002092761157009848 0.002336210496012958 0.011977674469141997 0.2235089784758939 0.19768672172839752 0.21431463635585923 0.4789199526516674 0.5386083115344373 
3 0.24198942915661847 0.19327627073360865 0.19701705291697058 0.19250963911837715 0.1942347352135676 0.1881809720079679 0.19747399086838957 0.19286475473513764 0.002188649999009362 1.3700923753418 0.8237156535921668 
4 0.1202678425548358 0.33424477940841224 0.45562802038577854 0.19164937128829584 0.18983999821906128 0.19047488018627745 0.0012067934658892554 0.006357967534331932 0.1893367378962767 0.6456498578978376 1.9552269217304674 
5 0.2592537538192079 0.2561779345903634 0.18801433384617727 0.18902012817765113 0.2246133829003949 0.2750288736808324 0.005769415016627866 0.19213095818841164 0.019207159163791676 0.0010872960282251043 1.3051705183082591 
6 0.4140242911920424 0.38217192989093074 0.2243160188477411 0.22265842724991725 0.22282996064635152 0.22414219826580073 0.0037224412799063966 0.0006456104148027109 0.11785691448587365 0.18902824149680342 2.0157710003722107 
7 0.1990743091693854 0.004631070319773389 0.22503144697839206 0.24060363949037145 0.22401502516212757 0.22993208239168683 0.24761558190085742 0.19355539724322068 0.0029233288587415807 0.000984487344900975 0.2246780243216382 
8 0.42132460928628257 0.21718626787987083 0.21493112599226305 0.003190394384261497 0.010867262967836355 0.011973813347495366 0.2039626265482184 0.0003913998185069989 0.0024633267703575434 0.2231494300569763 1.5615221084050717 
9 0.34499342386882903 0.4826483809575355 0.0016019043064396943 0.002229985494614173 0.002904367469785507 0.0028818697842649676 0.2569375210147613 0.3886060575530508 0.006604017751720592 1.4921625705263888 2.0229419689972676 
10 0.19605684882589003 0.2017075605636669 0.19264188492399126 0.0008040094913530638 0.2630615055176191 0.22472499886501707 0.0002477096224888786 0.0033288603461041344 0.006949056177783852 2.120833048184397 1.6866032342623085 
11 0.30506418381876044 0.2030314894149119 0.34919176328176693 0.22942662497499433 0.22684422461390108 0.1914431799914773 0.004929701236062067 0.0008863435695996014 0.13720661415408286 0.0021302790754391676 1.4380306937567506 
12 0.23287725584212593 0.8766039796834229 0.24490606896796852 0.19980131419613412 0.21602210200838545 0.19394718927529242 0.0027044006169680834 0.21739650353282491 0.004470618344910138 0.18968769810149655 1.7408550554393938 
13 0.2754807536790407 0.0024679931969047164 0.0028467291468441402 0.0017826198937922477 0.0006390242801266321 0.002018278847038424 0.005728497422055057 0.19242369563211525 0.19377104981911075 0.22480183206532756 1.0370468934003738 
14 0.2273726602405015 1.0725665707986427 0.22370191585719845 0.018249556322914362 0.01627225558541956 0.0005001089975211759 0.01548014869481218 0.01312888306479798 0.23544638601074763 0.19755347232536957 2.0339793010388902 
15 0.2603168748279241 0.25671662633217074 0.19456916853647366 0.1988716692236232 0.1921399044097316 0.20115961877792743 0.0018741026829816043 0.22745399075045358 0.0013390871938980808 0.23106007182309707 1.5769293539215825 
16 0.22630349993816234 0.00020660755246737494 0.004386180207167634 0.005567849457531304 0.009901293949104772 0.0006450178679549001 0.001023685235013394 0.12539981947181178 0.23207320308802704 0.0014597277593260127 2.47636315105345 
17 0.2640141550329569 0.22135408315685545 0.006595016770424733 0.002913034010900928 0.0009053188680168134 0.0020272001287839903 0.001053526234717328 0.005164862302114548 0.001152345719850567 0.0008541824328731629 1.1454165153759623 
18 0.20398591335777772 0.19223350717106924 0.23767343394983853 0.19836661030892633 0.21259447481256943 0.21425122115105122 0.01879478682142599 0.018766827379878226 0.002590646453251466 0.2007618651688734 2.0276378888340383 
19 0.37054254352891447 0.001050915765707927 0.004049391023226878 0.0024060795567688587 0.029390063650298837 0.0006669504135423665 0.18877100193357577 0.0004038861904251956 0.0035242014595142646 2.411093728772947 0.8992464319234112 
20 0.24284084016713403 0.0007118040007341175 0.002389589794689506 0.19412143918704805 0.197760806264341 0.191093101547543 0.0030878186123159956 0.0022351271276135343 0.003974425164623874 2.402895854866583 1.2814295875745587 
21 0.19712390084110099 0.00028665668082661355 0.49135670541004717 0.42839312980443855 0.19238166055524952 0.0031482198182060106 0.002554410171627497 0.0020635933359396397 0.07805670937779352 1.3833592089155062 2.1137378623974596 
22 0.1943614347840268 0.1923358946702598 0.19306837330962368 0.19214664110945834 0.19337494751521578 0.26265098002460907 0.2233481742551564 0.18918145121222985 0.006715312717521904 2.789289362163772 1.9847212420185412 
23 0.22912060352172325 0.23951033535803878 0.27613135265513367 0.2225367722369309 0.23136698118693722 0.22347297924278342 0.002002710957706766 0.19188062344419388 0.003912660054708139 0.019710693286153713 1.184522606086875 
24 0.1242836225829076 0.18836870852800325 0.20833283676635106 0.18746182211263251 0.18831191280520976 0.2352753506154177 0.18846440480057036 0.02384090120032778 0.195410420251805 0.004641511396136444 1.0230157475958 
25 0.22897937548502356 0.2430887160133146 0.2260886960677999 0.22574270669278773 0.2266918065399104 0.22660673935735676 0.2295464678295578 0.22353664714592103 0.0010607345893669518 0.19160553882706988 1.8699292577418758 
26 0.22930556060426044 0.23496334865495205 0.014066317190872812 0.1311690746894847 0.0025932935304737725 0.19321016081300812 0.004906869259788893 0.1932641271005915 0.02449529799865302 1.8632746689821795 1.8495972440452033 
27 0.018737247165358406 0.002343235032983726 0.24773345085540077 0.19360246341848653 0.19458966599104688 0.2625129217057103 0.2278966930276709 0.00041291543538579667 0.0003344409561887307 0.0012299164072879787 1.7076934581735506 
28 0.22525117335013567 0.22712205272377894 0.22105550233877658 0.18812713558102012 0.2234905249839454 0.18974742419956536 0.028455461909684177 0.00438097526724035 0.0018408845451582945 2.16624619845189 2.0185207143401325 
29 0.22400507157634042 0.25402272594338027 1.0664746319135012 0.22355007563355578 0.1887498344271883 0.0020894724023661215 0.014494291211178734 0.003915888253835931 0.0011600176420560881 1.8272254900815805 1.9307452931897315 
30 0.23107635106559288 0.22389440879813383 0.00029980541038132635 0.0217466300801179 0.006638502976360705 0.002214956523912681 0.004053704427429361 0.21402806523869677 0.004622600888204209 0.02241552616781739 2.4800081041307838 
31 0.43306160251009573 0.18793586690789366 0.0022974055366464796 0.12636213298030974 0.18845001987527965 0.005191508936768008 0.003011391616485115 0.1925808887779592 0.0005514852606713916 0.1975549201294775 2.582942092864152 
32 0.265084045517336 0.00106820191935042 0.2324279657974806 0.22685264024942975 0.22325260531393587 0.0021525416204732917 0.26477774469718085 0.22525419040940253 0.0019121911669801595 1.0696111099973415 1.1106217569855006 
33 0.2311426482830199 0.22870231154625498 0.13562882536221843 0.0008784172796958423 0.0018945747368930288 0.0028257453892521767 0.004488753925688371 0.004990289941188664 0.19183233804440136 1.3588076139853844 1.5228094366469844 
34 0.33913030949392353 0.2251312739678153 0.0011329186744706288 0.009692918749251156 0.0011484314485752378 0.011862725175274313 0.19383514173784056 0.0019130366327804182 0.001175941217380183 1.4306938659574944 1.3096734031096138 
35 0.22896530018373684 0.0013961659929138115 0.2710340368322621 0.2522446890218215 0.25358675147126597 0.18780630672875653 0.0055784114439974 0.003301914251510274 0.00598363780584954 1.8430673217039164 1.4684761440829992 
36 0.4150719721977896 0.2251628759911608 0.22720489084293183 0.22724038155160398 0.22641229278803232 0.0017484381687027373 0.19207705482170567 0.005666909656004471 0.20907216572392628 0.0037137098220110243 2.9331493113295526 
37 0.22902258143946685 0.2250961919525032 0.22320174077956811 0.191884435783217 0.1905786255434283 0.0016162373306718436 0.2578101532321013 0.2653183494840097 0.011188147318896169 1.1559329952714315 1.2351615481476221 
38 0.34717812184032004 0.012438578905351827 0.010386055672486183 0.01102482185079845 0.057700166407797626 0.005267285710653269 0.008056813013669117 0.19389159856315463 0.0026861980314001332 2.1295465860214016 1.6778883483390739 
39 0.20396039176495218 0.2243485579295601 0.020556847750640372 0.0016953664206575958 0.0012287836186937184 0.0008709118844878461 0.1889996170364907 0.18873100972660484 0.18822458037683565 0.002090838389597227 2.8199392200830413 
40 0.3370217770372661 0.4515245233298073 0.25569513796416166 0.21865342766932083 0.4433256761276978 0.2224712405592677 0.21504167786288075 0.003083953310068388 0.0010628526145830541 0.0008101121305419401 2.9494935161800644 
41 0.24089343804866847 0.2245118411172673 0.22336388139420182 0.22433533626411273 0.0008618554734287631 0.32194747373617316 0.004061165798396438 0.002356376718220421 0.19019761872146046 1.4246817035812398 2.0318944705226407 
42 0.27789526430902756 0.0015570818666024167 0.19017043113911503 0.0011961335099206494 0.001442019533524741 0.18988899283788507 0.12744417320888846 0.0018654684989793946 0.016397310807941823 2.140349953466952 1.9260024198375258 
43 0.2309717903630195 0.22614562784836223 0.22546346758902858 0.31051027347553317 0.007732319910392915 0.006240391608058893 0.0029765431968800105 0.005747673715223112 0.006057762718624682 0.1907015333363633 2.197771926041144 
44 0.004155020802002252 0.0015874618776718918 0.18890994900822267 0.006643766527354877 0.22519269740482883 0.0029874792905133507 0.0013197254339147868 0.21023445838038612 0.005484057198255066 0.0008436821597976873 0.8068337152896823 
45 0.28292302284432225 0.2591487762069964 0.2561970536980638 0.2641146371445091 0.18763096707372862 0.19249759634932317 0.0011346365860471774 0.19525197542198813 0.2235025280001366 2.9492990418738034 1.6822664494742523 
46 0.010901364759194454 0.21802032748173938 0.21396882324689526 0.21395310177372817 0.2146857605029593 0.21782571191632472 0.21415255728568905 0.18810373871527308 0.0010704378071153542 0.0038755403776815633 1.7977290586121477 
47 0.26114076007920217 0.25910801857669763 0.2573390438477561 0.25808443344242216 0.0016066701780894643 0.19001616694956058 0.19445743077477085 0.19273499858559484 0.0023906093008450036 1.6492276562143462 1.2865092308626522 
48 0.013385889535872941 0.0022370109204352673 0.0011890165898722493 0.0029635679172026475 0.00037389802931064864 0.005251609484032249 0.002406114440726581 0.0012057169529378076 0.0014435411732443004 2.433008747469849 1.4016265101470344 
49 0.22898602325680262 0.2250679224912211 0.22471398608115734 0.22519688649967762 0.22466828494160285 0.216767831704598 0.001085886830305638 0.18931810078526667 0.21689679797026362 0.001705889101084157 1.3724200422430541 
50 0.22829540641634916 0.22570638853428782 0.2239982090199999 0.0053263184086587145 0.001662778008450605 0.22082217105407165 0.18987425020608484 0.25900194610529814 0.0022689291116733123 0.4413906175508837 2.0074617874295977 
51 0.21883252104713624 0.0008745050539420429 0.0007717114763314825 0.002061947220675542 0.0011289891598444957 0.0017541960940745671 0.0006353845694055948 0.0016505071773944557 0.005235334958467064 1.965448894043229 1.8690404687659374 
52 0.2089395951178754 0.19468202581106553 0.19386763831574938 0.193782156062688 0.22583124504581154 0.187735425605549 0.19716321662028213 0.18875701222247465 0.0020858537010688405 0.014009480787402717 1.8176241695341944 
53 0.3050756656754632 0.2192313957697456 0.03463878909752105 0.004122541523011725 0.191915017796495 0.25904612245584 0.28626109492286145 0.24207873945744396 0.2570441256725622 0.005027801480518068 1.6696869709623152 
54 0.2344266101927761 0.19199174660677465 0.0019970314376822618 0.01825699282925508 0.21681399120170708 0.21602274169833469 0.00436132525293309 0.2124049173560847 0.189259591554934 0.0015020563964445177 1.5548382808934271 
55 0.842677175499283 0.005015934895662211 0.001057176761229961 0.0022712891367420163 0.1908224125732727 0.0077435180138800686 0.005000053286732253 0.0011271911588344175 0.1915526285885829 1.5835767695170986 2.8853299714259855 
56 0.25907298820960833 0.2561775483894009 0.23030141301084095 0.1920125811973279 0.19333654795034683 0.0024062521444414564 0.0009721714450754426 0.0008322301185264003 0.000991856648708378 0.005886607147945311 2.604276506998751 
57 0.26807944337277 0.25607940650333694 0.0024582242805828436 0.0029142112144462384 0.0047722314585354475 0.004685971183898019 0.0015068755565974534 0.008404179691933633 0.20004217822674697 0.025378543384878993 1.8403131249412308 
58 0.21391523905803034 0.004555226112626931 0.003214676742681055 0.0019696741259604966 0.021461982221495424 0.024127425469959274 0.014836243385531356 0.05657348972645959 0.1895961472293426 0.0031729778257236774 1.6942160646707776 
59 0.2009897899903803 0.19209897326150838 0.19458858837515947 0.19421022566767898 0.19252968598403108 0.1934570772377533 0.014404365473377645 0.002393278588150638 0.22341881638588723 0.0069072795799765 1.1008230639957586 
60 0.23396518908932018 0.20009771351385175 0.20214232412705502 0.19244967844585426 0.20015971440603142 0.2246184890737426 0.2173080040386881 0.18878199129314588 0.0324373106159519 0.2469601084552724 2.6502413313794486 
61 0.23010782699540755 0.9336203240508054 0.1946089353021343 0.0008588575032120183 0.25894154834947525 0.01733818181077451 0.00031525250061981147 0.0022394457938959 0.22496230432546804 0.034590372854133244 1.506306217758777 
62 0.19889308800743222 0.1973792219517747 0.00212269677792154 0.0008021422110811027 0.015422547893221283 0.0013599150929692883 0.18823232956747304 0.0007320699162869371 0.19552779294855993 1.0991490745119672 1.2923692669205094 
63 0.29803510573451675 0.19008918934262353 0.18875634721370682 0.18844914765608967 0.19811516416511954 0.19507702268091354 0.19950384014276779 0.1952583406764965 0.008197808079723146 1.1312343544503678 3.1176420975543295 
64 0.32132518324243664 0.0011434807883796694 0.0006311566545025293 0.003244773645615595 0.001028913625675365 0.003942961278586399 0.007841436928022416 0.02264826539348208 0.05890374782922181 0.0020598788153207703 0.22263022256411968 
65 0.0828699535449795 0.003547581465509486 0.24848344389229582 0.0028857908111463715 0.003600195770699921 0.3808911536242072 0.2013141380982315 1.080695167646521 0.19559899736154418 0.012725916558395944 1.4898014040791598 
66 0.269049791721488 0.19300951743340433 0.19433423837115527 0.2051872945497395 0.0011355350168673617 0.02010877019067281 0.0026396082728670223 0.009914476157254049 0.0019401258833731116 1.2992632851377126 1.6276405023264573 
67 0.3517843508292162 0.193908696379117 0.19354423550092736 0.23756563488388815 0.005237211210123549 0.1875771287514072 0.19398191413726273 0.19264103691161205 0.003004156033604266 1.140990124240842 1.116328033527691 
68 0.22624336245841192 0.24121574054796846 0.41648335067981845 0.4693206510569672 0.2227210659310057 0.4459652756178909 0.008037456882430183 0.0015001937487959527 0.0028537481563026823 0.0051292791220280964 1.667389718393293 
69 0.1992641934553936 0.23056512884350822 0.18902720989354682 0.1900417221715287 0.0027917102304622077 0.049953014307596355 0.007480097360160309 0.0037463023552513075 0.0035673459208018787 0.19276748016340073 1.3705398869308458 
70 0.3537072674360253 0.0019266924995133827 0.011358768055242052 0.001325291724575628 0.003257539101440221 0.0008952116191640602 0.0017064352524212012 0.005040897040556436 0.0017004472724582165 0.0050537416595040074 1.6823918676523537 
71 0.02396657297153748 0.01225670987209071 0.0009898716797889229 0.0005823668124296244 0.0002918096530792891 0.19195059670928116 0.007439394215919215 0.18745115339478957 0.0027608342066649527 0.30626812888475285 1.7916858527952306 
72 0.22730819468805263 0.2260464945426126 0.22367221712137764 0.004721860209839335 0.0011047472766683164 0.1894424035056732 0.0032571667133065585 0.0011118635890536854 0.002979983302947131 0.18949985603512176 1.6081264853643926 
73 0.7959562838196366 0.009791524516310934 0.001048985558057547 0.008250820208530074 0.0017422391913068935 0.0017529111412779574 0.22441792300630525 0.0033199047605494414 0.0037949079643293526 1.8235212225684565 1.6848335744921636 
74 0.22623218315514193 0.2926185616990822 0.133930416743552 0.004971139636913868 0.002201578230906165 0.007152232514741952 0.021656007606115857 0.002875085070632055 0.0018817377425563997 0.0019344756881662928 1.8203840320271982 
75 0.22996739563157909 0.2253845072983538 0.22628060418039797 0.1976574866663785 0.2309435762976113 0.18744492759010867 0.20648980875547096 0.12733616713590656 0.1956628877050468 1.4034794506234123 2.0073696047431486 
76 0.010870498130466588 0.002226573489281014 0.0032050365018896354 0.0021883378211140503 0.18937731811295233 0.19083888775452063 0.0024969268615266937 0.2153452368883697 0.002544226951220585 1.8063443045165146 1.6440583526148207 
77 0.22913387480327008 0.22360933046031506 0.22569541679005978 0.22356555894054364 0.25508800226787476 0.6070819244097445 0.2845433107619191 0.22907442029941483 0.19153521567481802 1.466372885561486 2.0896432936379488 
78 0.2970908858590613 0.19413525198976744 0.020419935419863533 0.05525614429963599 0.0014568324660990672 0.0158552176174529 0.0011635953513138286 0.006286167255592945 0.033809627453870394 0.19014283276079946 2.630714552614073 
79 0.4159017192579615 0.0012268944666760095 0.004354846931294842 0.0012244294141319223 0.007597794408517267 0.18956818562759414 0.28364064665310185 0.004073128019653538 0.04091655176615783 0.000876823808389604 1.6816012162435663 
80 0.25764181104553363 0.21228914291485945 0.1876260904101852 0.0044891716628470135 0.020908457354476218 0.008009068760405746 0.0014049472309949351 0.011157243701692465 0.0023046124775949473 0.2566858244742871 2.300967847265198 
81 0.41705498491275717 0.19203046045916117 3.9105017254126295e-05 0.2805967568892658 0.003817470955390423 0.004783661149756924 0.49167990470592504 0.0032974989016152367 0.10061435937856333 0.0014653741584780278 3.761395775143123 
82 0.19494775437197065 0.433395723957287 0.3136802844384561 0.0011140902787316609 0.0006843852430784558 0.013966766039377854 0.1932363967295645 0.1961093713442601 0.0003633181356939019 0.003885736151391317 1.7568316870927159 
83 0.2619390149701344 0.2528898672917659 0.19297050249101377 0.19603211709354684 0.0004462614370457363 0.010418795117361102 0.00073413247134968 0.002385908343256027 0.19828893873196107 0.01172757793097845 1.1123309369085084 
84 0.20196467600217427 0.004406237147151382 0.0031216439470524993 0.005876569254234187 0.009065367432511406 0.001833310791785836 0.0020220990995198918 0.2006286990438595 0.0018112050080889563 2.5168090117166018 1.9274036617116856 
85 0.30690116273404255 0.0011497571608296564 0.0010866160665010671 0.19754753468536146 0.19219940761740184 0.19442257395536222 0.19230459952056633 0.004211137921986019 0.015861981510529644 1.2404204815082391 2.232167239259484 
86 0.19634153182002123 0.19222237340089698 0.19415407420060937 0.0009673523361457548 0.269896082891423 0.1932695423750581 0.19227041410943824 0.004806152037620359 0.22551525065741163 0.3040472894743582 1.405038161640887 
87 0.1979726061696161 0.19253790478408384 0.19501848630018803 0.2229308774631218 0.21383410952169069 0.009111631495013928 0.005079002794782683 0.22064027435797318 0.22547398116783213 0.002497063466789573 2.0625192964264443 
88 0.05976340187539875 0.22388964769057274 0.2277275529899827 0.0011465038682476614 0.13767049396010256 0.0007615473901718683 0.7722185774538304 0.1878660649169035 0.001746612031364947 0.000593574304838862 1.0170005427928135 
89 0.2289117187229739 0.0038321530803202553 0.0022057898761722594 0.0026192869803560725 0.006141060433929146 0.005233645717442226 0.0021536496885927736 0.13944039424355048 0.003604235604408146 1.93567768747167 1.8908394173103993 
90 0.05676310137905127 0.0030540467142121663 0.002844172844900239 0.22309027996395558 0.25536501289594127 0.22215871023017297 0.0037827906995855365 0.002391499994579105 0.20832265979257736 0.12159114016427641 2.315434247344344 
91 0.11073843003925177 0.0015666745812099592 0.01692227647209732 0.2278046989282514 0.18951574430331686 0.0003905740199052765 0.0007026439724717726 0.19276823086751116 0.0001275929270916354 0.003034277051236156 1.9685835416424091 
92 0.20000034779465148 0.2097309332840438 0.1931740995316913 0.1935896402463253 0.0009396088140301018 0.004107000487021173 0.021177302069728787 0.18865344794702188 0.19530245652483091 0.001651831494569489 2.7124155729558646 
93 0.22595548828896805 0.004335095096267505 0.009493790987298967 0.00044785730771290666 0.0005003104032668126 0.0028723317776888635 0.19086463495904837 0.006947986075016344 0.014268837978282711 0.000916836460766568 1.4398738913952012 
94 0.22694199739716892 0.2500290449978204 0.004614745913074314 0.016840391014806277 0.22354350306173898 0.07046398818490163 0.0017916759164082752 0.006458511767784669 0.005395362483127997 0.11750767306845877 1.3306119398514467 
95 0.34567659128956274 0.004556170121257974 0.022791919121526227 0.0077783238132262955 0.015695302937449584 0.00021480077358249083 0.191454915088916 0.22651069977991733 0.19216683918229083 0.011396997462549185 1.4674043181159993 
96 0.2349118995278492 0.2240591973509687 0.19629611691530924 0.1889365027711274 0.002281217483040221 0.0010006692047348498 0.001411059436394524 0.0032583849299077094 0.011062021512446174 1.2522509206129813 1.8757724051195983 
97 0.20405558113069655 0.22271111400826826 0.19413407209344102 0.19253166497905672 0.22999672812984473 0.1938598282869579 0.001074249810898209 0.0019888759688746482 0.0022976153265790167 0.22323997156370035 1.3253498127273127 
98 0.4119312667627295 0.21914336002796864 0.21375085326272103 0.0032834588812855614 0.2217955320018783 0.24089566363086368 0.0030988470317163674 0.22827937668991893 0.010394460105264347 0.20308403343657755 1.5161218410730868 
99 0.4259052416462299 0.012287279445547528 0.01289115603007751 0.003365877985678001 0.000975227728124084 0.04065820031905032 0.3804124155078008 0.00034506646671550456 0.005321929561452832 0.009407304513203485 1.7801198044860307 
100 0.22704791883138653 0.3068954879161534 0.0034624207297064835 0.0058526645588068416 0.0011851602494392655 0.0022997327112208588 0.0027087356414443597 0.18885945974009877 0.39221149769427277 0.004550303164515768 1.764747064273875 
101 0.1953114319841771 0.42657790598810896 0.38266655844855757 0.0509950196728961 0.0002960941339842371 0.229854724116207 0.004771510796120149 0.002729276509783718 0.2230024397193171 1.1593207586004366 1.253850105726845 
102 0.2299177327905484 0.2273069503072791 0.22444595465836126 0.25592777866249006 0.2223042561323798 0.21516341222493884 0.22446405440807116 0.19377630613099472 0.0010292350533105399 1.3806871277932806 1.2543701810768975 
103 0.24191776600502846 0.1936053993204725 0.20232930206756405 0.1927786145235253 0.21572484940618075 0.0352066402724156 0.2545859194838871 0.1972330160532474 0.0012116636562875538 0.2181313376931111 1.3521835983406092 
104 0.20711306476413482 0.1961101369795364 0.19035879619365548 0.1880773859977567 0.1988788406226245 0.1930154793463128 0.27002504757461265 0.0027538741300481284 0.025662671860707587 0.21399872772990447 2.3551756270831707 
105 0.04334543723585371 0.224080670350298 0.002020411823956403 0.0004038296160639998 0.0016891145422324172 0.001239649515261565 0.2153946400303839 0.23188206766471242 0.0009975442991501104 0.19052895355322974 2.4584441881324053 
106 0.0049217330282542715 0.0053208366137367236 0.0009137517842263687 0.18910386924544564 0.19421954347846948 0.22703306925450017 0.38250527929813516 0.8327150131526528 0.09276254176990695 0.0020330612994214903 1.4514996873570418 
107 0.34956235327111673 0.001050736591140522 0.001221068678636028 0.003213113609493945 0.19328541528559273 0.0034716568446819807 0.20259849111139783 0.0008464301760353621 0.0022006125485936057 2.675600905376078 1.3769481114811932 
108 0.32566865919253885 0.008342247728438501 0.0019045101523369468 0.017028432904439894 0.014803595673962722 0.006805573189368808 0.21391250570860287 0.233034698473497 0.001163879041226723 0.00643186418905306 1.6178315366266434 
109 0.2240521671064184 0.12203533918019027 0.012436051119002478 0.007862371773763144 0.001460364289023186 0.002405415745285744 0.02760729396637851 0.012214121599506855 0.19128623086685548 0.2538171152730593 1.8057449105166212 
110 0.2270478210238036 0.00809008152196089 0.25362536217317566 0.013356279016810912 0.19352697979856925 0.19328747683635283 0.0015399459028444529 0.008414298550845078 0.0005575140114848498 0.25286418925781584 2.034818657952719 
111 0.20101656175553018 0.19220400628664613 0.22241127094870405 0.21489916276443122 0.026491780824032585 0.004450162728249385 0.0028990691196297824 0.19750889391504822 0.001272226014897626 1.6528485622110778 1.9270889345206412 
112 0.22798625709728215 0.19617492874997855 0.004266915479358424 0.003280027682342146 0.0022936077126776144 0.18998385990780942 0.0014613976359518777 0.002069429206349671 0.027391179506174312 1.5293744714511868 1.1574514767628856 
113 0.42306386268509355 0.21936038267911684 0.18844431241371074 0.19006784388941833 0.18742632914776403 0.27876202602709044 0.1915592014686529 0.009282169755358893 0.12590850000382492 0.004478300023738724 1.633241214429249 
114 0.004134168611175992 0.009027902846597824 0.0026840217096968377 0.0031977367556010883 0.20717481598150012 0.19257270135968363 0.004647799054215751 0.24118240820829895 0.18899420165519243 0.003882953609794182 1.6987658556593486 
115 0.4110604474048769 0.23007016281411685 0.2230312099589573 0.014519065293629785 0.0014669871149977087 0.0012895167463922164 0.193582727728413 0.0043680973437416615 0.0004472934006607421 0.008250645441606475 0.7334476797634673 
116 0.19703086867249886 0.19410687075083244 0.22352575483213633 0.12808954824683028 0.002558237847176903 0.10641559363695907 0.0012656826626380457 0.002039639667789972 0.004232666951657693 1.2543157762066157 1.6020779163054515 
117 0.4080727602852199 0.19489497046403503 0.20946161950743036 0.0032110805486027516 0.000779725394713715 0.0019734581031982668 0.0036688804466582514 0.18924562041794002 0.008769183264700553 0.5306676701918227 1.304592756810899 
118 0.2759000978654793 0.1938122916658862 0.19271554217896392 0.19061382383962622 0.18791594154886826 0.18847635637614957 0.0020448673654385185 0.017530730209913026 0.3836299155477654 2.2988249657997115 2.3215096193761187 
119 0.23995968356679742 0.21846211890352074 0.007952407617851875 0.21496583229143917 0.0005836277415758317 0.005592032156982452 0.22492423533097372 0.017202881535279158 0.005617973160975787 0.19350120494099365 1.3924260881055168 
120 0.19421602320919829 0.0006410001160399581 0.18800022642455216 0.21923954248646504 0.0019006650726109964 0.008962889761540582 0.0057381644327823 0.0024863104607721898 0.1972677619490566 0.22428014116722195 1.0729590488906284 
121 0.3999242449440559 0.00026275989883361994 0.0025229104299557825 0.005887633897286859 0.0038668636301342207 0.0009137810185562145 0.19495436841062475 0.0009829441026567576 0.002871377684315446 0.1939729661898426 1.9005694826952575 
122 0.012511784797585968 0.18946547903547506 0.15798850810398535 0.004578476948140731 0.18986040019111483 0.18844376772838212 0.19502664722575425 0.003790829501088888 0.19539069116008378 1.6021506541212147 1.4874355915234048 
123 0.1989989185800396 0.1947246425404081 0.19230305028765193 0.19666362962973216 0.22401701084991155 0.1930197559843112 0.21324052864676357 0.003942773874866079 0.03207999853337418 0.0012297660581390701 1.353097719412608 
124 0.26597033257655256 0.0009962483179228876 0.0012548457754755216 0.34701834704231116 0.001160712742755532 0.005365053503739059 0.19200091630852167 0.38212263598282337 0.21406735672326294 0.00122153906326683 1.4732915198448464 
125 0.23294510861822326 0.23076529146438407 0.22383540022158366 0.22486685482060387 0.22301396787004424 0.22553962529547555 0.001807299006712837 0.22664792631796749 0.003573511557960929 0.18942385942503348 1.8310850860966867 
126 0.3400813448689135 0.33040125447430535 0.004757050486473791 0.0018708557754696375 0.0038252683422506095 0.002279683997903348 0.002021683742175595 0.015184649466306155 0.010792612321971262 1.4121570855452763 3.08249319740722 
127 0.2043498907210659 0.0014254035453693525 0.008074765191300903 0.22052615352278293 0.24274843566244964 0.18917535335069324 0.0009110514239665246 0.015918937310641423 0.004593623032715266 0.0015937477349521334 1.560656005337212 
128 0.1981450009320227 0.19552489753138613 0.0015030307296022283 0.0009411942530468398 0.0006403748319754321 0.1928391624562813 0.1871523328736049 0.0027269793053303903 0.19034738599956702 1.0545889919076596 1.5642011323580443 
129 0.1886059151652879 0.25218036136005795 0.18898700797967072 0.2083536089438649 0.0007825386255753131 0.0016278813584931218 0.0006918018635400092 0.0067141030313027095 0.0016515671543440025 0.04582834527420432 2.111529338936951 
130 0.23191053792186955 0.0023594828328126205 0.44324739609906016 0.4523580068577193 0.0011828609303770055 0.006176314301016506 0.0018325323707883978 0.006546184785521936 0.0020956805415868196 0.0015041563257927049 2.074372656355321 
131 0.3270047818937496 0.12594687374936453 0.18714161183648503 0.0061293003820550584 0.00201571889284069 0.19641472727679044 0.18786402697668825 0.000901937358453786 0.004342441124339125 0.03396596870742852 1.5227063044053721 
132 0.19687469530464075 0.1919132466813831 0.2121842881349636 0.22298616507008906 0.22335467489641392 0.23665353142911316 0.002042758419907642 0.22358553366813494 0.001077629870274821 0.19352635632699244 0.8119751778304225 
133 0.2671174605497699 0.1957164389898738 0.0003070283797401707 0.21330888507866863 0.19068274068738988 0.000175578935473375 0.20117756710114776 0.000700532600200976 0.19544982332612193 1.2836820566669318 1.610739978695201 
134 0.19171181327733788 0.004196327467662853 0.1304422140583219 0.017839351013877458 0.19200779764251164 0.0029942965769278462 0.024575902740269884 0.002912945619382601 0.0037826222282197897 0.9223021761034063 1.9223310386806591 
135 0.229965145406559 0.2204174876773144 0.09138272048887042 0.2233504753413138 0.22771856391012535 0.34545111558281927 0.1919200326802033 0.0010668940970306462 0.0020772131512021286 0.22359879753035616 1.3391158037873017 
136 0.29387588243656904 0.22433593457039258 0.22417765760515396 0.0013936829241989468 0.19422263480138713 0.2584056023886363 0.2259411356794192 0.007566781558764113 0.0003390468644774991 0.005845955859242524 1.5191088990486532 
137 0.3372551672620152 0.25455611401753586 0.18805512511047406 0.1888096038261584 0.20547466095712674 0.2262348093529205 0.25701387587041036 0.004724461058357887 0.18974193784191318 1.882735537108692 2.295623165520878 
138 0.24312596245075646 0.0030408559590684447 0.01932812677288731 0.0016961864900073564 0.2286080976474787 0.0010808355895723931 0.0022788311212438295 0.005588685664024817 0.002242400408429379 0.003859287415861168 1.3638556808474926 
139 0.14823428740495803 0.1316484905352946 0.0010015996180248177 0.00036928841108063715 0.04768624696487289 0.008992024830912992 0.0010122132936492 0.22649533697576052 0.0028283591356716986 0.002932930733597905 1.6817828890855577 
140 0.1959706336330731 0.19347394448976818 0.19276153916138172 0.19346330206870022 0.19356811606073876 0.1947312835024575 0.19513911675143425 0.0020925308078345584 0.3149902832325169 0.05029731918263125 1.4260369380626854 
141 0.0179298105347121 0.011107583638363838 0.006425613981139389 0.0013125606940900258 0.19342454375382268 0.1928772483467518 0.004691333981713175 0.19701235528951777 0.039923031368442885 0.1895732284817817 1.3991863866603285 
142 0.009217693085648238 0.010025721693436296 0.004531505394638868 0.3809845076897571 0.011668726018471354 0.0006552301929325655 0.1975355399456391 0.0017069940729070865 0.4724330729727635 2.8474491774685684 2.1416469237943434 
143 0.3252354891492173 0.002498267436795265 0.001670299790128782 0.004471049507201563 0.3802233220933138 0.21699783118008042 0.19427953170007006 0.22565747924039603 0.0009761336666251896 1.2351071799724278 1.4956266965258362 
144 0.22413050912007226 0.22527313207375266 0.41904132152051576 0.1873592490674294 0.22593561537193252 0.19223164559661132 0.22796168310384335 0.004793814093606796 0.007071996125499469 0.0014976961744910255 2.9274507134838643 
145 0.2644712194402059 0.005262183038260204 0.0017102839664546732 0.018918603151502067 0.011942780689153665 0.0014955188836143218 0.002056207382861608 0.23109967644964535 0.004214115838295118 2.4806938543788504 1.9321436570978925 
146 0.1949657569715837 0.2245283232556472 0.2566015660621883 0.2579285031972818 0.19218819059464476 0.2858999045525683 0.005337096012770326 0.19219477049129519 0.2406228207100949 0.0019248657794630475 1.245573200830293 
147 0.42186904409584636 0.40096191111404256 0.00015592222986815507 0.19224336879299053 0.18876744269552437 0.18814203931683537 0.001465338846328157 0.0031393554485430464 0.14775186295498832 1.6053143666487988 4.814262680941235 
148 0.07078055794363936 0.016352776685792936 0.09067286058918689 0.0029434112937640755 0.0010290102974315207 0.26229688049568134 0.4819935842058125 0.19326353520907613 0.0004920074847785116 0.0006342205030780423 2.468881313658655 
149 0.19694663406447388 0.022531719628573255 0.0031418749331995066 0.0005990915146314446 0.19926039092190906 0.0006328863179072552 0.01813536918442904 0.004531797288523043 0.0010663821324028433 1.9582302006583558 2.344053625142004 
150 0.22328727909395307 0.0009496445489589611 0.0064827099444249026 0.18934915204007963 0.0034081407041051115 0.005380673380638079 0.23206297773613516 0.18866273003713596 0.0028636491043392276 0.0006641256664994266 1.4890303044581146 
151 0.1743820921590753 0.0035124768724750233 0.00018918995687200457 0.015406163914082338 0.006558212441213129 0.09793500650118259 0.010792906179325712 0.021907871479482477 0.003164368562607045 0.0039585816077361 2.0951913453843574 
152 0.2339273245744664 0.22761111590095195 0.2163674136502156 0.004667427605858698 0.191860341265913 0.0011642439096826163 0.0015295442712446317 0.0017487799813622473 0.22458772849488695 0.22416979793810876 1.9235149753475909 
153 0.23133050565999924 0.00012485529818384578 0.32479337064566716 0.1899371545551798 0.009006532453993632 0.22416468266630352 0.0036786715224044197 0.002970123294848692 0.027447716375434306 0.17840599636700483 1.9647352095864328 
154 0.23808295077749353 0.2324515037744277 0.0013563403169696286 0.040050038136290045 0.008928869748280555 0.0007344575148284793 0.008867761105813221 0.0006039092959078118 0.00034451739476626386 1.290314115527099 1.2603540601133507 
155 0.20935734168281117 0.2159697753291394 0.19088531249363405 0.005222323483998537 0.002162818866977334 0.005641688805916978 0.2282617191204679 0.033065102480800856 0.19774237738762568 1.575375720066072 2.0275275530434205 
156 0.197198034619132 0.44320468008201863 0.21959205185756958 0.22344390886116305 0.002394793709493248 0.0010893245589504996 0.21876184026962942 0.22347528392976446 0.0068294204289245375 1.4878726849997106 2.2811272087010677 
157 0.21925850329122842 0.1892023276981436 0.002229103844060054 0.22514656246951614 0.0024625185280109374 0.22449371295928322 0.2140784479537119 0.1915974071871842 0.0028510469871005917 0.20081809993189914 1.8260607916832012 
158 0.3030032076080664 0.0011068271002145913 0.25843767447094157 0.25898905415498996 0.20769058019534836 0.24366640463624378 0.19590336574885492 0.001198871565937898 0.1935485626944835 1.7908850525375515 1.3963414629442505 
159 0.28300714392714266 0.013250169770926634 0.14797087858552693 0.0032417758957286047 0.0016229189308996084 0.0016619007824199006 0.5568459023044976 0.0053538292584958125 0.004816336655325548 0.22392834775738724 1.4463838532725506 
160 0.25705360361623497 0.0030972643810893707 0.22571509358658748 0.2218880475141476 0.0017761426130895597 0.0209104246886882 0.002205684670652408 0.0031711715022511022 0.1903118972193638 1.490556409444656 2.513916816554321 
161 0.20514370974412954 0.19783181212641265 0.19176422325401155 0.19270131250971034 0.19628807233458567 0.0018775260641861191 0.00042964328241446026 0.0013499380586097232 0.19314331836924215 0.2588318127840943 1.52688692452669 
162 0.26106420460425817 0.2560655614610685 0.19280556604264132 0.19201955350195332 0.19700682117193447 0.19161486664910488 0.014705743432583018 0.0005992603371398619 0.0028492916617255393 1.4598803084323009 1.7759097378614028 
163 0.27086340594990244 0.002200629853732261 0.002626337804547685 0.12321077963268001 0.001740729334347213 0.006697746522656534 0.22493263337796066 0.1934077153690268 0.0017481802508332311 0.14751939789789925 1.1032787815610323 
164 0.1969752395538258 0.20375018501996123 0.19185749347596825 0.008530496788239583 0.0011830725339911918 0.0062576258216791025 0.009405350911130261 0.19760286285311124 0.0013275086470876385 2.5315449872492644 1.915427820355572 
165 0.4332112933259815 0.001040507976420857 0.22414739236152292 0.1893709335805429 0.18825167585739888 0.0009247431517747096 0.0016671808707364733 0.2329299520197501 0.0019644075608746814 0.0012179955845526003 3.014375248432423 
166 0.2369873136134184 0.2263011862410167 0.13380789663745407 0.21729164287167357 0.21286152106988654 0.2195970017783455 0.2126543111478656 0.35923400328850064 0.0010279461305733317 0.0043938066445747825 2.2429301013442147 
167 0.264957722667309 0.2531192419177448 0.23525861575289908 0.18992670310251603 0.10562147037606961 0.0032241461182578313 0.0025831788642529663 0.19300653125384803 0.0025486585366636394 1.9120446143532008 3.2671487322394217 
168 0.26408630812196954 0.0013169275985625006 0.0033058293269729866 0.11528023880379412 0.0038271254945632105 0.03792929092645747 0.21287676773153508 0.0036432076755033016 0.004940843312896348 1.7325793090609127 1.763335172459738 
169 0.10402769705233283 0.00488380845825831 0.19144172264049897 0.0017976293369628138 0.19230603335293073 0.0009664022659299221 0.002269812844328145 0.0030167352473169373 0.0020384341380401683 1.8561640030000899 2.486191396590952 
170 0.1969676839947183 0.19257996258495536 0.0018176649890269125 0.38321868428757555 0.3788735415446063 0.18808296806854607 0.19225155378104963 0.0033203502176684108 0.0039125976363902915 0.03226005038284674 1.8665952758744617 
171 0.2659322246685667 0.0019252797108419983 0.2144458313660702 0.21555522859676657 0.009223188769807544 0.005246782135634787 0.005372447848842388 0.026228584917596942 0.0021146012407096126 0.0024850084859173727 2.4808814208001566 
172 0.008043914531915775 0.005590358149841768 0.06389954188111191 0.0013093434914686064 0.0014063061062901117 0.00033026703316041406 0.0016621367818616672 0.012543495546937011 0.0009255052700729571 2.1648541780909314 1.724963499215277 
173 0.2699137605016402 0.25715856051890396 0.19497002186422074 0.21471831600154712 0.00045137928513683256 0.19353342124959938 0.0013106638184483543 0.1943935004026307 0.22491503878915609 1.7704985620026612 1.3180675117457943 
174 0.19633679479359478 0.1890482023877229 0.1899669243226063 0.19012786962569583 0.18803637883318447 0.18967953362304257 0.05535050705476441 0.10798725313945634 0.21905235730964145 1.9882015281060965 1.6748599568261586 
175 0.23175391885918284 0.23454356130495757 0.22554573205412431 0.22354912862231258 0.22512167683158357 0.2434526388614615 0.005390362364362744 0.22422650370348762 0.02200711904652497 0.0028544172476236973 1.577038527422442 
176 0.22725615339625982 0.2538766903439882 0.2267389732106877 0.223274125449189 0.252900795546958 0.003315530511126541 0.1926716341472836 0.38286282608994027 0.19301687827185487 1.1295362937450615 1.1345098915881513 
177 0.19687468488137472 0.1898284630242062 0.18935684960108734 0.2215217187693368 0.0029091032532286842 0.0036073369763320873 0.00042111449034210047 0.23888252945678778 0.006440708772541992 1.2479262576831374 2.465382278332732 
178 0.2289197396934164 0.003170293437119165 0.23602986439226825 0.2244896859293457 0.22298892857314723 0.18745194569165458 0.1895392575574737 0.19404735958726738 0.0010828777449278792 1.3559427737874201 2.033430335876577 
179 0.26202716214679134 0.25884196917304947 0.004449145115953845 0.2558801179961987 0.0009263105578327657 0.22340225619363796 0.0008821573875381628 0.004325432776516536 0.0005313903099364303 0.2492444855680387 1.5973276560434424 
180 0.19687759695474294 0.19434838172723667 0.2159837790674386 0.1926611176130555 0.19315093236507153 0.19510078467784098 0.0014880613386896169 0.19204105790543613 0.021478610516022956 0.003203554205992276 1.4004414677831996 
181 0.014882620169252458 0.1920515794528208 0.18804658370648775 0.1883439071241122 0.1273473290536582 0.000986777775503933 0.003969566367325594 0.0021906124307244923 0.005104917184796998 0.32081301656716565 1.38686282114783 
182 0.25794403181689685 0.19500632867689816 0.19286898389661467 0.23862499291454964 0.20476615376380813 0.19090737840959715 0.001237821323552657 0.19387806006544528 0.00451380540502444 0.007286303986010045 1.4944588573096749 
183 0.22620712725244507 0.2271626445655308 0.22066046074274515 0.2251763298754459 0.22046770588835174 0.004959244082791026 0.48960898881815673 0.25242244189346885 0.0016858148240468385 0.001493352895082678 3.0250133394730923 
184 0.015930187263440976 0.0031924402707761423 0.0029555428605669842 0.007432801815564938 0.0028046414005364895 0.0028657758244527987 0.028329135878304434 0.18812818782608765 0.001440092348419908 0.0015404391346138802 1.5216419222931385 
185 0.22187704682646814 0.2532905959970557 0.25430565689732165 0.929683304152384 0.1899181733209181 0.0014119959840448448 0.0012778099953099087 0.0005943138823343297 0.22364665274302697 0.011389628251701422 1.2393701277721574 
186 0.22790120720600915 0.26961502258345704 0.823352140555828 0.0027282081823265525 0.001997517152672712 0.009624256261218767 0.001213431517388841 0.0005583758662421889 0.0036970267289240244 0.1886103304058433 1.8815301405538873 
187 0.2488467359833837 0.1874314331060647 0.0034968668766464095 0.0013391596818979057 0.0038147282538718574 0.0009817133247869148 0.0009969555001407837 0.18922994091238898 0.2241534438912678 0.007381097973288897 2.0988223906246213 
188 0.29190077392175184 0.25635149706438165 0.22159241472650182 0.18811990956649627 0.1989779089247783 0.1929842611398498 0.004186904413093329 0.3229965187388055 0.0015449719845603838 0.4725792587092341 1.401741087410768 
189 0.19618125803627984 0.19734653597418972 0.1966406385500319 0.22086859243761614 0.20675771486406758 0.19242048333714346 0.2237800329213404 0.0020386817123971834 0.001557870424246044 1.4845841183853568 1.5682100633752625 
190 0.23302750881961498 0.23989585595087326 0.19659838583259948 0.003250774398653622 0.0043843549357287515 0.18921014061879737 0.2535257687839232 0.006798114634981589 0.0037052355814055637 1.6970964345115476 1.5460643659549351 
191 0.43200639754395675 0.00828159320596411 0.0009119581948817679 0.19140550120530686 0.0005658643660726437 0.0022461437876908352 0.0007012904666996445 0.03358991878876316 0.00726515559225871 1.877077981161011 1.5825904852891786 
192 0.2746427947204859 0.19690399586559204 0.20406403777447601 0.0021787287450640846 0.22340928502426016 0.001977405475114269 0.0014375544257587691 0.22573419099262315 0.004334496508048069 1.198537416682655 0.023316788628874097 
193 0.20305404801734395 0.1934405290948049 0.19064040023738715 0.3929912248494041 0.00023125109176436176 0.0032634024047473176 0.002405978249561569 0.0024120269191076904 0.001229182143819063 1.3696857723811315 1.5257619510526683 
194 0.08216961134890277 0.0012386245237752114 0.20865110196062742 0.19308078318902244 0.19245250662557756 0.005112330303822077 0.19199898606912558 0.18871962898185868 0.013451227032963198 0.0021835622977393054 1.9874002919450962 
195 0.23290187059251366 0.004432511996404376 5.416911677724734e-05 0.18812381836424574 0.19118111632478918 0.22009312018164184 0.0005427951555199151 0.004676904289715678 0.0021127583418869555 0.02614336322301747 1.4709537022200068 
196 0.22803028755263077 0.22650240181403825 0.22430318522996817 0.22320164389627717 0.24383221178351033 0.002202775643732835 0.26106450256530067 0.22414399470669966 0.03607760054612319 0.0008408102845656185 1.3393996139245332 
197 0.21122057415463247 0.0020598706534453726 0.0006156003787849418 0.1879815667012643 0.22307963267273223 0.23172523869910355 0.0023668994412804345 0.22087488591025317 0.22656985994240553 0.27382974874665966 2.0428335446566863 
198 0.23093276369378613 0.22378135908497243 0.22926420514809553 0.22440470828286174 0.22423272698942465 0.22570188073141373 0.04503943083607709 0.0029070884653426 0.014901349558840593 1.9157672792997076 1.3554281569717763 
199 0.24217393724285707 0.0010506153443616828 0.18838847246184076 0.18783714563899068 0.18791055358526143 0.01593172602900772 0.19050549509284687 0.013929513529645332 0.00248674038921326 2.227727341219696 1.1119459992399214 
