0 [ 0.0149813   0.21424398  0.58338657 -0.04014453  0.61953269  0.51606696] [1.40119427 1.07635579 0.94493797 0.94875852 0.16498348 0.09548421] [0.09211893 0.17687665 0.43216172 0.04863949 0.72513573 0.52070569] [ 0.65320226  0.87498476  0.90070505  0.67386509 -0.05241616  0.30575023] [0.23927169 0.631008   0.6023403  0.00476471 0.99863741 0.5457662 ] [1.09405739 0.14533195 0.89290609 0.5254838  0.04344752 0.11236305] 
1 [ 0.20370142  0.62122759 -0.02091518 -0.06178459  1.00061678  0.59024643] [-0.47713735  0.60281293 -0.46589863  0.93926546  1.45144499 -0.14667153] [ 0.20175335  0.59682001  0.07504403 -0.34621694  0.97679487  0.57375144] [-0.50922755  0.61016655 -0.18409639  0.72185882  1.45253649 -0.06327106] [0.18020249 0.49754364 0.23476349 0.36133476 1.10027175 0.90303354] [-0.51641277  1.46473037 -0.17137499  0.16277162  1.60610207 -0.11181239] 
2 [0.91015059 0.78105621 0.22221236 0.16563358 0.46072727 0.02561815] [0.79923684 0.11673113 0.40823923 0.24499292 0.42289155 0.32575748] [0.91485342 0.779232   0.21985301 0.16780911 0.46727821 0.02710382] [0.79680036 0.11297205 0.41440132 0.23694068 0.42259136 0.32593898] [0.92028083 0.77659194 0.2175262  0.16997324 0.47504752 0.02869769] [0.79332854 0.10857021 0.42211012 0.22701223 0.42350339 0.32723178] 
3 [ 0.34737769  0.85276644 -0.04924479  0.15020676  0.80046221  0.46700465] [ 0.42863053  0.71907328  0.74518024  0.10539839 -0.09781659  0.59352853] [ 0.39097691  0.84192102 -0.02592297  0.13283804  0.75184176  0.47132674] [ 0.3144792   0.71214981  0.70903267  0.11308506 -0.15202546  0.55098909] [ 0.24515339  0.58335194 -0.01381514  0.5845682   0.40829973  0.03796934] [ 1.1241322   0.81774418  1.12889045  0.15797904 -0.53518351  0.52969525] 
4 [ 0.23567098  0.73667694 -0.10792057 -0.02710842  0.83642714 -0.33593476] [1.07052697 0.16045383 1.02000753 0.45758064 0.09003168 0.12784026] [ 0.22673438  0.87612551 -0.18984055 -0.03928628  0.86277828 -0.36045375] [1.0705704  0.0363925  1.15226151 0.45869775 0.08578246 0.14351298] [ 0.2560947   0.92789614 -0.32105857 -0.04571972  0.86662335 -0.4044084 ] [1.11412139 0.01528386 1.33981446 0.55151698 0.0361834  0.11597129] 
5 [0.50562392 1.03609858 0.71481637 0.72667621 0.45832847 0.20622736] [0.17933782 0.82567945 0.31480832 0.77091491 0.6007079  0.13510727] [0.5000581  1.05336149 0.71885443 0.72205661 0.45305968 0.20178647] [0.18243124 0.82379007 0.30164959 0.76719098 0.60076278 0.15004249] [0.49233205 1.07372354 0.72212678 0.71871263 0.44816682 0.19621433] [0.18534731 0.82274193 0.2851557  0.76273423 0.60047874 0.16760182] 
6 [0.69050861 0.69562648 0.26497    0.16314515 0.7128073  0.13030352] [ 0.08555764 -0.05107776  0.21422347  0.23911129  0.33463518  1.15422206] [0.70412038 0.70358824 0.27364112 0.1660639  0.71559427 0.12858341] [ 0.0786902  -0.0561439   0.21936519  0.2414082   0.35424071  1.15173418] [0.53797643 0.70356764 0.4521614  0.19571508 0.14981526 0.33196636] [ 0.0062181  -0.03865222 -0.28094984  0.95143306 -0.43754569  1.81216951] 
7 [0.75205239 0.33041428 0.90930883 0.85194457 1.03578679 0.51637459] [ 0.1774753  -0.01482044  0.11478547  0.0446198   1.28910589  0.23708025] [0.82856099 0.54256803 0.9237402  1.09376855 1.2921596  0.50522635] [-0.0140784   0.06424054  0.4453447   0.04958563  1.31185615 -0.16712494] [0.85028565 0.54110824 0.85202395 0.67953315 1.07825458 0.8072521 ] [-0.01805044  0.04532445  0.39369914 -0.08815268  1.47823969  0.19375212] 
8 [ 0.05442998 -0.16775677  0.23929911  0.31504482  0.9811367   0.34689978] [2.31740619 1.65558232 0.65714698 0.4067913  0.41719012 1.28467459] [ 0.11577733 -0.14933687  0.75574923 -0.10621457  0.43341443  0.46445172] [1.65618233 0.47609269 0.31790303 1.05660949 0.21449052 1.49135916] [ 0.02553141 -0.23409171  1.28035444  0.21696576  1.06943901  0.34532818] [1.42698855 0.50454129 1.22223675 0.32985609 0.13024844 1.46138569] 
9 [-0.0036739   0.39813757  0.80717688 -0.06094386  0.23198944  1.00984447] [-0.00154979  0.22737124  0.88299772  0.5324096   0.21096476  0.52109791] [-0.01773227  0.38414928  0.81753253 -0.05112393  0.25784483  0.99627694] [-0.06919383  0.26855701  0.90879934  0.53855111  0.15396384  0.5322872 ] [-0.05808697  0.37710258  0.8331637  -0.04552136  0.30680193  1.00414055] [-0.17278075  0.32359901  0.932336    0.54976802  0.09597833  0.53715084] 
10 [1.08705519 0.67605306 0.4844433  0.52559559 0.5221731  0.44444795] [0.60115434 0.31638705 0.83121293 0.2190175  0.08213361 0.59801283] [1.09129185 0.67383255 0.48444603 0.52143156 0.52380562 0.44371014] [0.59646944 0.32047385 0.8368127  0.21731853 0.08018396 0.59530003] [1.09339983 0.67266061 0.4842659  0.51838237 0.52537549 0.44349026] [0.59432835 0.32274296 0.83922286 0.21642083 0.08042483 0.59437933] 
11 [ 1.38876374  0.75622108  0.73846469  0.5537412  -0.0850967   0.46211887] [1.46068621 0.09022762 0.09912794 0.28184049 1.06765104 0.46454827] [1.25091128 0.82385338 0.67390944 0.39262835 0.00246733 0.63578034] [ 1.47859199 -0.18842608  0.06562986  0.38454194  0.96907802  0.62898325] [1.52569466 0.57989034 0.62108778 1.02265473 0.18126518 0.58036875] [ 1.64657794  0.70016195  0.06295386  0.6419753   1.04713967 -0.22905209] 
12 [0.72085097 0.62202837 0.39307778 1.11412062 0.35705176 0.00649543] [ 0.05018844 -0.03838678  0.4456664  -0.24468429  0.89717481  0.83504304] [0.71870724 0.62252343 0.39351242 1.11219279 0.3549318  0.00393068] [ 0.05132001 -0.03862083  0.44668376 -0.24808356  0.89846759  0.83622024] [ 0.64581199  0.72970119  0.55325876  1.06477942  0.27281689 -0.06236921] [ 0.03256352 -0.00683974  0.50616779 -0.3975904   0.78868402  0.97752523] 
13 [0.34677333 0.98651542 0.02702823 0.45820877 0.81540649 0.64781589] [ 0.73096645  0.59881456  0.7529652   0.7708024  -0.00121812 -0.26072795] [0.3460785  0.99283457 0.02361614 0.45035682 0.82495798 0.65078672] [ 0.73506419  0.59010573  0.74730013  0.79097215 -0.00276733 -0.26639763] [ 0.23631827  0.64617666 -0.02333364  0.49561569  0.74637454  0.83685189] [ 1.04223979  1.12410439  0.45592896  0.18289253  0.08429598 -0.10406799] 
14 [ 0.34077274 -0.04502359  0.42359848  0.38906883  0.53035244  1.29829295] [ 0.70045967  0.35793492 -0.05407181  0.16366425  1.4825735   0.0515875 ] [ 0.35511862 -0.04053976  0.84273348  0.08369234  0.39615654  1.25671107] [0.70248149 0.29812421 0.16184074 0.01050536 1.47261969 0.05448711] [ 0.34800053 -0.0354416   0.36347517  0.49137598  0.50660438  1.29353958] [ 0.76042515  0.26471915 -0.08547149  0.14157313  1.48030707  0.03773174] 
15 [1.02484297 0.2616287  1.10026033 0.60637956 0.61756691 0.57088718] [-0.05636309  0.01312489  0.49368245  1.3454101  -0.19995267 -0.10278005] [ 1.18878691  0.64176075  1.02990877 -0.12929529  1.13808971  0.79254034] [-0.03192898  0.35648844  0.51928906  1.04095648  0.00382824  0.43155346] [0.77229574 0.3275914  1.0013683  0.64822623 0.57230412 0.10124846] [ 0.0315019   0.06798814  0.50713816  1.33099227 -0.11736448 -0.05764742] 
16 [0.43299124 0.84547719 0.7957336  0.67384248 1.06724828 0.80108694] [0.1252233  0.91932713 0.22417639 0.61524219 0.79081772 0.62600714] [0.42873913 0.82946804 0.78215249 0.67694937 1.07200105 0.79782474] [0.1049906  0.91293401 0.22928031 0.6033994  0.79193515 0.63829635] [0.32944557 0.69572915 0.66913609 0.61036655 1.05278612 0.87953522] [-0.2052921   0.7024103   0.40580654  0.33199561  0.62264138  0.40382449] 
17 [-0.24698639  0.8034248  -0.16406655  0.72538331 -0.03526482  1.61891092] [ 0.27006652  0.13053383 -0.40446037  0.170312    1.28501504  1.45325306] [ 0.25057486  1.04682602  0.34555418  0.68468178 -0.27370834  0.22927472] [-0.88047545 -0.0039287  -0.09771966  0.80441111  0.75743378  1.24972844] [ 0.1101696   0.3176227   0.49078852  0.68740409 -0.07700249  1.79076582] [-0.61599189 -0.33685834 -0.29964451  0.11232973  1.25251651  1.5231858 ] 
18 [ 1.01339305e+00 -7.25224172e-05  8.31835663e-01  1.00618137e+00
  5.01886643e-01  6.24916871e-02] [1.01777522 0.55218299 0.96646785 0.06843075 0.31329846 0.92023893] [ 1.46541852  0.05165448  0.66334978  0.75377866  0.59317851 -0.17986664] [1.07803073 0.31099843 0.9690979  0.32180415 0.34364361 1.10806005] [1.03301805 0.00306929 0.83749795 1.06728778 0.46862038 0.05612045] [0.89737838 0.45656229 0.88002711 0.02129811 0.33573145 0.80205571] 
19 [0.40407702 1.15536325 0.09276732 0.44663456 0.96119586 0.54490604] [0.23202276 0.60465016 0.21350426 0.09525966 0.6976106  0.6842337 ] [0.38811069 1.18290837 0.10549845 0.48274219 0.97395883 0.52759652] [0.24469011 0.58838314 0.17891743 0.11769013 0.75607982 0.76016741] [ 0.92207546  1.42182722 -0.4920052  -0.58119932  0.02456854 -0.33884208] [-0.02806738  0.40140741  0.2401708  -0.51740577  0.35853462  1.80117355] 
20 [0.77808107 0.68970134 0.856689   0.11911536 0.45256844 0.55058502] [0.00489496 0.03944681 0.3700727  1.75132409 0.30202537 0.20106   ] [0.75387415 0.61342597 0.82671155 0.08748702 0.42937998 0.54504221] [0.01712133 0.01661148 0.4677203  1.7302415  0.33662584 0.16270822] [ 1.15252163  0.76046074  0.35902977 -0.21949525  0.14916543  0.78312257] [-0.02772061 -0.65082249  0.93692109  0.4587364   1.44011983 -0.20211762] 
21 [-0.12650019 -0.23079331  0.56127622  0.47631578  1.19969757  0.56477787] [-0.97037889 -0.93143329  0.21211677  1.37653234  0.1405486   0.02727488] [-0.06264135 -0.2342296   0.57090376  0.44661014  1.19199427  0.57473942] [-0.97366591 -1.10897569  0.14499843  1.40959699  0.0440257   0.05865604] [-0.32261824  0.00522887  0.54224389  0.87659328  1.50438082  0.83240866] [-6.58719916e-01 -3.70912753e-01  5.83342115e-04  1.78837163e+00
 -1.14120522e-02  1.51504123e-01] 
22 [0.08069898 0.23567536 0.1519184  0.41503316 0.51283351 0.13988119] [ 1.07485329  1.13141477  1.4313223  -0.30093803 -0.16313232 -0.02382563] [0.25229958 0.3847834  0.78253913 0.81009661 0.70887049 0.09755233] [ 1.08894018  0.01728722  1.37119601 -0.01276708 -0.15064641  0.33232761] [ 0.04711495  0.15353089 -0.04954195  0.28687676  0.4669429   0.5524994 ] [ 2.20528286  1.20493977  1.0849352  -0.4089025  -0.30215242 -0.17405853] 
23 [ 0.24209815  0.18423911  0.53179737  0.02637364 -0.06902558  0.51189579] [ 1.0978971  -0.12954506  0.38487975  0.93764071  0.32789492  0.17999032] [ 0.22598024  0.19032159  0.53986079  0.06961687 -0.19997     0.51049147] [ 1.07069747 -0.09930356  0.41750631  1.03119504  0.20123802  0.1904808 ] [ 0.24617436  0.23147544  0.50169648  0.11431634 -0.27307649  0.56809373] [ 1.1521273  -0.0021619   0.4322281   1.32634526  0.22643873  0.15834864] 
24 [ 0.21598019  0.67377431  0.34087855  0.79360929 -0.06600469  0.90576092] [ 1.03809623  0.24539035 -0.09380051  0.02855072  0.07891679  1.70335086] [ 0.47110649  0.77696575  1.03881568  0.62220451 -0.22735521  0.7634725 ] [ 0.05103872  0.03092015  0.50996229 -0.33654109  0.13079393  1.72769209] [ 0.48563311  0.2237356   0.16302173  0.59087053 -0.35520716  0.52072168] [ 0.03681806  0.09944222 -0.13487614 -0.20466397  0.19198614  2.04621473] 
25 [-0.23448859 -0.58626532  1.14269984  1.13979337  0.40714884 -0.01413456] [-1.03668576  1.06312102  0.02287382  1.22835386  0.89447973  1.02160598] [-0.22139836 -0.06259359  0.38309629  0.53054928  0.53192045 -0.00845124] [-1.01675237  1.47309602 -0.32383454  1.34653271  0.81004531  0.9612734 ] [ 0.05793793 -0.08120634  0.26493418  0.55496591  0.54346667  0.01460949] [-1.56828585  0.87465729 -0.4862432   1.31699606  0.80390585  1.02295003] 
26 [0.21948026 0.73267226 0.84476861 0.70257208 0.29658219 0.56991373] [1.04326858 0.08101786 0.08228155 1.64602513 0.19201827 0.11274717] [0.22928331 0.71720494 0.8802013  0.67546967 0.3080656  0.57481852] [1.04478714 0.11175563 0.08795984 1.65249277 0.17019879 0.08764385] [0.23143775 0.68504864 0.86800892 0.69133657 0.29671153 0.57424882] [1.05820721 0.11579876 0.08748514 1.69603097 0.2116254  0.14044666] 
27 [ 0.16442135  0.3774724   0.64736689  0.46159749 -0.35047545 -0.01817169] [-0.50846986 -0.32328831  1.46720783  0.22883907  0.8252155   0.72828792] [ 0.1918416   0.40998059  0.63245589  0.53856238  0.4624867  -0.00775558] [-0.5674019  -0.34570058  1.35912275  0.20223559  0.76215918  0.83490327] [ 0.20137718  0.40201224  0.62621562  0.52376952  0.50498789 -0.01359149] [-0.54272035 -0.3599994   1.36049858  0.20681041  0.79302191  0.93543612] 
28 [-0.02812738  1.23032072  1.3192203   1.35895441  0.15551338  0.62224331] [-0.89721285 -0.0397845   0.12808961  0.6829395   0.42884231  0.20060483] [0.06355142 1.11150797 1.17630184 0.64169668 0.06504213 0.49216603] [ 4.45533333e-02  9.51339711e-04  5.00831131e-01  1.00460958e+00
  3.29863958e-01 -2.18230354e-01] [0.18670688 0.88764682 0.91601863 0.82314607 0.47326462 0.51778498] [ 1.08922307  0.03628897 -0.01426105  1.77112915  0.22304752  0.16594919] 
29 [0.79444269 0.90993929 0.57066754 0.83690767 0.77793782 0.83993548] [0.34271122 0.6892982  0.42578806 1.15518303 0.86056921 0.5752133 ] [0.79446677 0.91327574 0.56816072 0.83612937 0.77389942 0.84460332] [0.34952971 0.68380188 0.41728655 1.15476554 0.86186346 0.58658682] [0.80120247 0.91545242 0.55963645 0.83488821 0.77300729 0.84685425] [0.35885316 0.67851819 0.39996902 1.15385829 0.86717291 0.58265207] 
30 [0.24228563 0.42930803 0.7172132  0.01553532 0.67115772 0.94523457] [ 1.08623301  0.03705412  0.57289395  0.817494   -0.04846794  0.17556748] [0.24946992 0.37717072 0.73152757 0.00439424 0.6726807  0.94450452] [ 1.09013744  0.01181234  0.57703926  0.82036179 -0.04783391  0.17072594] [0.24986965 0.24340562 0.80928438 0.01560203 0.48844839 1.09025054] [ 1.09873375 -0.05127228  0.57765368  0.80913612 -0.11917498  0.13500357] 
31 [ 0.15120834  0.26131863  0.39601825  0.85859758 -0.29295227  0.6439404 ] [0.82566965 0.51868705 0.37787003 0.58178128 1.34852972 0.23768785] [ 0.16233481  0.27569499  0.37499491  0.83806521 -0.28496448  0.63796653] [0.82455917 0.47276043 0.32549952 0.59273165 1.34648411 0.22998511] [-0.25234045  0.28885788  0.25610807  0.82256381 -0.31663584  0.68902009] [1.546445   0.7376257  0.12027992 0.60098747 1.30151644 0.24873113] 
32 [0.85874899 0.62551141 0.03603486 0.66996593 0.78840562 0.35194114] [-0.02680552  1.2169961   0.25653924  1.00556261  0.38072796  1.29915279] [ 0.81714062  0.65306434 -0.01515588  0.63256061  0.79987971  0.35949486] [-0.02290044  1.23340458  0.53608813  0.87315017  0.40459469  1.28305995] [0.81278477 0.62043633 0.03005904 0.66337804 0.77714509 0.33398852] [-0.05597655  0.98900809  0.33158705  0.9343898   0.38038979  1.28478686] 
33 [ 0.22919205  0.63581168 -0.08715517 -0.02111325  0.62156802  0.4172472 ] [1.07194258 0.34320711 0.93513253 0.49773038 0.15284626 0.08497417] [ 0.23740298  0.70334727 -0.04661274 -0.03613941  0.54777637  0.53500754] [1.02935887 0.26195205 1.03726423 0.31988743 0.21471681 0.1328726 ] [ 0.23824186  0.7025253  -0.03343454 -0.03315495  0.53639753  0.52745263] [1.02438765 0.30100402 0.99662284 0.28600309 0.22673073 0.15014084] 
34 [1.08946801 1.05066475 0.85670088 0.33290915 0.98167338 0.72907295] [0.49319365 0.35876551 0.37659036 0.14276131 0.30594109 0.82332897] [1.0864519  1.05251753 0.85454183 0.33714085 0.9769682  0.72115218] [0.48120474 0.36712539 0.37073618 0.15582912 0.30491024 0.81976545] [1.08416646 1.05320365 0.8537784  0.34033427 0.97309231 0.71613265] [0.47124192 0.37308165 0.36667249 0.16575568 0.30393175 0.81800582] 
35 [0.92748623 0.3987217  0.54362537 0.96323335 0.39511552 0.5195181 ] [ 0.62803698  0.46251585 -0.15298035  0.90145502  0.00437923  0.75553598] [0.92735599 0.39850223 0.54218599 0.96547303 0.39552798 0.51946731] [ 0.62690845  0.46249324 -0.15313235  0.89986744  0.00492558  0.75246136] [0.92721582 0.3985919  0.54159893 0.96666894 0.39585192 0.51920842] [ 0.62668     0.46261195 -0.15326679  0.89939615  0.00495461  0.75138445] 
36 [-0.25248048  0.87158746  0.33480654  0.31586297  0.03251037  0.85605117] [ 0.47129987  1.36049979  0.22019462  0.96244269  0.55537894 -0.02657077] [-0.25257841  0.86841456  0.34216453  0.30904055  0.03211016  0.8561192 ] [ 0.47014807  1.36327455  0.22039294  0.96077465  0.55571064 -0.02517601] [-0.24974321  0.84199711  0.32706409  0.44350618  0.02965264  0.89767482] [ 0.45931385  1.35063065  0.20581173  0.94779019  0.61207756 -0.02338331] 
37 [-0.0565393   0.8491526   0.55213153  0.45324509  0.17945695  0.67248602] [0.60820202 0.54537981 0.65108604 0.21804904 0.20481462 0.52824365] [-0.06422478  0.82883933  0.55167525  0.44931771  0.18367746  0.67502523] [0.71162288 0.56066945 0.65564181 0.21824097 0.20031819 0.54158501] [-0.11234241  0.80534287  0.55873614  0.42667213  0.43211712  0.53643699] [0.97952633 0.55163411 0.63627251 0.31409793 0.18807695 0.5764979 ] 
38 [0.32342321 0.92635844 0.1983405  0.51525846 0.80597934 0.4475312 ] [0.23424857 0.20365484 1.20051457 0.35232503 0.99378058 0.87465877] [0.31354122 0.94966681 0.17517249 0.52532014 0.79208141 0.44447807] [0.22620299 0.21881017 1.18181677 0.35249727 0.98926695 0.87868256] [ 0.22854281  0.62318801 -0.08380315  0.66949128  0.50703078 -0.05295767] [-0.57798865  0.36373269  1.12172189  0.22347661  0.1771302   1.26246918] 
39 [0.17835495 0.66195808 1.27010406 0.60015963 0.48307443 0.42354222] [-0.48357739 -0.16577836  0.14968518  0.29434021  0.32831665  0.15503842] [0.88538455 0.56605263 0.92684195 1.09325609 0.31134083 0.34065281] [-0.03576312  0.05555408  0.43942563  1.6239274   0.116687    0.10752403] [0.85450089 0.4259449  0.86718152 1.08578417 0.29488589 0.36280169] [-0.08868812  0.02726896  0.36375431  1.59612082  0.07720026  0.13606616] 
40 [0.14369091 0.79106249 1.2764943  0.6749387  0.65283922 0.28966785] [ 0.09683759 -0.02287177  0.50382695 -0.18545199  0.22161451  1.39955709] [-0.03249179  0.91078408  1.36961703  0.68136709  0.57348649  0.44012455] [ 0.44941827  0.00733796  0.5387859  -0.23753504  0.18438387  1.42336128] [ 0.11992736  0.8430676   1.18471166 -1.06169821  0.04567939  0.33999351] [-1.54182487  0.0369078   0.7863558  -0.00722523  0.61344701  1.21524267] 
41 [0.75580193 0.56465042 0.62174491 0.55784743 0.46988648 0.25088706] [0.97284785 0.387575   0.33000707 0.04677343 0.36485626 0.58728574] [0.75075732 0.56447061 0.62397266 0.55709386 0.46975864 0.2533445 ] [0.97631658 0.3926997  0.32610735 0.03955428 0.37294272 0.57674623] [0.74977409 0.56482286 0.62425288 0.55716553 0.46967499 0.25422108] [0.9778568  0.39439618 0.3247277  0.03780145 0.37506672 0.57320847] 
42 [0.24334169 0.75475503 0.2752943  0.97300293 0.38901579 0.91175423] [ 1.0656523   0.26390292  1.4846194  -0.02152222  0.02262836  0.10236533] [0.24326224 0.75401137 0.27550596 0.97300339 0.39006609 0.91214282] [ 1.06562815  0.26219478  1.48647385 -0.02218826  0.02305546  0.10295227] [0.24249753 0.75440206 0.27530587 0.9727946  0.39140055 0.91326593] [ 1.0676632   0.26140319  1.48971025 -0.02479442  0.02194427  0.10368363] 
43 [ 1.05405687 -0.01332296  0.36437079  0.89660351  0.41986565  0.61447306] [0.65618064 0.8972232  0.00214647 0.62373828 0.35613615 0.23404638] [ 1.05694643 -0.0141039   0.36506906  0.89652387  0.42186608  0.6097211 ] [0.65501854 0.89767811 0.00571092 0.62311591 0.35358699 0.2332347 ] [ 1.05794512 -0.01368692  0.36745007  0.89443935  0.42225247  0.60778079] [0.65178776 0.89564417 0.0065573  0.62281505 0.35413658 0.23279126] 
44 [ 0.20346921  0.57670967 -0.0736804   0.56791496 -0.01579576  0.7763505 ] [-0.54139279  0.77116706  0.43885407  0.77204897  0.85172106  0.09896237] [ 0.22592229  0.6050018  -0.09823501  0.54680906  0.00858879  0.64164848] [-0.59676955  0.66858902  0.76352179  0.8824191   0.93872554  0.12637811] [-0.01843851 -0.0051071   0.22750684  0.73148263 -0.12401647  0.60836583] [0.10039451 1.37490311 1.06020957 0.29594156 1.40386919 0.17509929] 
45 [ 0.18448917  0.41242618  0.61186528 -0.01257086  0.4698295   0.73403931] [-0.51561486  1.30677784  1.05357609  0.70163886  0.1256748   0.01714209] [ 0.18482729  0.41437729  0.60905596 -0.01074044  0.48523861  0.72503932] [-0.51921044  1.30475262  1.05735798  0.7010602   0.13004908  0.02183313] [0.18557374 0.43882262 0.59399002 0.00214571 0.50015457 0.7078531 ] [-0.51411375  1.30944043  1.0813115   0.71562171  0.12803812  0.00447375] 
46 [ 0.34450349 -0.05560154  0.83575827  0.05270194  0.4043579  -0.00929837] [0.70235532 0.33317918 0.14540051 0.04893046 1.06084494 0.40253934] [ 0.2554076   0.20554218  0.49119183  0.01201906  0.4850828  -0.00093837] [ 1.08982924 -0.11132677  0.10522922  0.05963547  0.98876205  0.39776157] [ 0.34988116 -0.00445122  0.82604705  0.06529119  0.18513958 -0.46782297] [0.68576742 0.31991911 0.19492716 0.02627451 1.50031247 0.15917984] 
47 [0.30666539 0.31248329 0.40070914 1.11033605 0.5130024  0.07027572] [ 0.9784238  -0.16293641  0.15986938  0.07927782  1.26529524  0.33436507] [ 0.17691448  0.25066538  0.26490336  0.96991746  0.34799756 -0.06535176] [0.7527102  0.53386856 0.41013263 0.44852383 0.81305434 0.32980056] [-0.17749417  0.22730549  0.50117282  1.08753302  0.365527   -0.01097591] [1.37297879 0.79002962 0.19063413 0.29283602 0.93837874 0.34443018] 
48 [0.75819218 0.31413067 0.59461176 0.17014235 1.00723797 1.03579004] [ 0.02124764  0.01206803 -0.36508217 -0.5801131  -0.12229515  0.30541873] [ 0.2224418   0.60219775  0.24535958 -0.02983086  1.19950967  0.53267209] [ 1.02639169  0.48890332  0.63415166  0.80573548 -0.01080078 -0.40629568] [ 0.23785782  0.6661221   0.57736246  0.0091872   1.40800992 -0.01963862] [ 1.07870105  0.1941754   1.14901645  0.29862839 -0.15448985  0.24135615] 
49 [ 0.06959997  0.23803309  0.60019008 -0.09086379  0.65720377  0.58877223] [0.98492525 1.04337329 0.56700035 1.30323293 0.17712213 0.08887178] [0.2462048  0.18524126 0.46226976 0.28021973 1.04139378 0.66711913] [ 1.12378553e+00 -3.41387418e-06  4.62721932e-01  1.48678101e+00
 -7.23302936e-02 -2.04075340e-01] [ 0.237447    0.71212141  0.56724597 -0.00774127  1.19882316  0.37938107] [1.07357541 0.21418513 0.51428485 0.90449314 0.06412407 0.01224556] 
50 [ 0.24678826  0.72240031  0.06534641  0.45332923 -0.07695543  0.00769622] [1.07694399 0.13164072 0.13878918 0.37167449 0.44699629 0.68340754] [ 0.26459829  0.47639392  0.21228989  0.52257556 -0.05077463  0.00236513] [ 1.09616504 -0.06726346  0.2964752   0.36700537  0.49225492  0.7926399 ] [ 0.23100839  0.61884542 -0.07971001  0.66103671  0.50043459 -0.0186287 ] [2.56623254 0.38157455 1.09870736 0.22334683 0.30478189 1.13431935] 
51 [0.19021019 0.2711986  0.94532951 0.46094862 0.6059732  0.65698438] [ 0.78659233  0.43949391  1.03899007 -0.11429546 -0.0081037   0.31548795] [0.25588798 0.37500196 0.79450307 0.36010417 0.61203607 0.67530977] [ 1.1122765   0.00709115  1.39937923 -0.02102658  0.03559335  0.18965286] [ 0.14766754  0.32192194  0.87934486 -0.2962447   0.1169576   0.66086984] [0.81027432 0.80553083 0.42293149 1.12192537 0.22539922 0.20632811] 
52 [0.74200215 0.5092494  0.88774237 0.71489654 0.94882166 0.69351998] [ 0.54384052  0.14866617 -0.035121    0.95030547  0.91297675  0.90636244] [0.7356597  0.51003028 0.90609926 0.72585409 0.9452526  0.67202996] [ 0.53963903  0.1502575  -0.03866154  0.94651932  0.91067132  0.91540417] [0.73672073 0.51843896 0.91516863 0.73533566 0.95725677 0.68724516] [ 0.50352907  0.13517736 -0.02808295  0.93131859  0.88740499  0.93268064] 
53 [0.91670377 0.1136993  0.60998608 0.31918129 0.8211253  0.77773037] [0.23025544 0.46087221 0.13046922 0.5493377  0.63687609 0.16180978] [0.91836951 0.11218603 0.61062782 0.31783606 0.82542428 0.76959817] [0.22919401 0.46117732 0.127008   0.5495038  0.6427744  0.16396463] [0.92084252 0.10965838 0.61185595 0.31681857 0.8308879  0.75760994] [0.22883375 0.46185981 0.12385714 0.54871347 0.64929262 0.1692628 ] 
54 [ 0.3546052  -0.00991665  0.72370711 -0.06632082 -0.02814145  0.60485664] [0.53386611 0.44506012 0.38787065 0.92353611 0.31612621 0.14383877] [ 0.22526866  0.18696495  0.54259611  0.06840953 -0.2049089   0.51579658] [ 1.06959916 -0.09903178  0.4152111   1.04286505  0.19848878  0.18983756] [ 0.22163929  0.21636014  0.48564335  0.1086067  -0.29047475  0.5981943 ] [ 1.05962105 -0.08870231  0.31384819  1.24162192  0.14991408  0.16666829] 
55 [0.84193143 0.67567114 0.78017847 0.43391302 0.81111412 0.81796937] [0.88505593 0.02619991 0.72922817 0.37861064 0.80184537 0.9407746 ] [0.84484679 0.67322686 0.78237463 0.43202768 0.81603303 0.8176353 ] [0.88715322 0.02451628 0.72543943 0.38202178 0.80332751 0.94004244] [0.84831577 0.67044503 0.78460739 0.42978418 0.82208101 0.81725403] [0.88959563 0.02255972 0.7216623  0.38655141 0.80419855 0.93951169] 
56 [0.21243961 0.66188981 0.46052489 0.78294795 0.69420775 0.52640554] [ 1.04752633  0.09266167  1.57540123  1.56589989 -0.23944527  1.75907753] [0.21256659 0.66359895 0.4649759  0.78746793 0.68616166 0.52796764] [ 1.04707772  0.09145951  1.57642837  1.56687322 -0.24084095  1.76023695] [0.21337934 0.67565621 0.47788434 0.78951359 0.67231988 0.53264023] [ 1.04938309  0.08965795  1.5778639   1.56981598 -0.24097932  1.76146999] 
57 [ 0.23263329  0.75626093 -0.1323726  -0.01802108  0.06562404  0.38377528] [-0.49858626  0.19078706  0.78130368  1.16803293  0.58150546 -0.26965282] [ 0.22095703  0.5179474   0.64453573  0.0479136  -0.3897741  -0.00464519] [-0.49283872  1.3609349   1.2873223   0.4364839   0.16335857 -0.12781893] [ 0.22947501  0.52241127  0.64409312  0.02930842 -0.40373804  0.05167563] [-0.49716191  1.35952747  1.27226368  0.43154565  0.28582367 -0.23965994] 
58 [1.16881589 0.73284333 0.1922208  0.72896099 0.62127283 0.60752794] [0.64377459 0.86787689 0.11398381 0.23218552 0.06897885 0.69715757] [1.17586323 0.7339947  0.18701264 0.72869254 0.61862245 0.61682617] [0.64111373 0.87286135 0.10370957 0.23617383 0.07170816 0.68755111] [1.17752927 0.73442449 0.1841187  0.72995082 0.61336015 0.62371515] [0.64076095 0.87400263 0.10094224 0.23644437 0.0732741  0.68462207] 
59 [-0.04936502  0.25717511  0.28767945  0.48438054  0.27513193 -0.05965476] [ 1.75214491  1.10262646 -0.07804681  0.26359128  1.20472822  0.12914848] [-0.18907729 -0.36887877 -0.56667321 -0.60327846  0.05437624  0.37935432] [ 0.62407161  0.40940296  0.31968075 -0.44138559  0.53436662 -0.00348999] [-0.29933997  0.16969401  0.13291183  0.45726031  0.32168439 -0.00765303] [ 1.25089094  1.0918705  -0.25829684  0.21921517  1.34873515  0.09090971] 
60 [ 0.11980556  0.24556369 -0.38111765  0.45222304  0.37707095  0.43649479] [1.07756917 1.14628691 1.63792687 0.19833808 0.27792722 0.19580968] [ 0.20442271  0.61216463 -0.04941796  0.53619017  0.49376885  0.09522398] [1.09396126 1.3094185  0.6419936  0.19984014 0.03268475 0.0288905 ] [ 0.20278164  0.62144956 -0.07492752  0.48444083  0.40644012  0.28700157] [1.10707165 1.45618779 0.54316865 0.21043327 0.07121015 0.04498068] 
61 [ 0.46390262  0.70694398  0.73656342  1.33754431 -0.30971241  1.67043927] [0.14736977 0.04649192 0.7394039  0.1123634  0.97619032 0.29077762] [ 0.56088522  0.59555632  0.87444573  0.99447141 -0.05737889  1.65713223] [ 0.00370165 -0.00613278  0.87915382  0.13066131  1.04597404  0.32987837] [0.62254948 0.66032807 0.70370748 1.15990027 0.19503244 1.53316292] [ 0.01641546  0.07433033  0.74393631  0.68470986  1.10268716 -0.27974886] 
62 [ 0.19452027  0.40984736  0.1813974   0.43890326  0.90390637 -0.21074187] [-0.5437903   1.39093399 -0.14423035  0.1760628   0.12133612  1.38092064] [ 0.2550187   0.2526036   0.11140475  0.44309292  0.67581331 -0.1114289 ] [ 1.12695721e+00 -1.21591293e-01  6.13588800e-04  1.97491382e-01
  8.71701314e-02  1.32346245e+00] [ 0.46948003  0.33165311  0.34205718  0.53108149  0.58427222 -0.12321337] [ 0.18651622 -0.09221401  0.04651359 -0.13348181  0.84742432  1.23456793] 
63 [ 0.81277799 -0.00445897  0.42698421  0.43800169  0.16664917  0.0832653 ] [ 0.70443892  0.8800971  -0.02866863  0.07186511  0.60184868  0.43700013] [ 0.7778472  -0.02563024  0.44965427  0.58786487  0.03998824  0.06264404] [ 0.72760252  0.87214866 -0.01886241  0.06420144  0.48918059  0.39599868] [ 0.7945482  -0.00323092  0.44553169  0.46101892  0.16800562  0.10000738] [ 0.68921089  0.85668405 -0.06531743  0.01351946  0.61784831  0.42439212] 
64 [0.24108883 0.63174838 1.38089713 0.12808686 0.56614638 0.06393339] [0.96386436 0.83024943 0.13750643 1.22190089 0.52930061 0.53970132] [0.23109998 0.63979649 1.33272834 0.13741219 0.60128032 0.14818322] [0.86347989 0.85949515 0.19422823 1.49992656 0.64902636 0.3408984 ] [0.2101963  0.78720426 1.23087288 0.43295732 0.80956565 0.38308321] [1.09286357 0.21140811 0.00186538 1.57727202 0.14099606 0.12157522] 
65 [ 0.21010447  0.57305336 -0.08207368  0.15330226  0.56259353  0.56888489] [1.02448162 0.90054648 0.82301468 0.13546828 0.17037762 0.12501795] [ 0.20980439  0.57264165 -0.08216079  0.15428696  0.56274831  0.56896289] [1.02389127 0.90294282 0.8220783  0.13544496 0.17043674 0.12552766] [ 0.23582597  0.55408504 -0.08663412  0.57205258  0.55246747  0.50847889] [1.00268494 0.67052064 1.27525262 0.2506435  0.20330371 0.1122105 ] 
66 [ 0.72712338  0.76188397  0.71202816  0.18576422  0.53763706 -0.00832543] [ 0.01313255 -0.00511306  0.35074175  0.2512327   0.81708745  0.53759875] [1.02059216e+00 9.61411343e-01 2.96739150e-01 3.31921090e-01
 5.61917852e-01 8.36949228e-04] [ 0.00239169 -0.32524229  0.64850972  0.31421171  0.74921858  0.63214295] [0.71531014 0.83740849 0.50306914 0.30340764 0.50723719 0.03662916] [-0.01408462 -0.11969771  0.57297331  0.1650473   0.90391593  0.32600257] 
67 [0.21558754 0.74420101 0.37081907 0.59459517 0.06262905 0.8514097 ] [ 1.03550169  0.1636157  -0.1246353   0.16430076  1.42069287 -0.0993992 ] [ 0.24244795  0.7153185  -0.06069099  0.38328483  0.08217372  0.78297026] [ 1.06354508  0.27519078 -0.03973854  0.18000709  1.28537445 -0.08157307] [ 0.23786874  0.70989658  0.10765122  0.50085551 -0.10379475  0.70388214] [ 1.02853032  0.14866494  0.02598662  0.10429727  1.21021785 -0.07151446] 
68 [ 1.05108369 -0.00428808  0.73148564  0.49082524  0.22632568  0.46424804] [ 0.85701908  0.7218633  -0.21341684  0.20664472  0.35963154  0.25723674] [ 1.03210648 -0.02845322  0.79723922  0.4537666   0.37759986  0.56445862] [ 0.83025391  0.87123388 -0.12513361  0.53427889  0.34609595  0.23754082] [ 1.01488506 -0.02731667  0.79066532  0.44930871  0.35107457  0.5779226 ] [ 0.72300511  1.01504815 -0.09434252  0.55246204  0.3394076   0.25717316] 
69 [ 0.33241914 -0.05163651  0.35383469  0.49573941  0.56026025 -0.039695  ] [ 0.73458138  0.35721306 -0.03235725  0.17772666  0.10677697  1.35284346] [ 0.28460315 -0.14949889  0.34142223  0.4361078   0.53714483 -0.04426372] [ 0.80936098  0.31957692 -0.06292061  0.18015672  0.00311299  1.45858352] [-0.23609877  1.04764344  0.10465031  0.43336656  0.56028225 -0.30862313] [ 0.4761054  -0.15543674 -1.56200091  0.49988292  0.23598224  1.33816387] 
70 [-0.17274192 -0.39844147  1.03948841  0.00719054  0.44701857  0.13545569] [0.6002158  0.3048338  0.76133675 0.64615566 0.41364457 1.30535327] [-0.17410283 -0.4050807   1.03227002  0.0083733   0.45364726  0.13070983] [0.60133636 0.30419293 0.75775683 0.64510172 0.42197858 1.29894443] [-0.13510372 -0.39992704  1.07203535 -0.01718781  0.43700354  0.25945973] [0.51592539 0.36729074 0.56902344 0.72220701 0.3013672  1.45529862] 
71 [ 0.21127279  0.29155125  0.94694683  0.67696693 -0.05563673  1.11951084] [0.82274582 0.67692945 0.36181824 0.34556499 1.1236493  0.22784055] [ 0.0822394   0.26664631  0.7829499   0.55514878 -0.03816416  1.16013879] [1.04685505 1.04310745 0.23578762 0.38934043 1.03099887 0.06914601] [ 0.04547398  0.28440559  0.79127802  0.54517835 -0.00942135  1.15059365] [1.07084376 1.04445542 0.22000409 0.38570679 1.00494283 0.06095758] 
72 [0.85440714 0.60941796 0.96332143 0.55667131 0.3034858  0.95459719] [ 0.14345082  1.14875321  0.22606855 -0.16247422 -0.00285335  0.70843906] [0.97247052 0.33975078 1.00923901 0.66630984 0.33261871 0.71532806] [ 0.10344088  1.3524964  -0.06619071  0.08673849 -0.0764622   0.98832054] [0.98524825 0.61136821 0.64893345 0.84157285 0.34680213 0.99756282] [-0.01516952  1.70236746  0.97987065  0.35177069 -0.22818208  1.45207014] 
73 [ 0.00301395 -0.06511454  0.17025753  1.66883482  0.86409274  0.54086979] [-0.33379748  1.65274394  1.15918945  0.05076175  0.21419058  1.42682281] [-0.07061746  0.26897158  0.05241212  0.54190926  0.5818844   1.21007687] [ 1.71945094  1.12839539  1.31176483 -0.33104856 -0.13794401  0.0620046 ] [-0.02218521  0.19208008 -0.04847921  1.12751405  0.6798579   1.06112697] [ 1.47108048  1.07762797  1.61149705 -0.18499425 -0.11523608  0.24879895] 
74 [1.00472075 0.96049289 2.00761728 1.64696657 1.67351023 1.22914506] [8.05327870e-05 1.52968724e+00 4.89771724e-01 2.52293846e-01
 1.06991054e-01 1.49550251e+00] [1.046436   0.91591408 1.28466    0.24069191 1.2081332  0.26229338] [ 0.02175981  0.80334393 -0.66452471  0.30005774  0.22891821  1.34032439] [1.03453397 0.99830055 1.33111919 1.04192222 1.05163544 0.91475665] [ 0.02055966  0.96693082 -0.29985967 -0.22366216 -0.0954544   1.39550438] 
75 [ 0.11535082  0.26476248  0.73966902 -0.23345239  0.62245515  0.54133475] [0.93713113 1.01920064 0.27448713 1.5582989  0.21978207 0.07893897] [ 0.24092411  0.13911841  0.55623679 -0.06675771  0.64872767  0.65392935] [ 1.10057054 -0.19301916  0.704491    0.98536578  0.17865535  0.10133367] [2.49088000e-01 1.12724660e-01 4.89889639e-01 7.03445447e-04
 6.34242580e-01 7.45044855e-01] [ 1.20132131 -0.0068584   0.8962509   1.10711202  0.11954174  0.03520487] 
76 [0.85158712 1.13297856 1.05829017 0.35715626 0.51234616 0.55016155] [-0.00408421  0.9345749   0.46836453  1.20842373 -0.27250671 -0.18020446] [0.9099318  1.18336102 0.91950622 0.29479188 0.49533222 0.55155095] [-0.00983606  0.93869243  0.47916909  1.17678007 -0.30523544 -0.15074509] [0.91557709 1.1915556  0.92000418 0.28336836 0.49075826 0.55488052] [-0.01098987  0.93042986  0.49179598  1.17080997 -0.31221582 -0.14459417] 
77 [0.37316959 1.27095082 0.22543562 0.26151454 0.53186939 0.89768839] [0.35900244 1.02204661 0.02696302 0.38596218 0.91672673 1.34193208] [0.37391837 1.27537497 0.2247856  0.26011009 0.5255747  0.8987871 ] [0.3611157  1.02793809 0.02244495 0.38990717 0.91965762 1.34351968] [0.3283912  1.71310971 0.67016935 0.52876382 0.51490025 0.39617249] [ 1.05505248  1.62714392 -0.37904339  1.40257305  0.20492612  1.42487637] 
78 [0.30388094 0.7051899  0.64775932 0.39270376 0.44721403 0.28633898] [0.77388127 1.07720524 0.38078517 0.85540146 0.19074732 1.24357469] [0.30451285 0.70651357 0.6465189  0.39114791 0.43647561 0.2938406 ] [0.77581713 1.07775481 0.37992747 0.85719283 0.19934155 1.24374953] [0.30490393 0.70734792 0.64576221 0.39004224 0.4296796  0.29898062] [0.77695645 1.0780406  0.3792898  0.85849505 0.20369226 1.24419334] 
79 [1.04396715 0.41328003 0.335489   0.33529437 0.46097263 0.83013488] [0.99622394 1.27349288 0.73463507 0.24753657 1.03080059 0.19366517] [1.04263237 0.41100049 0.33414269 0.33241666 0.46061972 0.83245651] [0.99851615 1.28037616 0.73216672 0.24384036 1.0363763  0.20504821] [1.04211834 0.41019025 0.33384256 0.33189786 0.45990584 0.83353943] [0.99929974 1.28281757 0.73168334 0.24231095 1.03830529 0.20866749] 
80 [ 0.32761527 -0.05923008  0.31202859  0.53038392  0.55514831  0.72000902] [ 0.76417903  0.34027261 -0.06806038  0.17211262  1.45637775 -0.081487  ] [ 0.27864093 -0.15930885  0.25451022  0.54943276  0.54995084  0.73505496] [ 0.8325655   0.33520652 -0.11937567  0.18822648  1.45926822 -0.04449644] [ 0.34224288 -0.06011026  0.3911943   0.49210979  0.53250606  0.73692115] [ 0.83620646  0.25361369 -0.08234736  0.12863472  1.48621265 -0.0700977 ] 
81 [ 0.18389172  0.4296027   0.59630423  0.04088058  0.6552076  -0.03673607] [-0.54410473  1.27560499  1.55603314  0.22391397 -0.36437076  0.50878243] [-0.04892949 -0.05407015 -0.18314643 -0.39516141  0.54690401  0.51953359] [ 0.78338012  0.60197158  0.64252896  0.34814644 -0.32512974 -0.15455043] [0.76278997 0.0530702  0.6275747  0.13214727 0.55540227 0.22780188] [ 0.19640404  1.21072478  1.2796191   0.13422909 -0.29771394  1.26542601] 
82 [0.69077646 0.33770788 0.13438787 0.87547264 0.88150538 0.67181   ] [0.67742056 0.55525865 0.41686694 0.69339581 0.93273186 0.88762698] [0.68995584 0.33644075 0.13804152 0.87071428 0.88113414 0.67133705] [0.68033989 0.55486084 0.4145534  0.68824711 0.92923224 0.88600838] [0.68925131 0.33541364 0.14073579 0.8667383  0.8809323  0.67100846] [0.68258112 0.55499161 0.41386217 0.68496389 0.92611128 0.88485066] 
83 [0.7429572  0.03428984 0.88880868 0.02216608 0.61213415 0.84443145] [1.2217142  0.42061437 0.65821204 0.92757934 0.65840549 0.30238678] [0.7423703  0.03389187 0.88925495 0.02124516 0.61272382 0.84670463] [1.22728554 0.41424025 0.65857322 0.92749608 0.65717485 0.30316023] [0.74132795 0.03261239 0.890218   0.0196448  0.61409158 0.8531215 ] [1.23276452 0.40790505 0.65899651 0.9276938  0.65487922 0.30480702] 
84 [1.06556469 0.53677471 0.36527254 0.68467763 1.35480716 0.13318457] [-0.06505196 -0.02258848  0.0219053   0.16920518  0.61275857  0.56198144] [ 0.22972792 -0.1348709  -0.52358595  0.02697389  0.97307757  0.50068536] [0.68234232 0.52747393 0.87499191 0.69347069 0.16894313 0.14063695] [0.78402412 0.12858621 0.19027935 0.71586728 0.81500873 0.63545342] [0.16569256 0.39617103 0.10035913 0.20226262 0.12371023 0.41601693] 
85 [-0.0440488   0.70093484  0.57132353  0.97554318  0.70714369  0.02049634] [0.49352196 0.01288454 0.06977918 0.48410177 0.76679693 0.67870275] [ 0.25150282  0.24731326  0.17143696  0.32057718  0.45312888 -0.0085744 ] [ 1.09503139 -0.13079837  0.00500163  0.20276365  0.81215869  0.57271461] [ 0.1814327   0.92305231  0.70928568  0.98995467 -0.09920142  0.4084181 ] [ 1.11605788 -0.01599548  0.02710501  0.55424632  1.11012824  0.20894138] 
86 [1.10280109 0.62169349 0.63397056 0.9271062  0.82131037 1.10916814] [0.97345153 0.7546405  0.64945069 0.05916729 0.11247007 0.81425818] [1.10343542 0.62250645 0.6332852  0.92605633 0.82040967 1.11192596] [0.97792338 0.75190218 0.65114645 0.05532893 0.11173546 0.81790858] [1.10405244 0.62328783 0.63315673 0.92487478 0.81926564 1.11429088] [0.98163123 0.74971823 0.65221259 0.05238207 0.11096073 0.82102398] 
87 [0.27450997 0.68573129 0.2060072  1.07082908 0.33115291 0.43351292] [0.94533492 0.53046737 0.48641865 0.17681162 0.12814271 0.13209434] [0.2255472  0.60953007 0.1718064  1.12078679 0.35169944 0.34046648] [0.98599451 0.55510357 0.48857363 0.26435299 0.05260676 0.13028114] [0.39728215 0.96376174 0.03637732 0.49564476 0.46172821 0.51920111] [ 0.66542787  1.13285762  0.27699111  0.57773878  0.2376372  -0.00490296] 
88 [ 0.24034736  0.19590541 -0.12898118  0.4584056   0.49357147  0.65325955] [ 1.04281366 -0.54518165  0.68648668  0.25639978  1.39933677 -0.12239677] [ 0.22674814  0.39922711 -0.01988049  1.10407454  0.3481474   0.51408047] [ 0.96888938 -0.49281273  0.71864916  0.34671724  1.2827082  -0.22060295] [ 0.25856366 -0.14369826 -0.54403607  0.8260773   0.43347779  0.53446522] [ 0.82640638  0.32561296 -0.05156712 -0.07048535  0.13418424  1.48760546] 
89 [ 0.89020537  1.09575041  0.58040555 -0.11848801  1.25918559  0.52084055] [ 0.03337465  0.82554163  0.90519614  0.22573986 -0.09721728  0.33655598] [ 0.91871959  1.12165358  0.63427962 -0.25112652  1.42495006  0.62106725] [ 0.02773451  0.75568046  1.01653381  0.14221783 -0.03746266  0.41094431] [ 0.91056551  1.14236342  0.41721335 -0.37355475  1.4535737   0.92111686] [-0.01495857  1.18410353  1.21013244  0.38034631 -0.12757875  0.25697033] 
90 [0.17828981 0.35700425 0.54260353 0.51954179 0.00494797 0.54095074] [-0.58124705 -0.31983369  1.33564205  1.2114281   0.55348641  0.12651145] [0.19175814 0.3617355  0.54417962 0.52472202 0.00230466 0.53430451] [-0.60332516 -0.32545773  1.33483287  1.20421756  0.50897192  0.1353331 ] [0.21532279 0.3934483  0.64158775 0.46529627 0.33095456 0.47707833] [-0.65395908 -0.36548268  1.33624371  1.70024531  0.08008509  0.13650336] 
91 [0.77307213 0.09921484 0.31862096 0.2648225  0.24390654 0.98148159] [0.78035759 0.3136237  0.40402835 0.47778302 0.74136768 0.68141745] [0.77253422 0.10320034 0.32228215 0.2704938  0.24288285 0.98537663] [0.78813853 0.31732843 0.41488002 0.47802376 0.76049324 0.68036866] [0.74694582 0.10063914 0.36012977 0.26798272 0.22839784 1.02845381] [0.83547462 0.29675585 0.44342018 0.41784332 0.8311175  0.73620964] 
92 [ 1.46001064 -0.02687521 -0.42142807  0.91937634  1.07540503  0.88775682] [ 0.67105429  0.95497117  0.0228705   0.64626721 -0.23807753  1.39902871] [1.44618162 0.03297139 0.67293145 0.77882541 0.31199153 1.03079975] [ 0.5457923   0.72849673  0.90702654  0.42015564 -0.24590271  1.46151626] [ 1.49203459 -0.03391073  0.63112047  0.77068842  0.30191981  1.07165581] [ 0.76245356  1.01399616  0.84573324  0.4588918  -0.27807659  1.38038618] 
93 [ 0.90900752  0.4371999   0.77650144  0.90339546  0.14658877 -0.06578443] [0.84921986 0.13923377 0.85226962 0.8622076  0.6774088  0.45787604] [ 0.90723635  0.43341542  0.78307895  0.90332786  0.1459252  -0.06981334] [0.84285467 0.13905407 0.85426924 0.86078233 0.6796152  0.46125196] [ 0.90671632  0.43224607  0.78493525  0.90329224  0.14554627 -0.07083367] [0.84120322 0.13923508 0.85467676 0.8604975  0.68013489 0.46191   ] 
94 [0.25365066 0.24207179 0.13053282 0.35016525 1.0780753  0.05178936] [ 1.11618475  0.01701611 -0.10253014  0.18533487  0.98432449  0.7415293 ] [0.23036624 0.24870562 0.08601339 0.30385367 1.02947325 0.06103512] [ 1.06960983 -0.11215648 -0.04435033  0.1969473   1.06906545  0.44970809] [0.22338979 0.36071872 0.39954744 0.49258035 0.45145525 0.02682772] [ 1.02795981 -0.03786767  0.20618954 -0.19293663  0.77818385  0.76925143] 
95 [0.53864694 0.72444347 0.23040145 0.77557082 0.39187484 0.61547833] [ 1.59078126 -0.04175076  0.02080861  0.94110494 -0.3379172  -0.20377109] [0.55630857 0.75307909 0.19587059 0.74850614 0.39117005 0.61098015] [ 1.54848368 -0.02259581  0.03631287  0.92723894 -0.33017833 -0.20149433] [ 0.92428968  0.63822535  0.35030186  0.31882602 -0.17274326  1.21235029] [ 1.56380389 -0.0056961  -0.08379868  0.91532978 -0.33889025  0.30608041] 
96 [0.22850465 0.83119397 1.19362197 0.53574718 0.4413498  0.46122771] [-0.42590193 -0.05674562  0.24796357  0.3070337   0.30066131  0.12092268] [0.2291284  0.94118199 1.16132501 0.47808486 0.44617063 0.55012849] [-0.38284891 -0.02218987  0.29625991  0.29523746  0.30616105  0.08401119] [0.30338564 1.24026591 0.93988108 0.3905164  0.43613125 0.64873235] [-0.39296973  0.06034903  0.1088225   0.49423567  0.19211591  0.12073984] 
97 [0.42364741 1.04358799 0.33381023 0.1229839  0.17167994 0.11648521] [ 0.47419262  1.08272033 -0.08821466  0.32407632  0.27977625 -0.06998333] [0.42107947 1.04488161 0.33943393 0.1260769  0.1737041  0.11684538] [ 0.48410316  1.09033987 -0.08671727  0.31344504  0.27368892 -0.07187308] [0.42052122 1.04511993 0.34195949 0.1273172  0.17320345 0.11787496] [ 0.48651174  1.09217195 -0.08535818  0.31210327  0.27043204 -0.07306403] 
98 [0.24845776 0.19744648 0.41042434 1.00720911 0.60149192 1.03984063] [ 1.07169457 -0.06524645  0.20658252  0.07943107  1.6291248   0.12164119] [0.22452953 0.28840786 0.47342793 1.05246613 0.62451243 1.0407962 ] [ 1.11104538 -0.07416118  0.181576    0.08477921  1.55317754  0.14036239] [0.23674198 0.14409268 0.42337019 1.03047175 0.75148394 0.971298  ] [ 1.11019053 -0.1359804   0.25291108  0.0806436   1.65747348  0.10024551] 
99 [0.67402956 0.70095963 1.00509036 0.49679684 0.49878596 0.67037277] [1.00153155 0.72083583 0.61179374 0.50045939 0.03682343 0.37840977] [0.67570832 0.70131385 1.00561476 0.49533515 0.49803721 0.6702895 ] [1.00390934 0.71888948 0.61128581 0.50349588 0.03705731 0.38327922] [0.67691816 0.70150683 1.00605671 0.49445995 0.49758753 0.67014933] [1.005471   0.71790845 0.61081792 0.50540206 0.03695333 0.38613844] 
100 [0.35104917 0.44469929 0.48619377 0.21475445 0.31974773 0.88092143] [-0.056385    0.52234903  0.4478906   0.29651227  0.29171259  0.33622609] [0.22692103 1.0937402  1.01276385 0.45722868 0.44100248 0.58038453] [-0.37997367  0.00780952  0.30753399  0.31423782  0.30760496  0.07049328] [0.30131802 1.18630241 0.99979354 0.38784255 0.43113615 0.65544314] [-0.39602906  0.05698005  0.10784876  0.49105521  0.19082315  0.11668381] 
101 [0.60618886 0.74578123 1.07780602 0.703682   0.49624284 1.10479663] [0.77894224 0.84180092 0.65024063 1.01448467 0.51791969 0.415104  ] [0.6022322  0.74744132 1.07850671 0.70647562 0.49410176 1.10709123] [0.77485869 0.84159125 0.65159809 1.01720801 0.51789199 0.41151271] [0.59873856 0.74889043 1.07884064 0.70928878 0.49231529 1.10869391] [0.77100508 0.84157744 0.65287413 1.01939847 0.51794523 0.40817556] 
102 [0.70499004 0.20411652 0.44469225 0.57712689 1.47369377 0.03010921] [-0.06393774 -0.02956802 -0.01492188  1.3331537   0.86072321  0.28426558] [0.69698834 0.07503231 0.32950012 0.55557381 1.49494443 0.02812171] [-0.01828791 -0.01505245 -0.00552137  1.36565008  0.82953196  0.22085799] [0.82803529 0.57510303 0.501903   0.24913904 0.24408129 0.43719901] [-8.73820085e-04  5.42356557e-02 -2.38597144e-01  4.47434429e-01
  1.85884175e+00  2.39367473e-01] 
103 [-0.22967415  0.75294737  0.75871396  0.62950005  0.36675347  0.32907901] [ 0.68153298 -0.0496906   0.2446339   0.14508966  0.4095344   0.19227419] [0.20428677 0.67025033 0.64504993 0.73592522 0.5090951  0.50264523] [-0.42668751 -0.06146902  0.05994416  0.20004172  0.28490152  0.26234585] [ 0.2217344   0.66084969  0.47816721  0.60679518  0.79711689 -0.0061871 ] [ 1.05172366  0.23104381 -0.11472492  0.08679006  0.88197318  0.79745886] 
104 [1.03566456 0.90265047 0.09190906 0.74468652 0.33687054 0.45542291] [0.84242134 0.68286718 0.01595416 0.38956576 0.51048044 0.49808318] [1.03666919 0.9028996  0.08978843 0.7428071  0.33887974 0.45766343] [0.84064539 0.68414493 0.01282042 0.38498833 0.51379598 0.49321858] [1.0371424  0.90295342 0.08876045 0.74190029 0.33989764 0.4586744 ] [0.8399037  0.68481134 0.01147691 0.38282267 0.51549902 0.49100357] 
105 [ 0.02041757 -0.15964293 -0.31793942  0.55923254  0.58888952  0.34703914] [0.81193457 0.71227927 0.25928717 1.31577055 0.19018146 1.44500656] [-0.19051786 -0.29103372 -0.48535985  1.00848728  0.55568586  0.28256925] [0.60795975 0.33754162 0.16422006 1.42712383 0.19053961 1.47589059] [-0.0199015  -0.15593772 -0.42810497  0.73682452  0.54756062  0.37969578] [1.28238759 0.66365087 0.33291244 1.27263902 0.18451404 1.45719909] 
106 [0.0560309  0.76223411 0.73282809 0.68227095 0.77381246 0.34578005] [ 0.08270644 -0.0110226   1.62977562  1.09240984  0.30097237  1.3550372 ] [0.23660133 0.68116866 0.53234325 0.60573701 0.39402903 0.04609242] [1.05009315 0.21816403 1.43896487 1.47095377 0.50914429 1.0766856 ] [0.29076471 0.74135448 0.60304494 0.40496879 0.85738311 0.52659817] [0.59437611 0.02484257 0.89194322 0.74209046 1.44897547 0.8190796 ] 
107 [0.23834461 0.71234304 0.73203242 0.7645203  1.2014764  0.56335284] [ 1.0045388   0.20637555 -0.06590837  1.53712357  0.09670644  0.13539252] [0.23942824 0.65733403 0.89374679 0.63173282 0.98104865 0.51371164] [1.04869591 0.22332323 0.06347822 1.66807012 0.16294408 0.03280992] [0.23418985 0.13808178 0.92242385 1.2583509  0.31473443 0.51319664] [ 1.14894608e+00 -1.21613238e-01 -1.08257092e-03  1.68808487e+00
  2.44513073e-01  9.05887388e-02] 
108 [ 0.42681886  0.5300795  -0.0278981   0.33125737  0.99545864  0.8524237 ] [0.06013405 0.84739858 0.652534   0.08869049 0.62429578 0.30549552] [ 0.42171475  0.53626095 -0.02796653  0.31912722  1.009888    0.84072744] [0.06115962 0.84607324 0.65457218 0.09232707 0.62736388 0.30349846] [ 0.26313923  0.67634729 -0.04855725  0.19730821  1.09091295  0.77416251] [0.06867406 0.65667684 0.74545109 0.08120969 0.65261798 0.29200704] 
109 [-0.23950483  1.20526169  0.14428726 -0.23708417  0.23273682 -0.0223657 ] [ 0.52693351  0.38949906 -0.08817256  0.86402857  0.8784545   0.97027003] [-0.24172113  1.19861351  0.26397777 -0.37964098  0.26452297 -0.00906185] [ 0.54453958  0.33431336 -0.05541104  0.91847515  0.91140348  0.84505299] [-0.23679056  1.23327387  0.22154576 -0.35137339  0.30784059  0.0207362 ] [ 0.56821945  0.27621208 -0.05370991  1.01850919  0.69663418  0.99241376] 
110 [ 0.24133448  0.58529656  1.02384634  0.86844314 -0.2771527   0.96514756] [1.01790723 0.2491004  0.09660832 0.11565783 1.57182566 0.10206071] [ 0.19356787  0.59014411  1.05874177  0.9462943  -0.09809016  0.66599389] [1.03133677 0.16271429 0.07958832 0.30430266 1.39803065 0.14651314] [ 0.22612594  0.64981775  0.98434298  1.20730768 -0.03086864  0.364743  ] [ 1.08177699  0.32342265  0.10885045  0.46127836  1.15800812 -0.19185737] 
111 [ 0.837643    0.77739188  0.65338062  0.78292988  0.58077686 -0.12124032] [-0.02202099  1.66978683  1.01979227  0.27584236  0.29365807  1.11278487] [ 0.87737936  0.70228622  0.67179453  0.71561396  0.67220757 -0.19582611] [-0.01872744  1.60759802  1.08378904  0.25369883  0.30785598  1.23192041] [7.63449571e-01 5.92741063e-01 6.87405500e-04 6.84605073e-01
 8.41376429e-01 3.74398254e-01] [-0.02113589  1.22684252  0.50748787  0.98982664  0.388547    1.31467133] 
112 [ 0.24341718  1.05615198  0.45752286  0.84258003 -0.0550331   0.33297401] [ 1.03345545 -0.10394656  0.06359841  0.60392501  1.1053109   0.1686754 ] [ 0.24354711  1.07603731  0.42874373  0.91287501 -0.07825177  0.3509991 ] [ 1.06642786 -0.08454439  0.04878129  0.59331173  1.12873738  0.16965358] [ 0.25601535  1.16296008  0.1851257   1.06387104 -0.06232933  0.34078642] [ 1.0003062  -0.19832143  0.14605783  0.54413972  1.19440511  0.15667193] 
113 [0.25024093 0.38648748 0.81109133 1.15084556 0.40417742 0.97270256] [ 0.74059736  0.35536524  1.10392304 -0.03075244  0.28967428 -0.14657942] [0.227722   0.40531045 0.77504253 1.16863901 0.38236955 0.93966189] [ 0.78380915  0.33500565  1.14967859 -0.05587542  0.3093003  -0.15082402] [0.23590302 0.67678249 0.65461403 1.17767151 0.34281295 0.82227286] [ 1.05694717  0.17103304  1.32894563  0.0165513   0.04857737 -0.15426582] 
114 [ 0.26120103  0.33323579  0.32123502  0.35733267  0.212346   -0.00589714] [ 1.12290145 -0.09700924  0.19435499  0.18456162  0.66612301  0.74993175] [ 0.25866889  0.30492317  0.27470556  0.22658748  0.37642841 -0.01658104] [ 1.09186563 -0.13375543  0.14809229  0.08285002  0.67446006  0.69966876] [ 0.24953266  0.26497578  0.38249076  0.13385875  0.45744586 -0.01369502] [ 1.06848808 -0.12167049  0.12543483 -0.0171017   0.60518506  0.73816535] 
115 [ 0.17201384  0.40205465  0.65025639 -0.07173977  0.44078559 -0.04577036] [-0.59012862 -0.37103949  0.70463222  0.68158151  0.41540408  1.38685773] [ 0.16967557  0.42393621  0.67872121 -0.03945372  0.53815234  0.22121166] [-0.57426649 -0.32732882  0.59142975  0.69134146  0.17798481  1.39801089] [ 0.87599511  0.87016677  0.33991986 -0.24630312  0.1507037  -0.52937747] [ 0.03584509 -0.15471092  0.54594567  0.87088452 -0.3027419   1.42579924] 
116 [0.23393971 0.61786128 0.69673691 0.58107194 1.04999244 0.70508569] [ 1.07044424  0.14999949  1.30169183  0.02027647  0.06362608 -0.20788172] [0.23507589 0.63871425 0.67876763 0.57573933 1.04890499 0.7075363 ] [ 1.06842998  0.15662564  1.30727462  0.01722029  0.05532131 -0.20102065] [0.23774429 0.68395956 0.67021561 0.57847211 1.03414892 0.71432466] [ 1.05962888  0.15756358  1.30231249  0.0279967   0.04000785 -0.20103796] 
117 [ 0.83596031  1.13788162 -0.42873267  0.53427217  0.67888882  0.49248919] [-0.01058501  0.93654158  1.12978988 -0.09726563  0.05986925  0.28938243] [0.83699022 1.21950946 0.70987619 0.63886532 0.59610709 0.55208093] [ 0.02260978  0.76205748  1.03559183 -0.08632045  0.05724773  0.29056986] [0.83196122 1.13064162 0.77758549 0.56607971 0.61243276 0.46408028] [ 0.05769503  0.85279797  1.0196214  -0.20365869 -0.00656358  0.25910982] 
118 [ 0.5591776   0.63519266  0.11261585 -0.05416325  1.04152887  0.38249103] [ 0.18457738  0.3899718   0.51179982  0.8195641  -0.49307937  0.51692076] [ 0.56279906  0.63268826  0.12733991 -0.04499992  1.02451359  0.37003543] [ 0.17258647  0.38642768  0.53023707  0.85116042 -0.47327306  0.5162417 ] [ 0.54053875  0.60321913  0.09542905 -0.05167858  0.98290268  0.37161837] [ 0.1919728   0.32112341  0.36400348  0.70221694 -0.48507118  0.48950858] 
119 [ 0.16430307  0.21615174  0.13307578  0.94384675  0.36333865 -0.04525225] [0.78883022 0.54620492 0.39094726 0.53204008 0.7402229  0.46522478] [ 0.20683863  0.25052662  0.34929184  1.08836406  0.37839813 -0.04141106] [0.81468862 0.40457468 0.36995774 0.47738393 0.86435112 0.39125552] [ 0.25425844  0.28695633  0.38967527  1.08480787  1.21326423 -0.12089155] [ 1.02252061 -0.11647     0.30729928  0.03912356  1.33790272  0.50448097] 
120 [ 0.344471   -0.05025276  0.79018213  0.11811958  0.381396   -0.01248628] [0.70482547 0.32960569 0.07929755 0.1154747  1.13752426 0.32663712] [0.26676812 0.71000157 0.49426314 0.53273805 0.47215974 0.03374316] [ 0.99208832  0.20777083 -0.14169352  0.14028347  1.26636735  0.26886461] [ 4.04598839e-01  5.11860489e-01  4.83164398e-01  5.78358893e-01
  4.37555312e-04 -2.35845154e-01] [0.29288557 0.32941117 0.35434975 0.58927186 1.02663262 0.459381  ] 
121 [ 0.23798148  0.66062989  0.13635886  0.77391282 -0.20090827  0.41381069] [ 0.99319296  0.25632633 -0.0662006   0.29524444  1.34727402  0.09115888] [ 0.2329682   0.67700517  0.34861875  0.61583814 -0.17309423  0.4282019 ] [ 1.01684161  0.26677811 -0.15784937  0.21891439  1.49256556  0.08533809] [ 0.26268351  0.75943345  0.33936915  0.69074691 -0.14800889  0.44907757] [ 0.97283079  0.27337536 -0.16322979  0.16576777  1.46160687  0.07471882] 
122 [0.18261948 0.29742061 0.39558038 0.63480082 0.59334464 1.05194282] [ 0.72393385  0.56204252  0.2748244   1.06634798 -0.12922647  0.32055699] [0.19122511 0.30526673 0.38047126 0.73593139 0.60687329 1.03755545] [ 0.73122893  0.55532682  0.28319356  1.03737624 -0.15706499  0.30739008] [0.20623565 0.33968331 0.4782958  0.3723809  0.54761597 1.13122728] [ 0.82621406  0.47961477  0.60804791  1.21465776 -0.22070675  0.05579218] 
123 [ 0.28119864  0.43622712  0.45929174 -0.01473323  0.53973351  0.77237029] [0.40796534 0.27819393 0.86788478 0.92577553 1.12378533 1.36789135] [2.23944207e-01 6.68781337e-01 4.84996040e-01 6.83988213e-04
 6.58294572e-01 7.62473682e-01] [1.05777873 0.20025436 0.75937062 0.70526188 1.50431137 1.46248111] [0.22692957 0.69308413 0.46980724 0.00212637 0.66566147 0.75461006] [1.05872851 0.20517154 0.79235913 0.6767739  1.50029138 1.47108272] 
124 [-0.2710218   0.28871626  0.86837982  0.76839573  0.1595206   0.50350544] [1.53794877 0.81381713 1.11536874 1.3351706  0.37391258 1.34481026] [-0.26650391  0.28855392  0.86036317  0.70765278  0.15382612  0.52725657] [1.52506792 0.79420379 1.125273   1.32935783 0.38028656 1.35738127] [-0.11164402  0.16978532  1.12437723  0.9721925  -0.11766284  0.60307248] [1.17907419 0.80778821 1.46320254 0.04262992 1.64669226 1.28125226] 
125 [ 0.32484215  1.03020468 -0.21708798  0.50004404  0.63626071 -0.09619188] [ 0.15488733  0.13998535 -0.10780175 -0.16855954  0.88514543  1.18224014] [ 0.30205274  0.9947107  -0.17749355  0.53405593  0.59425923 -0.10720228] [ 0.16925699  0.09915103 -0.1339998  -0.16344499  0.8713615   1.18684263] [ 0.35652614  0.92576884 -0.23355346  0.61759387  0.59761639 -0.09367193] [ 0.18014786  0.03816622 -0.14451326 -0.14248353  0.86893097  1.21177005] 
126 [0.93770096 0.00113207 0.10995272 0.86894782 0.71708971 0.21031151] [0.32379701 0.07840463 0.29989968 0.68793675 0.63152053 0.29722528] [9.38474084e-01 5.92165883e-04 1.07927387e-01 8.71014295e-01
 7.18169454e-01 2.09035396e-01] [0.32250065 0.07815423 0.30068763 0.68811986 0.63200258 0.29690245] [ 9.40061463e-01 -6.05465985e-04  1.05049076e-01  8.74079041e-01
  7.19742421e-01  2.07017422e-01] [0.32159626 0.07828922 0.30035725 0.68838039 0.6330782  0.29584763] 
127 [0.07484235 1.16461788 1.01925181 0.18142419 0.6354873  0.04870044] [-3.99048012e-04  2.37964804e-02  1.91495049e-01  3.71753520e-01
  1.18703085e+00  1.57028433e-01] [0.00644713 1.15227637 0.91376064 0.14338906 0.59934386 0.07477161] [0.06372724 0.03897535 0.19676314 0.27146965 1.20956243 0.23828252] [0.07867633 1.25206278 0.96056543 0.23743396 0.60664129 0.06927852] [0.03144835 0.04208757 0.20869797 0.37490786 1.1260705  0.2086644 ] 
128 [0.24400825 0.66315847 0.20843396 1.02832168 0.54979125 0.166562  ] [0.96665812 0.6427291  0.35744635 0.25911959 0.0850478  0.08748757] [0.28072046 0.67613243 0.20582409 1.17303102 0.56790975 0.15081524] [0.94450703 0.5368273  0.55425118 0.26380395 0.1387424  0.05640921] [0.29940003 0.68985137 0.21695676 1.16910362 0.57135412 0.12776934] [0.9311921  0.53676432 0.59033623 0.25687356 0.14501002 0.06683101] 
129 [0.26205031 0.95295357 0.86204973 1.55422174 0.71671236 0.7757335 ] [1.21230185 0.04112857 0.27957662 0.14473645 1.68302676 0.19715596] [ 0.26748912  0.33741445  0.30967755  0.56812616 -0.01939138  1.14284811] [ 1.09802215 -0.08135384  0.25733633  0.4984642   0.97480841  0.02154761] [ 0.25020128  0.21268458  0.43436937  0.5783029  -0.06015184  0.71668055] [ 1.12032537 -0.14048867  0.24686371  0.36824783  1.09856727 -0.06091244] 
130 [0.24004502 0.64831179 0.03278708 0.05192437 0.55859355 1.29891657] [ 1.06077632  0.26044273  1.15110331  0.27213152  0.13757258 -0.13503185] [ 0.23777377  0.5630894  -0.05248441  0.60637177  0.58654041  1.07322472] [ 1.08516131  0.51472459  1.33044518  0.17689705  0.08539881 -0.11433573] [ 0.22889494  0.64871656 -0.02455207  0.53073898  0.54268753  1.00821952] [ 1.04189308  0.41837019  1.19660683  0.1824344   0.11139805 -0.04603895] 
131 [0.05798301 1.29032946 0.90864917 1.06046811 0.13228978 0.54139794] [0.10753569 0.07223654 0.42458606 1.40332161 0.25207573 0.15138976] [0.24115896 1.2252244  1.07475129 0.98978083 0.16017489 0.58588665] [ 1.10439262 -0.21078223  0.06087511  1.29077673  0.3519068   0.10413254] [0.25933423 1.17694448 1.00227006 1.03228499 0.17353667 0.57723357] [ 1.06940204 -0.28503954 -0.0214391   1.20607445  0.31260617  0.10484014] 
132 [0.5327085  0.3502821  0.64300246 0.01578764 0.23975836 0.38247997] [ 0.07331025 -0.00730443  0.37158465  0.15935966  0.4013071   0.8428611 ] [0.53340052 0.35268252 0.64573662 0.01286563 0.2376191  0.3806119 ] [ 0.07623958 -0.01001898  0.37118805  0.15835613  0.39562255  0.84672811] [0.53426919 0.35596654 0.64966909 0.00881976 0.23386394 0.37852562] [ 0.07897094 -0.01366697  0.37025443  0.15683104  0.38739319  0.85276599] 
133 [0.38854499 0.70450281 0.97346219 0.16759982 0.04971037 0.72715647] [-0.02814119  0.85362231 -0.01151015  0.38081967  0.30313841  0.62299309] [0.38689566 0.70105217 0.97468189 0.16896507 0.04737742 0.73481055] [-0.03723769  0.85301327 -0.01746802  0.38232719  0.30387964  0.63584753] [0.38748521 0.69977704 0.97568602 0.1700168  0.0453425  0.74012443] [-0.04610478  0.85265548 -0.02430427  0.38022517  0.3015868   0.6448329 ] 
134 [0.98740301 1.32672816 0.11054339 0.02302557 0.43407046 0.52670733] [-0.00919575  0.49298191  0.988037    0.47175637  0.34229203  0.20373676] [0.7177103  1.36269007 0.68442004 0.77033814 0.94700728 0.6649409 ] [ 0.0124867   0.76912607 -0.03054681  1.15228397 -0.03102856  0.35404724] [ 1.40833875  1.65809293  0.73363413 -0.29743828  0.24910669  0.63752987] [-0.49016958  0.67380211  1.27234979  0.50253789  0.5501636   0.08692951] 
135 [0.15175992 0.26717456 0.2684963  0.98665922 0.30148949 0.53308684] [ 0.79085368  0.49621532  0.35983718  0.52497029  1.2277455  -0.22097478] [0.16200065 0.18205495 0.11900229 0.90115082 0.35355475 0.56173964] [ 0.81185061  0.53141745  0.29400115  0.51942295  1.24515291 -0.22816533] [0.10439145 0.22478225 0.33221874 0.81766933 0.30990265 0.54305743] [ 0.76055119  0.49421102  0.37572112  0.47628665  1.1925004  -0.20173581] 
136 [1.1458296  0.11903153 0.35141877 0.14490359 0.45287784 1.03148014] [0.54703764 0.05283182 0.21153045 0.89801046 0.58647679 0.61588525] [1.50449075 0.77700348 0.23519136 0.38847364 0.75531161 0.55351039] [0.09648187 0.44511842 0.38042239 0.24627877 0.20120579 0.1742324 ] [1.34947878 0.36412341 1.31112195 1.00739579 0.4160422  0.51071048] [-0.00842727 -0.3864676   0.0407062   0.68270643  0.37743178  0.19252447] 
137 [-0.11934507  0.40716337  0.43838886  1.10951359  1.03007346  0.32342031] [0.28804814 1.24221601 0.35652562 0.08986274 0.28275498 1.40745832] [0.22763395 0.51349198 0.22103523 0.31362731 1.01542413 0.40233286] [-0.54016268  1.32445161 -0.11657473  0.16263477  0.02137216  1.48076392] [0.26275657 0.47445096 0.15890204 0.42055946 1.08221465 0.97502636] [-0.53066144  1.40165455 -0.25843371  0.16716593  0.00424923  1.65294306] 
138 [1.06242432 0.63772478 0.33223444 0.29775161 0.41997728 0.46091371] [0.49110428 0.55645245 0.42853026 0.66581201 0.18182288 0.76536315] [1.06349574 0.63904517 0.33298858 0.29739394 0.42045207 0.45939414] [0.48975168 0.55799289 0.42801669 0.66690909 0.17851354 0.77117034] [1.05985513 0.6365632  0.33462034 0.28911776 0.42181916 0.45733548] [0.49109611 0.54970226 0.42384806 0.66499644 0.17287591 0.77617633] 
139 [1.08364219 0.96753264 0.73429617 0.20430544 0.00932001 0.68878733] [ 0.80847637  0.61677963 -0.13145097  0.1621107   0.45753192  0.46120396] [1.08477965 0.96741081 0.73410767 0.20458372 0.0087691  0.68869631] [ 0.80780343  0.61653043 -0.13452744  0.1619049   0.45715545  0.46216512] [1.08643131 0.96771874 0.73360892 0.2052737  0.00789528 0.68917067] [ 0.80752319  0.6173639  -0.13978254  0.1620163   0.45709463  0.46421897] 
140 [0.72044808 0.42356911 0.9321895  0.43468511 0.31835145 0.30178491] [-0.03858383  0.69269446  0.9276782   0.97656729  0.55960897  0.95127098] [0.71355706 0.423977   0.93284543 0.43620319 0.33231642 0.30176091] [-0.04387936  0.68768449  0.92928851  0.97406746  0.57675578  0.94547785] [0.70934294 0.42573539 0.9331479  0.43820775 0.33917887 0.30185258] [-0.04693013  0.68618596  0.92974188  0.97354703  0.58567281  0.94179541] 
141 [ 0.24185407  0.76964428  0.35844051  0.66374805  0.20886522 -0.19089797] [ 1.05152694  0.25319417 -0.16060237  1.03994203  0.04263719  0.66998004] [ 0.22522217  0.71603414  0.45305416  0.54006825  0.33583497 -0.30052538] [ 0.99938595  0.23775019 -0.1777959   1.10626278 -0.05062042  0.49682633] [ 0.98723382  1.1300282   0.65233768  1.12282337 -0.05705385 -1.08621621] [-0.00311054 -1.43070429 -0.18538978  1.81686556  0.06923905  1.67248827] 
142 [ 0.23571224  0.62636304  1.13738938  0.41762585  0.51405601 -0.02335682] [ 1.01409541  0.19155267  0.14544207 -0.09895962  0.83211265  0.91238579] [0.24520195 0.72787183 0.53439181 0.02298205 0.5186912  0.05894264] [ 1.07359351  0.21377906 -0.19845106  0.05261899  0.35939198  1.38159258] [ 0.25128545  0.71262906  0.56037397 -0.00555436  0.47013297  0.25145056] [ 1.06641784  0.21195339 -0.34955353  0.21895869  0.16151978  1.57680062] 
143 [0.24091334 0.63751173 0.9992099  0.5697803  0.72112476 0.3629739 ] [1.02490986 0.19819386 0.11984573 1.59333375 0.01659597 0.16452387] [0.24847269 0.63628022 0.98244325 0.55982184 0.71780132 0.34924514] [1.020794   0.21104899 0.11391241 1.61845158 0.00828476 0.15281178] [0.25990911 0.64301819 0.95350733 0.56974035 0.7207458  0.33436876] [1.00388657 0.21489236 0.10642181 1.64559562 0.00733891 0.13678445] 
144 [ 0.06772508  0.26119636  1.28892105 -0.01240186  1.64463568  0.7536128 ] [ 0.97701762  1.05168889  0.98760334  0.28126882  0.12591986 -0.18142028] [0.09471003 0.25651489 1.23416875 0.00695082 1.0953853  0.51727419] [1.1017712  1.10092172 1.09352986 0.28202867 0.07310264 0.18331536] [0.04993485 0.32466713 1.21478379 0.00802412 1.11495812 0.50847514] [1.07087514 1.06814568 1.07376183 0.3934242  0.07133622 0.19660405] 
145 [0.47187549 0.17959543 0.58663238 0.49357126 0.71338728 0.21687561] [0.40936134 0.15108446 0.93094592 0.93669459 0.12312348 0.57433613] [0.47594929 0.17211835 0.59121237 0.49358521 0.71341226 0.21753678] [0.41346623 0.14334013 0.9346444  0.9367619  0.12686707 0.57641912] [0.47999651 0.16940476 0.59866803 0.49297725 0.71189887 0.21664949] [0.41611801 0.13513715 0.93527911 0.93769772 0.130455   0.57803521] 
146 [ 0.25319937  0.19958125  0.51889037  0.34660312  0.01259081 -0.38576837] [ 1.10961964 -0.08735441  0.25271345  0.79541921  0.61407524  0.07136932] [ 0.25131881  0.17318525  0.51337462  0.4269217   0.00593065 -0.46538398] [ 1.0953871  -0.11016312  0.26000503  0.81387512  0.580782    0.08089357] [ 0.24805542  0.2354637   0.43457414  0.45506449  0.00929647 -0.491553  ] [ 1.07468127 -0.1052969   0.24976054  0.78920626  0.55372667  0.10867   ] 
147 [ 0.24970679  0.21325143  0.49335427 -0.07192642  0.43583496 -0.00760375] [ 1.10824485 -0.05710206  0.66662399 -0.40007117  0.9090592   0.53634776] [0.26439894 0.25991442 0.47652116 0.14875708 0.38004559 0.00104751] [ 1.13887394 -0.06026641  0.27094633 -0.00133612  0.96693616  0.53078341] [-0.12905384  0.13387507  0.70204389 -0.06670979  0.49726698  0.00482126] [ 1.37614598 -0.55653247  0.300412    0.87091551  1.25542057  0.36881418] 
148 [0.96586149 0.29548098 0.07503059 0.28222144 0.44055592 0.09764565] [0.88375814 0.52848011 0.91377995 0.3243225  1.00228381 0.70970984] [0.96578626 0.29520484 0.07506697 0.2818363  0.44025096 0.09779402] [0.88373818 0.52837678 0.9137585  0.32463184 1.00252258 0.71053091] [0.96420935 0.29485733 0.07504529 0.27918347 0.43883942 0.09921937] [0.88217235 0.52756806 0.91539873 0.32383774 1.00302111 0.7149606 ] 
149 [-0.20498235 -0.4874953  -0.55128864 -0.00713275  1.34088078  1.0887201 ] [0.5427472  0.24682581 0.66554971 1.0990001  1.50680171 0.08239304] [-0.15932506 -0.24724591 -0.43902515  0.61994092  1.14187852  1.37864981] [0.95168571 0.69167022 0.30358088 1.25361463 1.49461173 0.07761746] [ 0.12633814 -0.17241356 -0.36931035  0.27541607  1.01539829  0.56658389] [ 0.25034612 -0.10327655 -0.34499938 -0.13171578  1.65807364 -0.53544083] 
150 [1.13888736 0.83105469 0.41669569 0.43215165 0.72536477 0.38271405] [0.66447306 0.75355938 0.21958852 1.00979512 0.97001117 0.91618786] [1.13916012 0.83017087 0.41875723 0.43001688 0.72530648 0.38317998] [0.6638785  0.75456429 0.22035759 1.0094168  0.97490521 0.91458593] [1.13936727 0.82935714 0.42112166 0.42744634 0.72478066 0.38364124] [0.66317439 0.75613416 0.22129891 1.00867148 0.98053136 0.91244353] 
151 [0.25432945 1.14920643 0.64160917 0.25206556 0.8599354  0.06061554] [ 1.10293725  1.36452137 -0.05491745  0.03324115  0.47921374 -0.30259575] [0.24976865 1.14755255 0.6278436  0.26515363 0.85309628 0.05078517] [ 1.1017432   1.37003286 -0.04568753  0.05087543  0.48355271 -0.31072253] [0.26840877 1.16274535 0.56830501 0.3408206  0.83082508 0.06544781] [ 1.13421245  1.38680376 -0.08097389 -0.0019731   0.45027612 -0.24321627] 
152 [0.66528253 0.66267226 0.77932525 0.53500792 0.88688718 0.20413859] [0.75855815 0.96952816 0.41811657 0.73121549 0.40124383 0.92619715] [0.66233968 0.6616707  0.77292298 0.53324321 0.88765188 0.20267926] [0.75585528 0.96726674 0.41742942 0.73628359 0.40474404 0.92956088] [ 0.31293676  0.71720765  0.73445478  0.28649515  0.76620563 -0.07204138] [0.79006282 1.0439281  0.49251792 0.89795967 0.31881348 0.91500181] 
153 [ 0.21642898  0.58846232 -0.05727747  0.81040087 -0.14450421  0.49214257] [ 1.03113998  0.78304412  1.12393306 -0.12928167  0.28539829  0.13102987] [ 0.23191324  0.64109725 -0.08323505  0.76129288 -0.07965848  0.54078463] [ 0.99550997  0.50937558  1.23479243 -0.17610245  0.35913062  0.14096345] [ 0.23868214  0.67311505 -0.0753206   0.75763363 -0.09121012  0.51324178] [ 1.00158454  0.42600847  1.27714725 -0.1761454   0.36378108  0.14094471] 
154 [0.24258422 0.05403176 0.70952861 0.34058262 0.66283816 0.9145304 ] [ 1.08305079 -0.08323132  0.21529789  1.37578708 -0.06894066  0.02315746] [ 0.34955691 -0.03427415  0.86317881  0.39887426  0.50466017  0.82882377] [ 0.71280026  0.29083913  0.18086621  1.46229638 -0.04068618  0.03178592] [-0.25834822  0.50870423  0.55231853 -0.04341847  0.55479268  1.16055871] [ 2.05363418  0.1397571  -0.19786377  1.67615989 -0.14359639  0.09419033] 
155 [0.78491724 0.59527401 0.80554972 0.47396073 0.86994936 0.56075516] [0.97964402 0.55589075 0.59153574 0.77376787 1.02945529 0.1298195 ] [0.78113675 0.59026382 0.80304219 0.47252143 0.88233715 0.57223771] [0.98428265 0.55824713 0.59015661 0.78236736 1.04733007 0.12810114] [0.77724616 0.5850414  0.8009642  0.47065459 0.89389334 0.58218664] [0.9883155  0.56001346 0.58983101 0.79039725 1.06264323 0.12564119] 
156 [ 0.22607938  0.70154781  0.44791186  0.66362592  0.39377595 -0.3347557 ] [ 1.01064915  0.21889134 -0.14155058  0.38245644  0.05465118  1.19296137] [ 0.24541499  0.24464768  0.41791504  0.25903442  0.23421457 -0.5598984 ] [ 1.07164809 -0.10542221  0.2583067   0.11549515 -0.19131718  1.38074933] [-0.0367688   0.24158083  0.26877632  0.56654718  0.47019477  0.00851222] [ 1.64027281  1.16863896 -0.14939842  0.21789559  0.82342382  0.62013907] 
157 [ 0.25890827  0.29800815  0.36199741  0.89976319  0.14136279 -0.15232173] [ 1.06924916 -0.12714029  0.22099132  0.95572495 -0.30430504  0.81095655] [ 0.25748636  0.25340804  0.37604524  0.88505698  0.12884965 -0.23466378] [ 1.10464433 -0.12584263  0.24713627  0.84199774 -0.19355851  1.06547434] [ 0.57163311  0.49248119  0.64602935  1.44097123 -0.08650812 -0.29232976] [ 0.11000429  0.0086574   0.43402468  0.27443754 -0.04936534  1.35394633] 
158 [ 1.29323021  0.23522889  0.41357458  0.82520038  0.17938865 -0.06698358] [-0.03741143  1.49071109  0.6249021   0.49743029  0.59833743  0.49567594] [ 0.98028459  0.58186794  0.68497125  0.78431244  0.35877332 -0.04134663] [-0.04794655  1.62621598  1.10566981  0.31658281  0.71180396  0.65653917] [ 0.91542202  0.60933605  0.69804519  0.78180436  0.34554336 -0.04664591] [-0.02510822  1.59059219  1.13165423  0.3103358   0.7560694   0.57356645] 
159 [0.23890823 0.27490401 0.72759272 0.48333159 0.48389731 0.43689609] [0.04194531 0.50789635 0.94638816 0.92391975 0.04056504 0.64497137] [0.23810034 0.27455507 0.72812795 0.48290764 0.48423134 0.43694028] [0.04178008 0.5078908  0.94799349 0.92390187 0.04185953 0.64882817] [0.23702767 0.27365656 0.72942313 0.48211912 0.48500828 0.43679304] [0.03991933 0.50906337 0.95071397 0.92381837 0.04344593 0.65512837] 
160 [0.91249965 0.02468049 0.93848398 0.67820094 0.14324001 0.49335046] [0.41196929 0.37168727 0.6831245  0.75428495 0.3345181  0.18189062] [0.9148088  0.02081518 0.94057176 0.6783284  0.1468414  0.49031938] [0.4112401  0.37060508 0.68276902 0.75371174 0.33720497 0.18423386] [0.91641242 0.01816313 0.94191559 0.67861392 0.14948333 0.48816888] [0.41063914 0.36983192 0.68234358 0.75329843 0.33905777 0.18533723] 
161 [1.08013808 0.969639   0.22415756 0.44185351 0.41884156 0.33472062] [ 0.00842842  0.8874037  -0.20663208  0.10923813  0.719141    1.25665751] [0.99510518 0.98359123 0.47390091 0.5256601  0.33677564 0.52897735] [ 0.01750409  0.82311054  0.02070235 -0.56781854  0.37314611  1.36913685] [1.10517517 0.86215574 0.28142356 0.26015607 0.70383239 0.35431864] [-0.03693915  0.91926665  0.55003987 -0.30229506  0.27723007  1.41546672] 
162 [ 0.07266443 -0.14751652  1.20678214  0.97655666  0.68275836  0.64813251] [-0.32711482  0.62395091  0.06361496  0.51384973  1.35723794 -0.17416721] [ 0.13796624 -0.24555631  1.23115597  0.9374683   0.69156108  0.66822431] [-0.18747266  0.56149842  0.07126021  0.50586906  1.37209434 -0.17496561] [ 0.35260911 -0.00671413  0.84116549  0.54787172  0.95191112  0.37144388] [ 0.4943194   0.4933925  -0.10204425  0.13744542  1.80906807  0.07338398] 
163 [0.1288386  0.17828468 0.39385142 1.49606474 0.62499254 1.02453001] [ 0.99619646  0.69440224  1.44889274  0.33784655  0.02683402 -0.26581549] [ 0.21017983  0.53783946 -0.07025022  0.81401239  0.63483737  1.08510871] [ 1.02605417  1.12032396  0.43918369  0.21844208  0.07191059 -0.16649011] [ 0.21921659  0.45451307 -0.04375298  0.8382882   0.61184512  1.09674779] [ 1.05671459  1.39681263  0.43947114  0.20354291  0.06147819 -0.20151032] 
164 [ 0.26210856  0.72137802 -0.21976262  0.1729685   0.6400449   0.77282024] [0.04580369 0.69916046 0.04930455 0.6506374  1.46503321 1.08581022] [ 0.11755269  0.75090436 -0.17421013  0.30994484  0.69856895  0.7668694 ] [0.24317933 0.82945056 0.05663904 0.67126505 1.52781038 1.07947986] [2.87451685e-01 7.05125759e-01 3.87099696e-04 3.06867940e-01
 3.69389180e-01 7.16791108e-01] [0.0948076  1.06222566 0.70167748 0.11644285 1.49223697 1.03059328] 
165 [0.97790638 0.47896592 0.30074245 0.65012802 0.63232695 0.41936705] [0.69468056 0.0696004  1.10686934 0.67904731 0.55122929 0.65265821] [0.98285607 0.48175274 0.3046048  0.647526   0.63779115 0.4185766 ] [0.70645653 0.06143288 1.10447316 0.68339536 0.5485865  0.64492202] [0.9860151  0.48734022 0.31203323 0.64546947 0.64419798 0.41612961] [0.72508263 0.05668189 1.09877585 0.68616879 0.54133194 0.63904831] 
166 [ 0.2250463   0.25156723 -0.1851147   0.62044729  0.39501163  0.66289014] [ 1.28778843  0.3351393  -0.33550851  0.2393638   1.39043499 -0.10592382] [0.18105049 0.29707857 0.30805125 1.02649152 0.37648167 0.56033663] [ 0.75691369  0.50053346  0.30203622  0.51833547  1.24226116 -0.22606388] [-0.12632917 -0.27261188  0.11563814  0.74102895  0.37185344  0.61523493] [ 0.54581226  0.83246599  0.78890204  0.29449082  1.32831996 -0.11062406] 
167 [1.07099226 0.77276846 0.72358005 1.26810708 0.2049183  0.58035475] [-0.01736116 -0.09153205  0.11292891  0.63121699  0.52222517  0.2055032 ] [2.01089667 0.6262139  0.75279004 1.04680247 0.73299484 0.68733853] [-0.75828848  0.46544248  0.02549605  1.34139808  1.48885622 -0.1731977 ] [1.55162697 1.06843112 0.62359485 1.0784478  0.17375022 0.52820309] [-0.19173323  0.06339091  0.0749799   1.03280181  0.29139504  0.1877868 ] 
168 [ 1.07661316  0.96213219  0.31751645  0.33423375  0.59294111 -0.00769383] [-0.00978047 -0.43923802  0.67767228  0.33222474  0.53362458  0.84892393] [0.80262204 0.6928765  0.85466161 0.12443521 0.44593373 0.54517064] [1.15622471e-03 3.57535099e-02 3.80624868e-01 1.70769957e+00
 2.96688153e-01 2.07595288e-01] [-0.18690142  0.90364538  1.21053471 -1.31236825  0.40059389 -0.01350697] [0.37444117 0.01016328 0.48112536 0.25700088 0.81491029 0.66967441] 
169 [ 0.16223958  0.29590321  0.34038679  0.70727033  0.26924051 -0.35233173] [ 0.23012336  1.53531831 -0.09543691 -0.06632254  0.6337478   0.26720003] [ 0.2728476   0.24768665  0.5746364   0.83282505  0.22738469 -0.50595937] [ 0.22516222  1.66671429  0.01668229 -0.35059942  0.99496429  0.15089372] [ 0.2854036   0.28340593  0.59998093  0.79224035  0.20449122 -0.49688187] [ 0.16848029  1.60533583  0.05587329 -0.34206496  1.03655502  0.1558233 ] 
170 [ 0.23327229  0.66156864  0.61953013 -0.01000986  0.88453945  0.31273125] [ 1.07084415  0.23845013  0.8806953   0.57473934 -0.04104541  0.11181977] [ 0.23359739  0.66736709  0.60579562 -0.01072433  0.88303781  0.31009853] [ 1.07020029  0.23845104  0.88172375  0.57067122 -0.04564249  0.10775506] [ 0.2335746   0.6761351   0.58858089 -0.01124649  0.87897322  0.30647442] [ 1.06862462  0.2370168   0.87727271  0.56160218 -0.05167089  0.10403388] 
171 [ 0.20111386  0.43517964  0.65036891  0.46153538 -0.02567421  0.2834768 ] [-0.61032978 -0.30356011  1.35417665  0.66790027  1.01191706  0.05100301] [0.16909433 0.40039359 0.59321466 0.48130653 0.00871813 0.49005203] [-0.57099105 -0.30428542  1.37021975  0.96203071  0.87929461  0.08657543] [ 0.19989658  0.38224473  0.62022633  0.51599132 -0.00713602  0.4939942 ] [-0.66291709 -0.30394225  1.35036088  0.93371392  0.68425567  0.13689477] 
172 [0.18253017 0.2974139  0.39575824 0.63635699 0.58787158 1.05852802] [ 0.72390033  0.56138933  0.27392376  1.06521529 -0.13038128  0.32056612] [ 0.18734023  0.32612109  0.44532534 -0.03246241  0.516897    0.50998655] [-0.61361    -0.39646204  1.30199249  1.67109784 -0.29556758 -0.17264941] [-0.19383337  0.21465822  0.24813472  1.12980494  0.5802086   1.07022872] [ 1.60072324  0.91446498  0.17948942  0.98570427 -0.15362182  0.31726976] 
173 [ 0.95506654 -0.0571179   0.05348708  0.73077824  0.63362294  1.04647844] [0.40925384 0.61120107 0.58777968 0.01725902 0.62891703 0.31086745] [ 0.97482899 -0.05952852  0.07096081  0.78508372  0.59222907  0.97858169] [0.41330232 0.6313613  0.62514489 0.03666029 0.69029415 0.3055226 ] [ 0.98120554 -0.06078973  0.07993482  0.88681923  0.49033904  0.89245829] [0.46783638 0.59930226 0.66032461 0.07496651 0.74609365 0.29790782] 
174 [ 0.23690362  0.68081677  0.28376719  0.10569323 -0.01480691 -0.46372442] [1.07372045 0.22899209 0.2836689  0.63222176 0.64754389 0.10588932] [ 0.23546097  0.61217718  0.15082898  0.27890494 -0.01058753 -0.54161946] [1.04883891 0.18910746 0.13579843 0.6308344  0.69991619 0.16029251] [ 0.23079986  0.60288389  0.10555028  0.31091205  0.00721568 -0.52816165] [1.0332591  0.15473787 0.08658085 0.63962837 0.67209338 0.21802549] 
175 [ 1.2180358  -0.0077668   1.18614149  1.20923404 -0.31082489  0.65959833] [1.23485111 0.09333501 0.17918291 0.27722808 1.47402271 0.4938673 ] [ 1.19397055 -0.05489015  1.09994626  1.21003899 -0.37674265  0.64343725] [1.47939372 0.33272069 0.1992372  0.13534633 1.44917983 0.64396702] [ 1.10871565  0.33335499  0.72264497  1.40234392 -0.40335348  0.67136173] [1.72192945 0.17134073 0.30206804 0.26102675 1.6826153  0.50984771] 
176 [1.02096911 0.77378221 1.15686286 0.19475176 0.89779884 0.47035544] [0.0108719  0.57489383 1.30024492 0.03873388 0.2709327  0.10019602] [1.02240277 0.77407019 1.1545799  0.20028999 0.90432231 0.46879968] [0.00873339 0.57537136 1.30712896 0.02958325 0.27524445 0.09669523] [1.02390002 0.77368129 1.15355298 0.20393169 0.90757367 0.46771017] [0.00752384 0.57681888 1.30996381 0.02488932 0.27735974 0.09594479] 
177 [0.95527192 0.11264516 0.61710166 1.02197696 0.71339559 0.71931996] [0.12840329 0.60844059 0.74940989 0.49359957 0.6633948  0.05443359] [0.95392471 0.11177915 0.61889019 1.0276669  0.71001316 0.70853523] [0.13171011 0.60177187 0.75736135 0.50074424 0.66871889 0.0385215 ] [0.95343344 0.11198185 0.61951237 1.0302687  0.70673213 0.70307326] [0.1334513  0.59787336 0.75976901 0.5024588  0.67051287 0.03098447] 
178 [0.24184148 0.67825365 0.46699241 0.87107681 1.84809986 1.02074725] [ 0.97600201  0.17932082 -0.12686535 -0.03270383 -0.15660037  1.4906163 ] [-0.14522386  0.12267948  0.21754234  0.71509143  0.93747051  0.91008994] [ 0.14642087  1.315226   -0.43715759 -0.15623922 -0.08516436  0.21906336] [-0.22760076 -0.75844516 -0.1418316   0.38923199  0.4816394   0.53604551] [ 0.47458673  3.53013654  2.39454785 -0.56984724 -0.46924002 -0.20833229] 
179 [ 0.25949854  0.27985936  0.52876745  0.31206604 -0.01483317  0.29920662] [ 1.10981665 -0.04874211  0.28664527  0.69375364  0.72008032  0.02609889] [ 0.25792947  0.25888767  0.45786249  0.42987677 -0.00287827  0.3567291 ] [ 1.09835633 -0.07851989  0.22107655  0.75541864  0.65264649 -0.01962078] [ 0.23962712  0.25314511  0.47139242  0.10471511 -0.08541064  0.45492994] [ 1.06741236 -0.10384095  0.45094824  0.72783702  0.33691424  0.19918511] 
180 [ 0.11436805  0.15706026 -0.07069144  0.28178767  0.51950363  0.57531012] [ 0.89492488  0.02306616  1.2091527  -0.44464913 -0.26949081 -0.18549733] [-0.08407566  0.17088479  0.57780957  0.27924916  0.30973499  0.55214595] [1.02561767 0.91502499 1.85459477 0.00461508 0.22172152 0.11129817] [ 0.06159387  0.130292   -0.04015002  0.25624869  0.48960047  0.52098237] [ 2.28657795  1.2050814   1.01311914 -0.46084949 -0.33052908 -0.1870285 ] 
181 [0.35296524 0.86779032 0.58090795 0.41631087 0.72031904 0.74444021] [0.53405981 1.11392968 0.8262946  0.34961123 0.65357893 0.43834371] [0.35610875 0.86711996 0.58449296 0.41625636 0.7211503  0.74599798] [0.5358482  1.11721751 0.81499787 0.3568122  0.65203483 0.43391126] [0.35805535 0.86604051 0.58736112 0.41577144 0.7219006  0.74686412] [0.53734614 1.11967778 0.80699609 0.36206053 0.65132618 0.43144634] 
182 [ 0.33633615 -0.05220132  0.67055037 -0.04757414 -0.08988933  0.60510034] [0.52078969 0.50538996 0.26873518 0.36021574 1.11396891 0.18343316] [ 2.88048063e-01 -1.03343561e-01  7.02654263e-01 -3.30525148e-04
 -6.68013369e-02  6.15681156e-01] [0.57578395 0.48618351 0.11276714 0.32386824 1.20288527 0.14787264] [ 0.17033132  0.3710578   0.90617274 -0.07232558 -0.37676818  0.77694455] [ 0.80739865  0.75418146 -0.14365688  0.63554328  1.30662585  0.2283285 ] 
183 [ 1.46167565 -0.00175744  0.62598626  0.78232493  0.31950778  1.03655769] [ 1.49212064  0.26521378  0.86375954  0.44347128 -0.27712212  1.41058674] [1.45181821 0.03044283 0.64557369 0.791232   0.31077471 1.0398049 ] [ 1.34965797  0.08327417  0.90391647  0.44865783 -0.27820242  1.43877845] [1.45465421 0.02709351 0.66189815 0.79041275 0.30407708 1.06802801] [ 1.38353032  0.08025045  0.93722322  0.46303092 -0.28973307  1.42343591] 
184 [0.58550303 0.44376971 0.64462885 0.76560305 0.44408817 0.25005091] [0.67086765 1.10621621 0.6564418  0.90508978 0.63706272 0.51402659] [0.60464353 0.45962686 0.64320483 0.75754949 0.43104642 0.24934317] [0.66677535 1.1043954  0.65692445 0.90093091 0.62495856 0.51250124] [0.6118359  0.46791171 0.63437082 0.75832573 0.42436291 0.24908146] [0.66062549 1.10255692 0.65235683 0.90178007 0.62038936 0.51291083] 
185 [0.23789085 1.42469511 0.64756818 0.46166756 0.42385401 0.4999287 ] [-0.38648203  0.04842054  0.29052143  0.3317232   0.27190931  0.09272347] [0.23398184 1.67440986 0.43699528 0.47469378 0.46914342 0.60471338] [-0.3259467   0.12135927  0.32864904  0.4569078   0.26520668  0.14488751] [0.22624037 1.61250621 0.5665962  0.51923193 0.42390237 0.52900547] [-0.41498198  0.11234641  0.22545498  0.17642194  0.36828699  0.0996484 ] 
186 [ 0.19669418 -0.08934612  0.795243    1.14170015  0.43343549  0.12658253] [-1.12749195  0.5658228   1.34698534 -0.11809428  0.49866982  1.23804805] [ 0.01479844 -0.20499531  0.13825958  1.14310785  0.23840144  0.43319491] [ 1.41327795  1.06360278  0.98923449 -0.2428773   0.24110112  1.43897848] [ 0.01689146 -0.1999127   0.15162537  1.13352949  0.21597289  0.51275483] [ 1.4235159   1.09765602  0.96594301 -0.28993973  0.2588192   1.46913186] 
187 [ 0.7959058   0.51960178  0.84583679 -0.07348621  0.53676277  0.74789253] [1.00717485 0.37456818 0.84986265 0.20985928 0.37481206 0.80108419] [ 0.80547     0.51752732  0.84930429 -0.08021608  0.5349304   0.74389407] [1.00906523 0.37461903 0.84853899 0.21114885 0.36710708 0.79629691] [ 0.80974385  0.51682448  0.85051178 -0.08315316  0.53413208  0.7420505 ] [1.01079058 0.37478103 0.8478672  0.21151849 0.36438716 0.79553138] 
188 [1.3177803  0.71176005 0.40588291 0.62203249 0.12907402 0.23973379] [ 0.03862009  1.33656959 -0.32830386  0.05946045  0.25733339  1.34038175] [ 1.30318951  0.62681116 -1.19469664 -0.41924401  0.25802116  0.57226193] [-0.02505308  0.84972365  0.27924646 -0.51992919  0.22415151  1.36681893] [ 1.36606696  0.70441393 -0.48402952  0.16849799  0.56419752  0.43247491] [-0.00285909  0.72653465  0.62800949 -0.4229627   0.2718846   1.34564812] 
189 [0.08101195 0.06615893 0.25939656 0.12295295 0.39733856 0.50400561] [-1.68973691  1.28723554  1.0874278   1.43606129 -0.31692625 -0.19084366] [-0.27479333  0.66287397  0.47244631  0.56717778  0.77743826  0.57226935] [ 0.42372185  1.29628499  0.16485649  1.48215415 -0.02245487 -0.007335  ] [-0.10666667  0.18775032  0.6955297   0.44622673  0.61790829  0.56602991] [ 1.2144139   1.05100473  0.26464817  1.40369973 -0.1265277  -0.03715751] 
190 [0.86545608 0.22505611 0.75343824 0.84701375 0.42925169 1.01950878] [ 0.65998236  0.41147882  0.60157022 -0.28487746  0.97944171  0.72165151] [0.86336704 0.22785988 0.75049384 0.83877631 0.43366682 1.02147613] [ 0.66761958  0.40327248  0.60066707 -0.28445649  0.98010243  0.72754457] [0.86075025 0.23164621 0.74646922 0.8276709  0.44004638 1.02377306] [ 0.67987963  0.39152211  0.59885613 -0.28191956  0.98005778  0.73607249] 
191 [ 0.22898897  0.68465877  1.12154278 -0.26155418  0.36199661  0.74372795] [ 1.03746381  0.1461636   0.39966702 -0.05720779  1.35462868 -0.1481323 ] [0.01060508 0.80073732 1.11708267 0.39464338 0.25721138 0.50387545] [ 1.14233466  0.0497242   0.92865246  0.54502333  1.13633348 -0.21211774] [-0.03773485  0.86442307  1.10204365  0.117099    0.49637987  0.57783384] [ 1.02107377  0.01598268  0.52037624  0.54339557  1.26087944 -0.1402146 ] 
192 [-0.21326306  0.41408672  0.83551776  1.08726243  0.26567786  0.42114447] [ 0.17196249  0.30458411 -0.02228126  0.46458282  0.28528959  1.31273278] [0.53488806 0.570029   0.68387833 0.53194832 0.07365192 0.68374866] [0.09486441 0.05664321 0.26689237 0.19085595 0.04840144 1.39512931] [0.55422672 0.57365418 0.68085536 0.5138171  0.09568321 0.67042719] [0.09220043 0.05352975 0.28135905 0.20035459 0.02839213 1.40204613] 
193 [0.25468966 0.50321823 0.65189152 0.99993344 0.60856473 0.6448659 ] [1.12888532 0.01519501 1.4738198  0.09877123 0.23164843 0.08912547] [0.25169677 0.50740321 0.65459146 1.00260605 0.60396948 0.64392892] [1.13213376 0.01572861 1.47407837 0.09670318 0.2285378  0.09058797] [0.23814925 0.6605497  0.57425162 1.00654043 0.47526547 0.5849514 ] [1.08720656 0.17337606 1.44006477 0.03999742 0.09333235 0.02024886] 
194 [0.77688724 0.62177937 0.6763282  0.48171168 0.0454422  0.65592201] [-0.07397536  0.47509303  0.67338577  0.01375325  1.06056901  0.81445876] [0.81103736 0.5947996  0.68214473 0.50804755 0.02600301 0.65656421] [-0.0807691   0.47741884  0.68331652 -0.07545796  1.1585763   0.80723137] [0.82572374 0.59145088 0.68549631 0.52767733 0.0052315  0.654292  ] [-0.07862294  0.46959401  0.69343212 -0.14229604  1.22858059  0.79846036] 
195 [ 0.30457852  0.82047672 -0.04478871  0.07774992  1.24698339  0.605753  ] [0.15798976 0.57080871 0.44695521 0.44786628 0.63382234 0.2232578 ] [ 0.29835826  0.784029   -0.07390027  0.06459657  1.25503733  0.64704771] [0.16254928 0.69121234 0.51547481 0.49034064 0.66785843 0.21690287] [ 0.29432392  0.75360489 -0.08024926  0.09909557  1.23907978  0.68130343] [0.144872   0.61686646 0.30952798 0.44716872 0.65903017 0.24347045] 
196 [0.24741228 0.60014565 0.39451169 0.15755012 0.56749549 0.76180653] [-0.03156285  0.51738708 -0.01541743  0.69360975  0.35838954  0.54103396] [0.24717804 0.60016649 0.39439799 0.15753549 0.5667098  0.76290416] [-0.03177553  0.51838029 -0.01425163  0.69282909  0.3581454   0.54168751] [0.24617809 0.60017158 0.39313082 0.15619469 0.56484187 0.76570855] [-0.03244608  0.51991286 -0.01153145  0.69186306  0.35703518  0.54269391] 
197 [1.13653902 0.98581833 0.92252671 1.51883003 0.82133563 0.54113954] [-0.02260395 -0.54486237  0.38831505 -0.13373754  0.38765778  0.21922169] [0.1740108  0.36874227 0.61310172 1.0843328  0.8417658  0.83805766] [-0.53749691 -0.27582722  1.37660789 -0.06037973 -0.06577251  1.46957986] [ 0.70550058  0.77387132  0.36123575  0.68343428  0.51987726 -0.13453866] [ 0.06642168 -0.02593063  0.44977118  0.14469291  0.20598595  1.21628405] 
198 [0.24881565 0.67150061 1.26025328 0.45029643 0.60234849 0.45338515] [ 1.11019121  0.09626407 -0.0589139   0.19567866 -0.13603999 -1.46981186] [0.27737961 0.80574232 1.25688875 0.45257918 0.40008401 0.52386665] [ 0.94796982  0.57581578  0.0351666   0.21673583 -0.23521462 -0.28398062] [0.23241682 0.65664261 1.13258418 0.34721122 0.70852294 0.25080377] [ 1.05071058  0.40556759  0.0601354  -0.04188802 -1.26583631 -0.23254479] 
199 [0.34718285 0.77027205 0.08543446 0.51318393 0.60241259 0.50878664] [0.39619134 0.9413914  0.65124768 0.29169568 1.18008267 0.80915716] [0.34511044 0.81101771 0.09554466 0.57897553 0.48609286 0.51597079] [0.41793301 0.94911252 0.69617931 0.28894089 1.20517753 0.87726319] [0.33920499 0.82940907 0.09771772 0.61330507 0.42398232 0.51633481] [0.43122023 0.94223061 0.71162645 0.28799221 1.20261023 0.90986048] 
