0 [-0.21164508  0.66918352  0.33278361  1.32147457] [ 0.38260889  1.3565568   0.09072287 -1.58786743] [ 0.23667079  0.1365966   0.44889859 -0.00145136] [ 1.23336041 -0.15146496  0.22357708 -1.6917837 ] [ 0.30336796 -0.08916618  1.30844867  1.01266461] [ 0.3205351   0.8994016   0.0242022  -1.42254587] [ 0.27484085 -0.10638686  0.58852104  1.3371155 ] [ 0.5477662   0.52952917  0.08518588 -1.42592367] [-0.16651107 -0.53866321  0.08582599  0.3496167 ] [ 0.52770539 -0.87551101 -0.48088281 -1.50839017] 
1 [ 1.12920194  0.74912036 -0.74680904  0.92359923] [0.78998687 1.52793557 0.73521748 0.61468855] [ 1.65957519  0.42284742 -1.41387203  1.06681182] [ 1.529756    2.31012506 -0.00865589  0.28992325] [ 2.23365164 -0.1038452  -0.60892368  1.65473557] [-0.45962702  2.55847    -0.23326518  0.18888593] [ 1.71015556  0.66913258 -0.19488935  2.35482285] [0.11556721 1.29623607 0.62446505 1.30979947] [1.82672099 2.06003417 0.50520907 2.70587187] [ 1.67180716  1.74960603 -0.36287683  0.20944169] 
2 [ 0.19500908  0.06820869 -0.04029554 -0.07160999] [1.46481687 0.3778007  0.40603283 0.41853151] [ 0.21648675  1.18034299  0.00959405 -0.01929551] [ 1.11163907  0.76677137 -0.14251852  0.98114544] [ 0.21138615  0.50222473 -0.0592504  -0.06348552] [ 1.12746294 -0.04314173  0.4678549   1.22416917] [ 0.21730217  1.66701899 -0.11789496  0.19536617] [1.02260464 0.25404804 1.31233763 0.16203744] [ 0.20255331  1.72452384 -0.1712569   0.2208923 ] [1.01235285 0.21727823 1.37050389 0.16325176] 
3 [ 0.20476789  0.41689757 -0.04611912  1.16508643] [1.17932844 0.16241998 1.43711065 0.1796023 ] [ 0.1900855   0.53872102 -0.1468537   2.2309916 ] [ 1.09210821 -0.62346356  1.69346023 -0.63911862] [ 0.24607589  0.60483648 -0.66345949  1.518375  ] [ 0.98603472  0.08828299  1.78336514 -0.17580093] [0.21305565 0.58436614 0.18514716 2.62058707] [1.10681412 0.16793605 1.51831644 0.02911591] [ 0.65386894  1.58035119 -0.14451132  3.02254311] [1.5577726  1.64416194 2.29624721 0.01373919] 
4 [ 0.26989017 -0.07066329  0.07746572 -0.07795679] [0.61942785 0.64917911 0.7707547  0.65896479] [ 0.29276284 -0.09834328 -0.27842387  0.06584637] [0.66817969 0.59739483 0.53643186 0.88977448] [ 0.18096713  0.43496654 -2.20834352 -0.20795635] [ 1.10826866 -0.34862159  0.88923934  0.32465785] [ 0.70533777 -1.12916551 -1.57622018 -0.23500634] [ 1.5570942  -0.07243524  0.52303362  0.5578501 ] [ 0.17176023  0.53640412 -0.08490388 -0.3794476 ] [-0.53589884  0.83085565  0.51155161  1.5037869 ] 
5 [ 0.21955075  0.4532588  -0.08379874  0.01366158] [1.11846003 0.32587854 0.91830766 0.38517357] [2.11874772e-01 1.39440618e+00 1.06268494e-03 6.78247820e-01] [ 1.1120168   0.65279137  0.92859494 -0.02219092] [ 0.20523424  0.38536224 -0.01339066  1.15423739] [1.17038816 0.49547481 1.10465027 0.19488572] [0.18431344 2.12576402 0.07727132 2.5915487 ] [ 1.09289574 -0.13383605  1.7470485  -0.21573182] [ 0.19497882  0.227665   -0.04201805  3.41945262] [ 1.24315276  0.3709427   1.15552625 -0.21361717] 
6 [0.63212705 0.11304262 0.40557104 0.95112078] [-1.54547504 -0.00174282  1.56834405  0.77967854] [ 1.77411723 -0.10637057  0.60166829  1.38334252] [-0.35326406  0.26506566  0.50259742  1.65094291] [1.01245691 0.16380785 0.73069766 1.9712639 ] [ 0.03003247 -0.05511008  1.23976326  1.89825684] [1.04759293 0.387597   0.46164744 2.00276693] [-0.00712668 -0.04908171  1.31191942  1.94442124] [0.8274883  0.5829973  0.4882472  2.00498271] [ 0.03082345 -0.04886364  1.31542348  1.94714689] 
7 [0.26794012 0.49139679 0.88772733 0.45960904] [ 1.69481528  1.59386122 -0.06779391  0.82138997] [0.51101683 0.05024094 0.85406486 0.68023561] [ 1.43843305  0.1158399  -0.00220411  0.79452859] [1.64714868 0.31095363 1.72693528 0.52819582] [1.54783239 0.72944778 0.27490524 1.85760342] [ 1.99852577 -0.75946491  1.38760748  1.21143465] [ 1.83722777  0.10255754 -0.06249946  0.38501749] [ 1.08303575 -0.695925   -0.2418362   1.63719635] [ 1.56725942 -0.02576746 -0.40975965  0.98371489] 
8 [1.08043689 0.41890595 0.7409744  0.54649821] [-0.01057732  0.02836149  0.44546548  1.44625062] [ 0.95075915  0.59127637  0.69240597 -0.42392837] [9.64090499e-04 2.62567682e-02 3.33598719e-01 1.75747454e+00] [0.93203461 0.99214645 0.31414576 0.19547209] [-0.00541936 -0.26140479  0.45721217  1.83406177] [ 1.2662615  -0.01898738  0.53676643 -1.40428624] [ 0.02400189 -0.02946232  0.30638647  1.75955252] [1.60203519 0.26338783 0.44041231 1.39099634] [ 0.06339176 -0.16518303  0.52217971  1.65712814] 
9 [1.55986933 0.29796197 0.43984318 0.57777392] [ 0.06020969 -0.13838115  0.50310705  1.47773177] [1.93115943 0.28547162 0.21117739 0.43554015] [-0.2317932   0.44896005  0.2462815   1.48902427] [ 1.5366268   0.32024684  0.42756181 -0.02821606] [ 0.05859495 -0.16318878  0.71199709  1.37131216] [1.62323689 0.38963059 0.74382629 0.21542257] [ 0.04061137  0.97214301 -0.62880363  1.92231959] [1.698535   0.31958544 0.74633772 0.20533551] [ 0.03431224  0.94916128 -0.63932904  1.92510294] 
10 [0.24426852 0.29332068 1.31085189 0.23946319] [ 0.18320546  1.55290692 -0.18948709  0.82669189] [0.14322365 0.41456763 1.52341179 0.22404723] [ 0.21126346  1.57074111 -0.67472465  1.31581187] [ 0.40367154 -0.07324534  1.70356193  0.32069466] [ 0.07405513  1.39071073  0.96487755 -0.45813444] [ 0.18123127  0.52366902  1.05528069 -0.0415372 ] [-0.50969784  1.34473708  0.17730001 -1.74368814] [ 2.04283448 -0.55400688  0.24275445 -0.36775293] [-0.36457164  1.56770382  0.26218677  1.35913037] 
11 [-0.12318563  0.11598159  0.50001089  0.55692657] [ 0.9422609  -0.51955728 -0.25312858 -0.15962031] [ 0.22073225 -0.33286464  0.14128565  0.06731551] [ 1.14307517  1.20735625  0.62646632 -0.31516333] [-0.15530569 -0.35903866  0.63160887  0.5708425 ] [ 0.73025022  0.2080666  -0.26463931 -0.14324074] [ 0.19906236 -1.70021816 -0.83482226 -0.54444833] [1.17005116 1.53924939 0.21000957 0.1414686 ] [ 0.17220008 -1.73793839  0.530314    0.60541217] [ 1.12170855  1.40222732 -0.14777209 -0.14544397] 
12 [ 0.120808   -0.11831597 -0.51032395 -0.57459428] [2.24650005 0.47827775 0.25188567 0.16866849] [ 0.21307964  0.46343669 -0.09915043  0.06023193] [1.10386549 0.68776332 0.37881793 0.61901732] [ 0.22604636  1.27026088 -0.01903084  0.0293725 ] [1.14946223 0.76030507 0.35047137 0.47557051] [ 0.20106344  0.4314707  -0.05831733  0.03944521] [1.11208897 0.67023509 0.57383656 0.40491493] [ 0.21561293  0.4243952  -0.07377858 -0.31884159] [ 1.06418042  0.82882739  0.92029179 -0.18791388] 
13 [0.52270901 0.02003721 0.82594341 0.7522903 ] [ 5.57052972e-01  1.01403837e+00 -1.14452524e-04  7.84144659e-01] [0.51241372 0.01498328 0.841477   0.73662847] [ 0.67535309  0.89719328 -0.00365466  0.79210178] [0.51943566 0.01824044 0.96775441 0.60231308] [ 0.97054334  0.60409978 -0.00768456  0.78391991] [ 0.20692225  0.62790192  0.18511283 -0.01933077] [1.11083966 0.18503724 0.26908997 1.19206537] [0.53810732 0.0265081  1.52867204 0.26144585] [ 1.22429453  0.32723439 -0.60841036  1.36409191] 
14 [ 0.18168745  0.06640957 -0.06970632  0.64333355] [ 1.26961287  0.83027646  0.49063588 -0.19566695] [ 0.15889341  0.06500956 -0.09031279  0.62528503] [ 1.19056973  1.0989221   0.28836175 -0.20766242] [0.20635003 0.36821269 0.01764485 1.15052318] [ 1.17130357  1.67560318 -0.0941072   0.16853639] [ 0.17290633  0.06334857 -0.07965902  0.67729859] [ 1.23472218  0.90247348  0.43455852 -0.21491246] [ 0.20618819  0.09663664 -0.95577572  1.54183122] [ 1.0530908   1.61510637  0.14610815 -0.20117319] 
15 [ 0.76104976 -0.00184808  0.06298594  1.20062499] [-0.11031494  0.11768871 -0.01439125 -0.33219028] [ 2.05560493  0.17123223 -0.41900153  0.06607215] [0.03220808 1.88313176 2.42807183 0.46595057] [ 2.20951782 -0.43868263 -0.36176454  0.03235705] [-1.21782972  1.31824624  0.71145982  1.01482816] [ 0.14470888 -0.52094882  0.89280987  0.63266035] [-0.40980007  0.14832098 -0.17866675 -0.16950224] [1.27589439 0.63072263 0.08710644 0.72203091] [ 0.02333175  0.42215055 -0.66550597  0.14668753] 
16 [ 2.17285272 -0.52070569  0.65823618  0.44672242] [0.29595573 0.09763981 1.76144207 0.23866993] [ 0.28692868  0.62955264 -0.69278508  0.60924698] [ 0.5025451  -0.00690995  0.62739735  1.67452543] [ 0.18540106  0.4103816  -2.20231742 -0.22422465] [ 1.10738949 -0.35793191  0.90289819  0.32522515] [ 0.2241678   1.58648253 -0.54168319  0.26091841] [1.08903998 1.71695461 1.51166089 1.79740033] [ 0.1828526   1.73257777 -1.44507968  0.27437397] [1.04989482 1.6025694  1.54353058 1.80847842] 
17 [0.18032979 0.88327041 0.96872508 0.77689633] [ 1.0570426   0.0140912   1.59089101 -0.22169298] [0.18942412 0.86438188 1.00105112 0.79705922] [ 1.07179445  0.02154183  1.58010937 -0.19947888] [-0.16996361  0.57453895  1.35391668  1.28190359] [ 0.30878229 -0.24118329  1.48968438 -1.56222655] [-0.19806912  1.17645837  2.3654835   1.01083914] [ 0.50242535 -0.20029267  1.24117874 -1.58039323] [-0.17624275  1.88356982  0.9165895   0.14217285] [ 0.47353803 -0.08725153  1.79587237 -1.87198155] 
18 [-0.16525624 -0.41149018 -0.0863214  -0.56688405] [0.52032517 1.63166677 1.80387856 0.15775892] [0.20860223 0.21278175 0.20003937 1.1697618 ] [ 1.17722816 -0.07306676  1.65840774  0.1704573 ] [ 0.78137349  1.01200623  0.53016385 -0.2325093 ] [0.01358303 1.63140221 1.76186533 0.7249177 ] [-0.22319932  0.15410758 -0.09153723 -0.73137484] [1.25601779 0.46252937 2.06346942 0.20753963] [ 1.44604097  0.77996731  1.80947625 -0.44629631] [-0.00711968  0.39984778  1.40615214 -0.22844274] 
19 [ 0.35714309 -0.11909681 -0.10863486  2.00156802] [0.21232383 0.49476618 0.45559621 1.80282269] [ 0.19652076 -0.50458235 -0.0885529   1.17346333] [ 1.12183136 -0.10015404  0.05510481  1.65462234] [ 0.28410652 -0.07993308  1.45933483  2.13186388] [0.59381023 0.56535305 0.0224343  1.6032113 ] [0.22598148 0.19219285 0.25991627 2.06666241] [ 1.17905966 -0.09691344  0.13612225  1.65331439] [ 0.25840088 -0.06192415 -0.10764377  2.40358804] [ 0.50588489  1.4610405  -0.79585485  1.71712416] 
20 [-0.22555894  0.24260706 -0.09809434 -0.08708208] [1.12987699 0.47866712 0.38702    1.74705591] [ 0.29944904 -0.11297602  0.60163268  1.32265604] [0.47289153 0.6235328  0.08906459 1.71376857] [ 0.1602336   0.06129397 -0.5248178   1.01915688] [ 1.14289455  1.55536282  0.12603951 -0.19516381] [ 0.16918763  0.03065711 -0.10044297 -0.64847216] [1.69482951 0.35687186 0.64328418 0.21375251] [-0.14364375  0.12386709 -0.6453157  -0.59777589] [ 0.92408269 -0.33904336  0.21981885  0.16792706] 
21 [ 0.21979973  1.56408483 -2.05423916  1.4440938 ] [-0.31717981  1.29149971  1.40387663  0.18005867] [ 1.3662275   0.91098443 -0.3191041  -1.40333805] [0.00597439 0.28894374 1.73058844 0.21561118] [ 1.20027697  0.79554773 -1.50532862 -1.61495948] [-0.01349493  0.84908523  2.08585643 -0.27223479] [ 1.37441195  0.62116187 -1.64631042  1.64317564] [-0.00230766  0.92506608  2.03632037 -0.287944  ] [ 1.42670912  0.77951929 -1.1696609  -0.76849532] [1.24640915e-03 5.05122008e-01 1.61589278e+00 2.48229490e-01] 
22 [ 0.28005778 -0.09326211  1.90507773  0.78499579] [ 0.4563443   0.61469918  1.65512195 -0.15110644] [ 0.35257032 -0.17972263  1.91614562  2.10667323] [ 0.25642005  2.15267684  1.51143961 -1.27716604] [0.31676438 0.13713043 1.61956528 1.909499  ] [ 0.19020021  1.49725435  0.75068856 -0.27136163] [ 0.24719159 -0.10297165  2.03000961  3.48917422] [ 0.5685132   0.63088126  1.80703349 -0.19096771] [ 1.86688479 -0.14845758  2.25305322  2.28509645] [ 1.39537253  0.34811603  0.87109891 -1.36255875] 
23 [0.21561667 1.50762766 1.21747971 1.10621898] [ 1.11245424e+00  1.52961120e+00 -3.01964385e-04 -9.35456260e-02] [0.2175746  1.31941684 0.68694162 0.53517246] [ 1.11328854  1.58119965 -0.01746262  0.03087767] [0.1953127  1.85826222 0.69880227 0.52273553] [ 1.08566468  1.5134621  -0.2747863  -0.15203823] [0.19512832 1.85434753 0.65971795 0.50339041] [ 1.0895792   1.50922583 -0.27382078 -0.17288528] [0.2089043  1.69507554 1.44600743 1.67943413] [ 1.027207    1.66848398 -0.1622433   0.15217432] 
24 [ 0.30466184 -0.44043322 -0.42227677  0.82320299] [ 0.04006658  0.71498608  0.21703054 -0.22061293] [ 0.6884945  -0.86537628 -0.45137701  0.78227815] [ 0.02180344  0.6938289   0.20801606 -0.23150646] [ 0.76695105 -0.94056455 -0.27480047  1.84753452] [ 0.03511278  1.03449196  0.47886558 -0.19762999] [ 1.48395748 -0.74649248 -0.37605537  1.55224395] [0.03248151 1.55222536 1.49841352 1.06461223] [ 1.69068325  0.72038565 -0.15857604  1.05208528] [0.12410517 1.12356376 0.91587786 1.5592945 ] 
25 [0.19178419 1.86248828 0.65728978 0.52568038] [ 1.09227065  1.49529027 -0.29256072 -0.17006465] [ 0.20187597  0.55079462 -0.02837475  0.0160696 ] [ 1.10123194  1.98624152 -0.10533636 -0.19596174] [ 0.22563293  1.29986975 -0.02732336  0.63515547] [ 1.12750553e+00  2.51978270e+00 -9.11240443e-01 -2.66362809e-04] [ 0.2112719   0.65005456 -0.02434886 -0.28435454] [ 1.12380154  2.46354876 -0.80592391  0.05508457] [ 0.21818635  0.38442405 -0.01261655  1.2369434 ] [ 1.17921902  2.34862101 -0.80371282  0.19854921] 
26 [1.0978212  0.81017035 0.3636955  1.39150553] [-0.00450596 -0.13778197  0.50325451  1.69600092] [ 0.30579923 -0.09702274  0.07594392  2.26734909] [0.36621991 0.75578427 0.10744241 1.72145084] [0.20142723 0.2160693  0.27872951 1.29838996] [ 1.11155838 -0.11181207  0.15555355  1.67222448] [ 0.49274714 -0.31140823  0.38945387  2.39064475] [ 0.03516813 -0.49419009  1.41890531  1.70138885] [-0.1444606  -0.32017262  0.58203649  0.59229012] [ 0.75973652  0.22519556 -0.2869181  -0.15634194] 
27 [ 0.29295855 -0.06205593  0.44841682  1.08090876] [0.41900864 0.75084609 1.62963257 0.17210177] [ 0.26319651 -0.06027766  0.11689125  0.46220442] [ 0.37055492  0.73899159  1.52408787 -0.20036782] [ 0.26528159 -0.05838461  0.11368969  0.4976175 ] [ 0.40714616  0.69216468  1.53489944 -0.20169317] [-0.17724573  0.13021301 -0.45961623  2.13833001] [ 0.94035916  1.07822066  0.08083138 -1.41619797] [-0.16910673  0.10448951 -0.85510293  1.60471701] [ 1.04966373 -0.51328091  0.18098019 -0.15707186] 
28 [-0.17436743 -0.44592037  1.24240364 -0.06554519] [ 0.47023443  0.18619871 -1.30811165  1.16315517] [-0.2317807  -1.00334609  1.15181639  0.06692355] [ 0.80293011  0.08894004 -1.56318095  1.22263208] [-1.14198015 -0.78743671  1.79281454  0.34316173] [ 1.5776694   0.33371573 -0.72923134  1.20955501] [-1.57966767 -0.4804131   1.64472182  2.21663648] [ 1.59693969 -0.99688363 -1.12774364  0.24346097] [-2.01795086  0.09943407  1.45655233  0.06886271] [ 1.55599841 -1.21777471 -0.7957636   1.02027603] 
29 [ 0.1680612   0.05952139 -0.08366433  0.64681789] [ 1.10024269  1.16386696  0.31323508 -0.21176059] [-0.16179525 -0.4062886  -0.75328374  1.60137758] [ 0.58519822  0.26826249  0.18555399 -0.14075295] [ 1.99168723  0.24862152 -0.46734822  1.75082755] [ 1.11215443  1.7992062   0.28999017 -0.25344459] [1.79502689 0.08090836 0.11246191 0.66028126] [ 1.38897434  1.16614498 -0.5929795  -0.18223432] [2.34139782 0.32168675 0.31541189 0.20803062] [ 0.61177973  2.00291166  0.27036233 -1.70274736] 
30 [-0.31521287  0.09788457  1.42027131  0.12132414] [-0.15736386  0.62739981  1.33500451 -1.21687005] [-0.29329619  0.05879263  0.66652502  0.32058966] [-0.15502905  0.51054445  1.35723599 -1.51150176] [-0.71943081  0.5139471   0.58097694 -0.04461998] [ 0.03180473  0.33453006  2.20346137 -2.44508116] [-0.87485114  1.08584299  0.5336898  -1.05391646] [-0.0189255   1.12098061  1.62927543 -0.12712926] [-0.81667602  1.01488068  0.10001286  0.48536973] [-0.01262407  1.1596813   1.44157564 -0.22679778] 
31 [ 1.11318032  0.67007484  0.68697713 -0.57572713] [-0.00307838  0.10950431  0.25183497 -0.2906719 ] [ 1.97107254  0.27708203  0.15655412 -0.692772  ] [-0.27125707  0.48084449  1.71724522 -0.22617049] [ 1.90316891  0.11733218  0.18905278 -0.46934168] [ 0.02626306  0.08466881  1.86069143 -0.27032409] [1.92823714 0.08421625 1.49852792 1.5172818 ] [0.67824874 0.56938957 1.41892453 0.16706501] [ 2.29348299 -0.08938564 -0.52083781 -0.52079396] [-0.40643832 -0.78095503  2.87334137 -0.16514989] 
32 [-0.12393799  0.1091834   0.51669121  0.55632228] [ 0.93772759  2.60798108 -0.26601374 -0.17094108] [-0.12576808 -0.3028338  -0.53158384 -0.61385176] [0.5442109  0.30084856 0.20051833 0.16218634] [ 1.78633930e+00 -9.13170469e-01  8.39579190e-01  1.14729876e-03] [ 0.41877404  1.5707679  -0.26577816  0.08953485] [ 0.42583887 -0.2439961  -0.14320697 -0.63645447] [0.11289641 2.18342693 0.45459376 0.15736337] [ 1.94707045  0.06705187 -1.32555149 -1.6448238 ] [ 0.61539004  2.16396308 -0.22489211  0.19128022] 
33 [0.18048424 0.54120731 1.07848066 0.168381  ] [1.01286456 0.14967337 0.03235122 1.68931826] [ 0.20935287  0.63778472 -0.0407662   0.35491399] [ 1.11572047 -0.04754081  0.14898916  1.5626752 ] [ 0.17446631  0.11020751  0.36751043 -0.05916039] [ 1.20269658  1.41275776 -0.67853625  0.4273531 ] [ 0.18919058  0.63423366 -0.06409746  1.17438557] [ 1.03944437 -0.15775701  0.28127553  1.69113146] [ 0.25383672  1.31669995 -0.11758341 -1.38514399] [ 0.58368212 -1.55145235  1.5393587   2.08551562] 
34 [ 0.21083289  0.62748713  0.26618469 -0.05359439] [1.12536207 0.17414258 0.20970371 1.27477183] [ 0.25627912  0.60504829 -0.73345162 -0.21725981] [0.92085728 0.14683479 0.26112186 1.47546347] [ 0.37817863  0.08747057 -0.16246025 -0.05584063] [ 0.89807062 -0.56170862  0.56346414  1.71177476] [ 0.20113305 -0.44048047 -1.29542643 -0.07248299] [ 1.16209985 -0.06915535 -0.32453164  1.79399066] [ 0.27048735  1.41182064  0.93550364 -0.06965924] [ 1.15846229 -0.02434456  0.67738303  1.00605718] 
35 [ 0.18736494  1.6505655  -0.08562908  0.14908481] [ 1.06832796 -0.54633873  0.2313711   2.03260491] [0.20038153 0.15838955 0.35530418 1.27942591] [ 1.13196517 -0.12295249  0.13589032  1.67947364] [ 0.2384464  -0.40769085  1.00941391  1.50301813] [ 1.0612613  -0.08647323  0.11793701  1.45600323] [ 0.08722858 -0.31302385  1.58605138  0.31391222] [ 1.47397535  0.42672685 -0.16539547  0.33465656] [0.18044791 0.58984243 1.26633365 0.75705878] [2.63905659e+00 1.34036473e+00 1.93035370e-04 1.44661021e+00] 
36 [-0.15937155 -0.52383108  0.05621039 -0.59697502] [ 0.50000178 -0.55685474  0.82214513  0.17035556] [ 0.24257801 -0.07138213  0.17483473  0.47478121] [ 0.7221509   0.37637946  1.51940936 -0.21560203] [-0.19754098  0.62061886  0.3541418   0.54646279] [0.42048066 1.39244853 1.69852844 0.12656034] [ 1.56093157  0.00520019  0.5345553  -0.25158723] [ 2.23569515 -0.72785764  0.60700116  1.79152629] [ 1.68769088  0.40160708  0.30390007 -0.57604832] [ 1.53651769 -0.99311662  1.27999211  1.33413441] 
37 [0.16770493 0.59869597 1.27162842 0.18297608] [ 0.46597108 -0.01432636  0.33803264  2.28763761] [-0.04888523  0.57019267  1.34279219  0.06462607] [ 0.10562978 -0.02122804  1.01432022  0.93189364] [0.24739173 0.2132898  1.81325863 0.59784907] [ 0.25596964 -0.0887566   2.18633398  0.23667245] [-0.19621413  0.46131338  0.80960813  1.29013601] [-1.13878824  0.08026527  1.56930784  0.06972391] [0.2964881  0.19672349 1.80337874 0.45032205] [ 0.21103804 -0.12882697  0.5401233   1.50017975] 
38 [ 0.18442484  0.52092748 -0.1440848   2.23997351] [ 1.07345309 -0.60337938  1.69330789 -0.60899992] [ 0.18675162  0.53931568 -0.14951245  2.23217558] [ 1.08227777 -0.58437944  1.67419919 -0.61102099] [ 0.19350416  0.55049619 -0.15361917  2.23673808] [ 1.07446172 -0.59470343  1.67300713 -0.62652405] [ 0.28544288 -0.06128484  0.44140675  1.08720952] [0.41662211 0.74411373 1.62257384 0.14804605] [ 0.19866177 -0.44423157  0.84191018  1.19026421] [ 1.17835107 -0.0598945   1.60298434  0.1927028 ] 
39 [ 0.28912712 -0.08725938  1.86597278 -0.56736055] [0.42968453 0.66608885 1.72518345 0.12153391] [-0.19085471  0.61629026  1.83598334 -0.00827772] [ 0.35070466  1.3694481   1.99221873 -0.43553884] [ 0.25146328 -0.06893852  2.32987603 -0.11473557] [ 0.54417062  0.5637515   2.00980687 -0.34853264] [ 0.22079886 -1.03663754  2.95973613  0.1341517 ] [ 1.22101631 -0.00565959  2.02189709 -0.40059245] [ 0.19215535 -1.84628381  2.29973825 -0.04789978] [ 1.07993658 -1.43891491  0.83481586 -0.53855309] 
40 [0.20143712 0.65401515 1.1141461  0.00670799] [-0.5137571   1.33894764  2.16607902 -0.6472997 ] [0.17064805 0.46059031 0.44378741 0.70307534] [-0.48478955  1.37612623  1.62262804  0.15546161] [0.16649517 0.45457139 0.4566755  0.71654501] [-0.49166083  1.36903876  1.61640088  0.13698151] [0.17236514 0.4490073  1.59697117 0.02257786] [-0.52022379  1.32528289  2.65841048 -1.03371978] [ 0.25613285 -0.12686232  2.00200148  0.03858237] [ 0.61898529  0.53754577  2.1940065  -0.40686592] 
41 [0.22932285 0.5696518  1.30618658 0.15258483] [0.92433511 0.1320379  0.30496029 1.30700803] [ 0.21678151  0.12435574  0.3464963  -0.05891387] [ 1.18487506 -0.09725984  0.30087225  1.36555671] [ 0.22489524  1.73320619  2.23208225 -0.18642519] [ 0.65465115 -0.25496515 -0.71678434  1.67730692] [0.28856337 1.63859168 1.72123663 0.52278717] [ 1.53906183 -0.88667846  0.25444267  1.86983361] [0.23139439 0.5969388  1.30032099 0.11414967] [0.95721335 0.14191511 0.33266322 1.26666695] 
42 [ 0.20291533  1.70360891 -0.02982636  1.70070788] [ 1.04377159  1.84584758 -0.10144445 -0.15192412] [ 0.2202755   0.39343404 -0.07719206  1.20380351] [ 1.16359775  1.6579929  -0.07040966  0.20179689] [0.17946514 0.07030292 0.41441194 0.5417042 ] [ 1.10985664  1.48600933 -0.25796286 -0.16951692] [0.20328266 0.41602016 0.66701457 0.45986775] [1.13831777 1.60191434 0.0371819  0.18088874] [0.19994748 0.43186251 0.69980941 0.45959545] [1.15132688 1.62283314 0.05786318 0.1683786 ] 
43 [0.18137089 0.99509673 1.35414703 0.48635036] [1.15962009 0.02350847 1.73831715 0.18794228] [0.21568331 0.23486823 0.17761362 1.14270654] [ 1.18908356 -0.09116399  1.67315953  0.17034572] [ 0.18710616  0.43824571  2.21781051 -0.09155438] [1.11179178 1.17593056 1.83193212 0.82855354] [0.19166586 0.51951895 1.81988182 0.34033269] [ 1.13370156 -0.14848805  1.67587465  0.27025309] [0.47256162 1.62225866 1.62594882 0.09842302] [ 1.57750445 -1.10080881  4.26574456  0.74226707] 
44 [0.21615666 0.38797723 1.19178217 1.14600831] [ 1.11422461  1.48838761  0.09803948 -0.1748542 ] [0.18435322 0.47966133 0.16887827 0.30273115] [ 2.6251915   1.43362566 -0.15217226  1.66757044] [-0.36859376  0.49949943  1.72980417  0.23275384] [ 1.60860166  1.27990435 -0.21631779  0.89426774] [0.21014832 0.61220812 0.52230968 0.56626218] [2.63590847 1.34357219 0.09096015 1.57210087] [ 0.17585458  0.43423003  0.7148278  -0.00909464] [ 2.64234685 -0.22833672 -0.37811896  0.1878484 ] 
45 [0.21493272 1.22778579 0.3751369  0.04684528] [-0.44726229  1.42708452  0.86936742  0.84940453] [ 0.08494331  0.6482626   1.28870464 -0.54200465] [-0.04780896  0.00567414  0.86984754  1.08227714] [ 0.23988212 -0.13938358  1.82865448  0.19016558] [ 2.05564248 -1.10946247  0.20237947  1.32224274] [ 0.32255144 -0.12612625  1.97095054  0.06095096] [0.35918944 0.66856624 0.53438818 1.1916318 ] [ 0.30611749 -0.26225925  1.96551041  0.28201011] [ 1.49933724 -1.55887719  0.76599712  0.33246037] 
46 [0.22108183 0.13327913 1.77856313 0.04369386] [ 1.11096147 -0.1208757   0.92466746  0.71798305] [ 0.28405638 -0.10087033  1.91320893 -0.65153711] [0.53497601 0.56555102 1.73700661 0.12382865] [ 0.24467663  0.13970086  1.13137991 -0.00920104] [ 1.21558897 -0.11995643  1.34513226  0.22545458] [ 0.18802783  0.54839984  1.20371533 -0.03666627] [1.05531641e+00 1.38811261e-01 1.68446195e+00 1.25806693e-03] [ 0.17047318  0.51798098  1.35995264 -0.86329106] [1.02500766 0.12486836 1.72065795 0.18594704] 
47 [1.55098573 0.19572701 1.26113758 1.04186953] [1.65507265 1.17154615 0.01835538 2.36967359] [1.60752049 0.49936477 1.64748871 2.24039616] [ 1.51431729  0.59576113 -1.1586644   0.23574735] [2.19755352 0.4659273  0.97027376 2.32863933] [2.18961145 0.21673638 0.30080106 0.2375041 ] [2.12082417 1.18676699 2.29237008 1.53929175] [2.11719467 0.54143068 0.26986857 0.19586816] [1.83044929 1.9813935  1.88117744 2.29389895] [ 2.61747329  0.97882963 -0.33582014  1.24636178] 
48 [-0.20970812  0.1018544   0.03893917  0.66334319] [ 0.9997354   1.58709966  0.99118046 -0.17673055] [0.21719063 1.56030551 0.09628083 0.22804256] [ 1.00180044 -0.19748817  1.77404252  0.15791656] [ 0.20021942 -0.09619696  0.21751106  0.46467634] [ 0.95386298  0.15659001  1.50896715 -0.2501897 ] [0.19537936 0.56663574 0.26342061 1.78803333] [ 1.09753007  0.33205901  1.54327262 -0.28058989] [0.21933801 1.87043378 0.07903372 0.7779756 ] [ 0.99085813  0.35615262  1.21139339 -0.16443022] 
49 [1.78581456 0.13101241 0.05744361 0.0453096 ] [-0.39170214  1.11334763  0.05813218  1.14952442] [ 1.92370133  0.33660434  0.60213772 -0.14401431] [-0.08789722  2.09676023 -1.20841208  1.2973928 ] [ 0.28999424 -0.10962385  0.60877934  1.29318996] [0.46941934 0.60996101 0.08508805 1.72406841] [ 1.91862437  0.09639243  0.92713997 -1.61895813] [ 0.69150285  0.60545544 -0.03425     1.64572758] [ 0.9759192  -0.01904415 -0.91029655 -0.42987237] [ 0.21964343  1.36269021 -0.61011672  0.42062159] 
50 [ 0.76654514 -0.55485914  0.55673929 -0.01593228] [0.009477   1.11698657 1.1408289  0.53804342] [1.53432779 0.02257812 0.52267459 0.27841309] [0.30790755 1.20524878 0.90177526 1.36394069] [ 2.05624435 -0.53985323  0.50971572  0.23016065] [-0.28118983  1.51012022  0.69916223  1.29568646] [ 2.19033376 -0.36270201  0.80010881 -1.39203851] [0.42538112 1.68620805 1.36638189 1.72050131] [ 2.23009947 -0.41225201  0.78239451 -0.42952574] [0.35978007 1.67820242 1.36925266 1.68941292] 
51 [1.40157574 0.52466158 1.96786961 0.57484434] [-0.03238092  0.2089707  -0.22656948  1.38765175] [0.62378147 0.91886192 1.39373348 1.4851639 ] [ 1.57767258e+00 -6.62558895e-04  1.61108933e+00  1.12507334e+00] [2.11761518 1.09908277 1.61308159 0.03419523] [2.10851287 0.29886609 1.46093225 1.47788308] [2.20181032 0.91466356 1.56054924 1.23417315] [ 0.39608288 -1.58880319  1.6453982   1.32149662] [2.46836332 1.91642781 2.06303983 2.75445571] [-0.22382024 -0.47141913  2.20725247  0.19252287] 
52 [0.21056455 1.09217287 0.01622772 2.06691012] [ 1.12761468  1.12783931  0.42539284 -0.04526358] [0.20710712 1.24619611 0.01300504 3.09516652] [1.11135313 1.42592129 0.15858436 0.04289882] [0.22435624 1.34307737 1.23792306 0.02681382] [ 1.13133082  1.58204733 -0.28077199  0.29390535] [0.20491897 1.66966959 0.12993564 1.60321928] [ 1.04755599  1.626       0.11458091 -0.14891439] [0.81550964 1.29759165 0.24746001 1.09141136] [1.57684707 1.0289899  1.36648349 0.6220931 ] 
53 [-0.23257486  0.17490275  0.27926259 -0.13380003] [1.69670022 1.4746484  0.70857033 0.45142662] [-0.31636532 -0.09358422  0.13104247 -0.53047539] [2.09648785 0.7823567  0.87519212 0.17412737] [ 0.11547797 -0.11298862 -0.50001033 -0.56280205] [2.16726514 0.53228506 0.25339998 0.17496019] [-0.21210572  0.63687493 -0.08581171 -0.08689712] [ 0.30036393  1.90322031 -0.97201932  1.9714695 ] [ 0.1592325  -0.41861419 -0.42939746 -0.49381211] [-0.28182229  0.31834504  0.23691164  0.1461106 ] 
54 [0.16368292 0.43068211 0.75104018 1.90741781] [-0.52589581 -0.25501479  1.40450191  1.51309135] [0.17097377 0.44661953 0.69489067 1.60107437] [-0.53203418 -0.24026014  1.38243548  1.58999406] [0.70753837 0.76689828 0.78077182 1.84017079] [-0.01985282  0.04050735  0.41837463  1.4147281 ] [ 0.26608945 -0.05853259  0.44072071  1.11368509] [0.44213529 0.71274268 1.64763484 0.17133356] [0.62255602 0.86771659 0.75290062 1.85306263] [-0.03397763  0.04340574  0.42565509  1.41031009] 
55 [ 0.22630769  1.25522953 -0.02238776 -0.04999078] [ 1.12577298 -0.13865195  1.70233367  0.02707707] [ 0.21051222  1.20016163 -0.326759    0.08026394] [ 1.11798022  0.01035039  1.61127089 -0.01268259] [ 0.20212339  1.17792537  0.47372613 -1.11605982] [ 1.07243863e+00 -1.23542585e-03  1.66326901e+00 -5.85504397e-02] [ 0.18263973  0.56767458  1.45122276 -1.48076869] [1.06071214 0.04437523 1.5599724  0.23307218] [0.2215593  1.21981894 0.17081117 0.63982792] [ 1.13534678  0.03013503  1.54583719 -0.01412706] 
56 [0.21260942 1.33467119 0.04658495 1.25635813] [1.11484496 0.16790233 1.39933272 0.05041229] [0.05080358 0.17992065 0.3044417  1.57305107] [-0.1028524   0.13758321  1.53749584  0.75148583] [-0.25337142  0.1514244   0.08974152  1.78765435] [1.08522652 1.24103253 1.25757945 0.08279542] [-0.25906597  0.20862378 -0.15482671  2.38544846] [1.29872884 0.61818798 2.03723568 0.18034769] [-0.19912778  0.1052685   0.21284386  1.18464385] [0.98545255 1.20661372 1.43451989 0.18349577] 
57 [0.97329004 0.15949381 0.79081864 0.57102345] [0.95181724 1.47664067 1.50201303 0.17405833] [ 0.215436   -0.41621385 -0.48300794  0.01930507] [ 1.1114134   1.50068865 -0.64157287  0.5341158 ] [ 0.17483445 -0.65499926  0.46937048  0.46520306] [ 1.8008978   1.58999906 -0.50776017  1.34816469] [ 1.64986165  0.75774805 -0.14707397  0.62793913] [ 3.24422869  1.17423281 -0.65421746  0.18921737] [ 1.79119943 -0.59742219 -1.46577744  0.05766357] [1.89502879 1.65028732 0.54425247 0.7391919 ] 
58 [ 1.54523473  0.5042635   0.23049741 -0.58975121] [1.49759878 1.00498588 1.36627207 0.17287131] [ 0.55845066  1.55499221 -0.04833977  0.30982074] [1.54935138 1.97707523 0.52354391 1.40471163] [ 1.55516082  0.88163912 -0.36278243  0.27094166] [1.50846433 0.00184324 0.88037081 1.38223415] [ 1.55024417  0.54676079  0.21041195 -0.08320303] [ 1.54051186  0.85383326 -0.5401908   1.95973164] [1.25994275 0.75804072 0.24688423 0.44593684] [ 1.57850294  0.49695692  0.41509574 -0.22379873] 
59 [ 0.83122262  1.41051817  0.66504645 -0.08666877] [-0.03199467  0.49043881  0.13578783  1.33846799] [1.91365492 0.09751981 1.4567207  0.05225022] [0.60885049 0.68591833 0.20871963 1.24764574] [ 2.4105761   1.60674104  0.30791004 -0.12173904] [ 0.15857441  0.62352059 -0.36971706  0.88879757] [ 1.15971223  0.95393698 -0.18682214 -0.38256019] [ 1.57385546 -0.57911408 -0.41329638  1.36776303] [ 2.26084336  1.81583769 -0.39561557 -0.12716356] [ 0.39243527 -0.16271978  0.016868    1.6612208 ] 
60 [-0.20199536  0.10465203  1.63262656  1.5270865 ] [ 1.12482105  0.94158303  1.73098615 -0.15778189] [-0.17535611  0.25003469  0.32288166  0.82788805] [0.59082384 1.40420392 1.64909138 0.12927839] [ 0.25920233 -0.05692965  0.44106796  1.12516617] [0.61006139 0.54141652 1.63006766 0.15390888] [ 0.23844707 -0.0455879   0.46431606  1.08605253] [0.95432841 0.21126538 1.60913919 0.18997554] [ 0.32184941  0.08310062 -0.12921413  0.53529144] [ 1.03598048 -0.73504587  2.24249916 -0.16951719] 
61 [1.08310117 1.05458134 1.03317086 0.82821357] [1.57286403 0.88384966 1.57069354 0.45877472] [0.95122553 1.07614488 1.07629536 0.79661751] [1.57275936 0.94775385 1.58465287 0.42056983] [1.78048436 0.99135566 1.08922558 0.13295815] [1.32211364 0.01078984 1.03089542 0.92015775] [0.19177657 1.27550951 0.88324109 1.39682079] [1.24976723 0.00310088 1.6512387  0.22898797] [0.22113925 1.47561747 0.11482382 2.11286071] [ 2.76158728 -0.6397405   2.1796854  -1.30532252] 
62 [ 1.40911851  0.82934131  0.59359946 -0.04594052] [0.02090775 0.46191102 0.00743652 1.42045192] [ 1.52943087  0.66095977  1.31590963 -1.13656439] [-0.04484202  0.41451511  0.12463456  1.64393297] [ 0.17868562  0.71375896  1.94377839 -0.04927576] [-0.47118222 -0.16505758 -0.62582719  0.79180044] [ 0.19924049  0.90552306  2.09312923 -0.2566191 ] [-0.49328685 -0.1938391  -0.2154167   0.32957434] [ 0.19289922  0.98265981  2.17452308 -0.37896029] [-0.50775402 -0.21511289 -0.16356261  0.25320527] 
63 [0.20882982 1.30941629 0.00258743 1.28755175] [1.11667206 0.68234468 0.91514984 0.05266945] [0.21482139 1.87802602 0.04929856 0.79195309] [ 0.99980869  0.48338069  1.10095633 -0.18459781] [ 0.22271056  1.1469443  -0.00323126  1.33188011] [1.13332965 0.62464561 0.95650117 0.03905738] [0.20694519 1.87695491 0.05286755 0.79907695] [ 0.99479002  0.54533375  1.06027234 -0.16640377] [0.4536254  1.58649393 0.17251996 0.25406075] [1.56172396 1.09961926 1.37198814 1.36089621] 
64 [1.33033494 0.56880019 1.43825118 0.5551239 ] [-0.02923482  1.28021868  0.04668709 -1.21750584] [2.24124837 2.68352132 1.68842336 0.01997533] [-1.11960404  1.36226788 -0.02871611 -1.60282132] [ 0.09990253 -0.14266222 -0.43048676  0.63713172] [-0.82339973  0.6122066   0.21686939 -0.21033764] [ 0.17210199  0.29507488 -0.47242942  1.19845393] [-0.59521806 -0.26098339  0.14434401 -0.17724029] [ 0.15365294  0.38335664 -0.76822095  1.61848673] [-0.61766166 -0.24175929  0.16095976 -0.17783643] 
65 [ 1.52052805 -0.02760095  0.53295774  0.05628085] [1.13107629 0.38050852 1.37714194 0.97291954] [ 0.28628464 -0.07194064  0.60116998 -0.0191445 ] [ 0.47452221  0.65251236  1.93690415 -0.26290055] [ 1.53747225 -0.02726232  0.54415294  0.25040456] [1.30536376 0.19973746 0.93711458 1.34449932] [1.55999198 0.08764953 0.42735512 0.039222  ] [ 1.63667299 -0.13845907  1.30797161  1.02421993] [ 1.53714548 -0.07061837  0.57821179  0.27870505] [1.4338537  0.08442484 0.9021784  1.36368878] 
66 [1.15808795 0.78791237 0.67718321 0.4459386 ] [1.58063158 0.47060713 0.89564828 1.24451561] [1.16279469 0.79165507 0.68661753 0.44693582] [1.57643266 0.47453545 0.92534287 1.24167104] [1.15031542 0.78877043 0.67882297 0.45836196] [1.57865297 0.46861792 0.92344646 1.21371564] [1.15501822 0.79367412 0.68203733 0.45091238] [1.57765438 0.47688641 0.91574263 1.2110424 ] [0.93966932 1.14489988 0.17423954 0.37914658] [1.56488482 0.59048152 0.403417   1.79980134] 
67 [ 0.21387354 -0.16232607  0.09083256  0.72177313] [ 1.98279349 -0.5914249   1.11571186 -0.18880167] [ 0.21115731  0.55506432 -0.17736555  1.15445977] [1.14535152 0.04895452 1.56472354 0.19641395] [ 0.2108049   0.42822931 -0.04841217  1.17688833] [1.16867116 0.12948795 1.46967908 0.18532769] [ 0.32877376  0.08340402 -0.12973583  0.53870048] [ 1.03486276 -0.74302854  2.25648157 -0.18549049] [ 0.44278163  1.98596216 -0.31291911  0.34435264] [ 1.54119742  0.03841055  0.82861252 -0.29273177] 
68 [0.84909264 1.05107339 0.86136073 1.12225514] [0.01057446 1.22690701 0.02642689 1.90858221] [ 0.15546571  0.48272139  0.0843208  -0.12283082] [-0.51543849  1.14218371 -0.38050926  2.06454641] [ 0.19502961 -0.56040417  0.16269252 -0.13642911] [-0.28371456  1.14744166  0.31626774  2.01812254] [-0.16935165 -0.4162166   0.77878105 -1.13671556] [0.67566728 0.2239085  1.35622948 1.5660948 ] [ 0.19849832 -0.57952965  0.03827846 -1.53608314] [-0.35858777  0.93014303  0.87113583  1.55331157] 
69 [0.1810703  0.07702924 0.42449695 0.55824332] [ 1.10425286  1.4933665  -0.25329185 -0.17519949] [0.18119968 0.07844921 0.42021997 0.53999091] [ 1.1343663   1.45984716 -0.27794514 -0.17326451] [ 1.24571712 -1.44547895  1.61963793  0.68875042] [-0.02566647  2.22892196  0.15022823 -1.35370635] [ 1.95564048 -1.33505755  2.24549567  1.43694631] [ 0.75648019  3.45743521  0.22810817 -2.1305806 ] [ 2.04304222 -2.68914773  2.21799037  1.69329337] [2.73210744 4.57437633 1.14288427 0.22800529] 
70 [0.22891332 0.6348878  1.29182677 0.09320084] [0.96665167 0.13815252 0.43006584 1.15703647] [ 2.01790524  1.39981038  0.34083781 -0.60044104] [ 0.93172112 -0.5009626   0.26476972  1.742513  ] [ 2.20931435  1.40553405  0.42951053 -0.37231259] [ 0.36339249 -0.0681561  -1.70764211 -0.24245474] [ 2.10395499  1.83510402  0.77998291 -0.90997787] [1.77226219 0.25265461 1.36529034 1.56055428] [ 2.21937258  1.82990784 -0.56333457  0.12374048] [-0.07068261  1.02201031  1.09859152  1.88542691] 
71 [0.95851694 0.97923854 1.98105442 0.56818438] [-0.00300613  0.19413265 -0.22444418  1.38954927] [ 1.19834536  1.0527473   1.82016439 -0.49216789] [-0.00492008  0.41864616 -0.17305267  1.67282849] [ 1.05073582  1.1273549   1.84989382 -1.40445981] [-7.24849231e-04 -1.75590021e-01 -5.38381865e-01  1.45242269e+00] [ 1.22593999  0.98746959  2.16342587 -0.46544237] [ 1.57734654 -0.10726109 -1.1902794   2.09396578] [ 1.19382146  0.88331764  2.27855517 -0.41028245] [ 1.56581562  0.07349988 -1.09266225  2.1477252 ] 
72 [-0.0577631  -0.28774075  0.10604784  0.08624343] [1.37342827 1.27179288 1.27345784 1.06426871] [ 0.20905367 -0.59016263  0.04590252  0.6078605 ] [2.811416   0.95070472 0.86073927 1.57499008] [ 0.23236621 -0.44801528  0.99982775  1.55706726] [ 1.0901775  -0.0835519   0.11700959  1.46901593] [0.20527509 0.5736739  0.24665162 1.79299175] [ 1.10290796  0.32179852  1.52697658 -0.27436893] [ 0.17054431  0.46028552 -1.79074243  0.73993199] [-0.47008599  1.40045683  1.51658755 -0.16079863] 
73 [0.16464088 0.49923422 1.89544854 0.70846252] [-0.52240909  1.36574776  1.44472429 -0.13360814] [0.20494225 0.41188517 1.14945986 1.19961082] [ 1.13700133  1.56171025  0.16416998 -0.11848271] [0.20535413 0.33590472 1.24431834 1.74842031] [ 1.12980578  1.59986799  0.19880918 -0.1798873 ] [0.19916142 0.27546382 2.24277241 1.11289564] [ 1.16288825  1.44792402 -0.18662269 -0.17118494] [0.20702266 0.4011969  1.18576087 2.46896421] [1.14742794 1.59187063 0.23374025 0.06963464] 
74 [0.20688436 0.38043169 1.25481614 0.07449559] [ 1.17798436  1.57403633  0.38107432 -0.1852391 ] [ 0.25125751 -0.1272951   1.98510502  0.7807594 ] [ 0.53846324  2.01525902 -0.1695655   0.18417355] [ 1.66553606  0.45914827  2.59653789 -0.63572747] [ 1.52937693  2.38547801  0.10622711 -0.17933932] [ 2.02553775  0.78214892  2.45888097 -0.815349  ] [0.94213072 2.62618992 1.420409   0.22238684] [1.77499815 0.99105201 1.08176599 0.13746593] [1.3380157  3.15049728 1.05390644 0.90114488] 
75 [1.03862276 0.28661133 0.89352661 0.01173791] [-0.03434498  0.03779487  0.65209252  1.35232249] [1.52641715 0.3783643  0.38272153 0.641278  ] [ 0.0527131  -0.1362378   0.51175444  1.48793906] [0.17524081 0.49768421 1.08939616 0.83281661] [-0.44105674 -0.19543058 -0.14314671  0.09201616] [2.33783224 1.41722094 0.58859763 1.24127902] [ 0.16887995 -0.18611217 -1.32958439  1.58120902] [2.14498438 1.58973311 0.09383942 1.15076606] [-1.21406592 -0.70931932 -0.58638434  1.51828446] 
76 [1.21684373 0.00705525 0.89189194 1.13682982] [0.77230858 0.81078711 0.82537049 0.25515686] [0.70446093 0.00319139 0.52422087 0.88485694] [0.82835976 0.75432178 1.55670644 0.78354347] [2.00491279 0.06610425 1.81544439 0.64022071] [-0.04224695  1.81286073  1.90128327  1.60190911] [ 2.24988299 -1.33429643  1.59883369  1.67872849] [0.63260635 1.68078829 1.26681558 1.31902323] [ 2.00764648 -1.69189908  1.53437937  1.47054089] [0.91555291 1.9126219  1.35177404 1.72582712] 
77 [ 0.28222188 -0.07084603 -0.00811336  0.56651107] [ 0.47825978  0.94415308 -0.29347785  1.67968398] [ 0.43849197 -0.10092152  0.17531721 -0.21926737] [ 0.33305176  0.4357611  -0.34648755  2.18996389] [ 0.01205554 -0.21867446  0.20865536 -0.12192498] [-1.06010411  1.1377193   0.50518445  2.07458473] [ 0.20921747 -0.58417329  0.04413491 -1.27953739] [-0.3327264   0.92902337  0.87081846  1.55450404] [ 0.84917711  0.02437104 -0.19831131 -0.85862334] [-0.85393216  0.81812227  0.08434987  0.45505483] 
78 [0.20499643 0.77771562 1.55512474 0.05827907] [ 1.2139754  -0.00743867  0.11203991  1.61894448] [ 0.26949802 -0.37426176  0.98683671 -0.70454265] [ 0.83843517 -0.09581985  0.09982004  1.89037801] [ 0.28159991 -0.13243349  1.89406086  0.09865069] [0.55084411 0.58825697 0.05387552 1.72541928] [ 0.21471088  0.14120827  0.8047255  -2.65845246] [ 1.20728858e+00 -1.12965887e-01  1.11685280e-03  1.45116362e+00] [0.20704681 2.1203441  0.51517352 0.41167881] [ 0.53642462 -0.78644115 -1.29409278  1.39647525] 
79 [ 0.3026903  -0.07288519  1.49739678  0.00321266] [ 0.45690994  0.67859792  2.35290976 -0.75603098] [ 0.23909048 -0.13180358  1.99549134  0.05569297] [ 0.7051241   0.4979719   2.47549837 -0.67664781] [ 0.62222957 -0.40716152  0.05915285 -0.69015012] [-0.02024801  1.1791814   1.57297071  0.21924155] [1.58812242 0.1714662  0.13929679 0.08314324] [ 0.08558535 -0.43283599  1.15689279  1.15806284] [ 0.2476149  -0.48911246  0.37461612  1.30850002] [-0.28145932  0.24160675 -0.15715854 -0.15999567] 
80 [ 0.29954045 -0.14748853 -0.18623754  2.16200763] [0.43832495 0.63221901 0.11880696 1.87313373] [0.19645211 0.20372915 0.28423262 1.33237789] [ 1.13994164 -0.13662167  0.13539552  1.67550656] [0.23303139 0.23744004 0.20003393 0.10815149] [ 1.15919353 -0.15122735  0.05654776  1.66900059] [0.18452252 0.48237962 0.54422649 1.13660688] [2.62206079 1.31446524 0.09762425 1.66533621] [-0.20483498  0.21644761 -0.13878606  1.85236419] [1.14984852 0.59383028 0.42982125 1.64442036] 
81 [ 0.16689314 -0.43999398 -0.43533853 -0.58209135] [-0.27374818  0.31268676  0.21930093  0.14956442] [ 0.18253964 -0.4363079   0.41917113 -0.90420585] [-0.27054117  0.28717009 -0.05154629  0.16911527] [ 0.70807674 -0.8867168  -0.45820115 -0.74411736] [0.00535653 0.50094479 0.22487191 0.19071527] [ 0.94880065 -0.74552596  0.55293823 -0.02004095] [ 1.39985225e-03  1.11415851e+00  2.17436050e+00 -4.89360828e-01] [ 1.03018739 -0.83614081 -1.70888834 -0.94848621] [0.02946682 1.15847551 1.49498808 0.17974121] 
82 [0.22825103 0.2377421  0.23817983 0.59760255] [ 1.16260683 -0.13993956  0.14086824  1.55461888] [ 0.29602873 -0.06474473  0.29782049  0.25845563] [ 0.49338329  0.64743166 -0.04338917  1.6722295 ] [-0.16126912  0.14512607  0.49224513  0.11587501] [0.81609143 1.23087304 0.0923169  1.52804346] [0.20496508 0.6386946  0.01249618 0.09987997] [1.10913672 0.19078256 0.00846203 1.46017229] [ 0.16579313  0.84554015  1.51468153 -0.05353668] [ 1.20157768 -0.00379786 -0.74961347  2.50257081] 
83 [ 0.47250841  1.67641715  0.09171449 -0.52142635] [ 0.01281776  0.22920355 -1.38024261  2.89254627] [1.96134124 0.96460722 1.05116475 0.50038543] [ 0.16359711 -0.01543776 -0.26809167  1.40364653] [0.95235871 0.9558165  0.09654826 0.63723443] [0.00173679 0.6402345  0.66746335 1.5325142 ] [0.60966512 1.32299817 0.36022206 1.37694298] [-0.04349245 -0.17059549  0.54680947  1.68019799] [ 0.48549631  1.88028134 -0.39148214 -1.55654855] [-0.13579169  0.26305123  1.33354244  1.51178515] 
84 [ 1.67101618  0.30867797 -0.32824623  0.60574554] [ 1.5338288  -0.82650025  0.31300891 -0.21194856] [ 1.73894239  0.24200427 -0.23982666  0.5566102 ] [ 1.44479704 -1.1468916   0.05775038 -0.31033959] [1.16613115 0.70946752 0.07424148 0.63859522] [ 1.57975907 -0.26957862  0.70240215 -0.84408967] [0.37858144 1.30856296 0.37703258 0.30007396] [ 1.54809913 -0.08013177  0.93670038 -0.40742172] [ 1.05988272  0.92798381 -1.14710414  0.954662  ] [ 1.55957502 -0.56287434  1.5785036  -0.411323  ] 
85 [ 0.3665273   0.07985306 -0.17589693  2.29790716] [ 0.84988114 -0.53185236  0.78436584  1.68385789] [0.20358343 0.35212114 0.61669887 1.46815447] [ 1.16675138  0.09213851 -0.01043679  1.72934917] [ 0.1959071   0.36912685 -0.12370324  2.19825772] [ 1.16136502  0.10475658 -0.02756841  1.70392515] [ 0.20031724  0.89449302 -0.05441872  1.51236638] [ 1.18866858  0.02837313 -0.04739473  1.71743869] [ 0.20320469  1.33392622 -0.1179917   1.15933562] [ 1.19479031 -0.02827148  0.02528915  1.70655452] 
86 [ 0.22439589 -0.18256654  0.77062328  0.52419002] [1.05587659 0.06907453 0.11993018 1.58926893] [ 0.21153944 -0.05457718 -0.17612119  0.1137361 ] [ 1.96714672  0.13452127 -0.670348    1.11073572] [0.20234117 0.11067142 1.67558315 0.04339223] [ 1.23298418 -0.14127979 -0.20457675  1.84776754] [ 0.23462109  0.22569454  0.6388419  -0.36028537] [ 1.18359706 -0.1306795  -0.02180056  1.71069518] [ 0.29990207 -0.0691002   0.5890042   0.01730576] [0.42804236 0.69886653 0.06125438 1.58106899] 
87 [-0.15292406  0.11987619  0.62074888  1.05771769] [ 0.90236244 -0.46106488  1.36591383  1.57988535] [-0.1895706   0.51875411  0.49956278  1.11791814] [ 0.29026293 -0.29155557  1.40109915  1.59162382] [-0.18150486  0.12149378  0.64151041  2.15220603] [ 0.92734225 -0.45778451  1.46656286  1.6959951 ] [ 0.37043157  0.10155316 -0.18746237  1.43212928] [ 0.85590526 -0.4733634   0.63613699  1.58236439] [-0.17167948 -0.4631421  -0.74279245  0.6126526 ] [ 0.5032573  -1.47127506  0.0127976   1.73517254] 
88 [0.20102052 0.33645707 1.23824419 1.77612417] [ 1.1193551   1.61496274  0.20287212 -0.19223267] [0.16541831 0.51307521 1.89529528 0.76230255] [-0.51212463  1.35327829  1.43556761 -0.14638822] [0.1650723  0.34634515 2.31346623 0.60723761] [-0.49925824  1.44535249  1.73539489  0.17092147] [0.40524497 0.00379778 1.70677318 0.34468025] [ 0.02372513  1.49132689  0.90949114 -0.39669267] [1.65557229 0.45270806 2.72179154 1.09836216] [ 1.4637947   2.18508748  0.18215322 -0.17942075] 
89 [ 0.22381499  0.98520393  1.31497452 -0.01800236] [ 1.11765917  1.56102867  0.53588851 -0.47754087] [ 0.19598682  0.37455687  1.37490749 -0.54086381] [1.18214379 1.57473798 0.22053399 0.16426671] [ 0.18672349  1.73449329  1.64483388 -0.75233756] [ 1.06940415  1.67999204 -0.12808444 -0.17931064] [ 0.18767408  0.37960704  1.32931794 -0.50605202] [1.16091224 1.57428241 0.2351869  0.14593402] [ 0.21519002  0.3618625   2.18727712 -0.09100017] [ 1.1024859   1.30952148 -0.63364029  0.32853987] 
90 [-0.1778912   0.11523977 -0.95781322  1.68805737] [-2.06212087 -0.52719793  0.18880064 -0.16204204] [0.2371026  1.9039432  1.19662183 0.93327838] [-0.95312171 -0.65108691 -0.0394901  -0.64186978] [2.02955187 2.37114434 1.19010902 2.32878413] [-1.35683678 -0.34500779 -0.31702953 -0.24038378] [2.19570893 1.61859356 2.08803915 3.21174576] [-1.2254728  -1.4319889  -0.16910989 -1.57808603] [2.63521862 1.86645203 1.87322311 2.36040238] [-1.69379302 -1.59091196 -1.18075323 -1.87399487] 
91 [ 1.63839502  0.78843889  0.19319053 -0.37053022] [ 0.09865509  0.74505592  0.27026862 -0.41331134] [ 1.20344043  0.02188883 -0.01089376  0.88992927] [0.16540087 0.8808464  0.50916639 0.77533213] [ 0.52515842 -0.00424078  0.01563628  1.58403268] [-0.32460951  1.14557656  0.7356326   0.77257564] [1.91738437 0.31449981 0.19982248 1.22131131] [-0.25385254  0.43922889  0.24876801  1.65179721] [ 2.22029592 -0.15510298  1.30413481  2.49778927] [-0.38531457  1.04230279  0.30817889  1.78788586] 
92 [2.14133135 1.08089097 1.60489706 0.01950704] [2.06999319 0.24359749 1.37370334 1.57812198] [1.24487505 0.89466224 1.41569325 0.86306865] [1.54549249 0.00608873 1.52600563 1.14467014] [1.14738324 1.01968746 1.30766516 1.01152037] [1.57396003 0.55181395 1.56078284 1.14752037] [1.24790267 0.89637788 1.41089637 0.85381327] [ 1.54810786 -0.00177911  1.51959314  1.12967287] [2.13484664 0.71493595 1.70029664 0.07411247] [2.11918518 0.36931073 1.80765474 1.12975049] 
93 [ 0.2238385   0.48590839 -0.04915343  0.26197189] [1.12264579 0.75792837 0.85780514 0.10523906] [ 0.20090006  0.37462832 -0.01030294  1.15553377] [1.17257295 0.68503733 0.90136644 0.18725581] [0.21151638 1.75449821 0.04626617 1.68165485] [ 1.0549956   0.67970372  1.05399027 -0.13941636] [0.21018465 1.72342054 0.0414735  1.68357396] [ 1.05113532  0.58272936  1.17403412 -0.15203469] [0.21242904 1.86558782 0.06930824 0.78598532] [ 0.9717253   0.47174572  1.13352039 -0.16917653] 
94 [ 0.65065687 -0.00218399 -0.62723897  0.65667687] [0.55710829 0.9658247  0.71228241 1.47939012] [ 0.63482668  0.00464412 -0.63983221  0.67436965] [0.57069273 0.94119005 0.72263368 1.46152941] [ 1.98870442  0.36341894 -1.79441041 -0.07194359] [0.72563843 0.82430169 1.07063722 2.50851283] [ 0.28238131 -0.14209598 -0.10764862 -0.39109102] [0.30597149 1.5263367  0.65796279 0.25039439] [-0.13879637 -0.33053388 -0.63059484  0.09388692] [0.52973142 0.27312958 1.97507018 1.34198179] 
95 [-0.21115128 -0.1936983   1.85401636  0.55170701] [ 2.16652429 -1.37046494 -0.22335031  0.22060564] [-0.17334107 -0.22384001  1.75591875  1.05995136] [ 2.04640467 -1.55999786 -0.15803775  0.14877286] [-0.23057698 -0.20466287  1.84336221  0.53535553] [ 2.12618987 -1.32836605 -0.2264363   0.21929522] [-0.2206346  -0.01008246  2.30400361  1.27496203] [ 2.01828105 -1.32510663  0.19836795 -0.23571228] [-0.22922585  0.14428109  1.44395967  1.80542289] [ 2.24434496 -1.75546516  0.23776919 -0.18773415] 
96 [0.2031297  0.40649801 0.12265058 1.0399736 ] [1.16569836 1.60609427 0.0060362  0.19945015] [0.18763544 1.84748548 0.02282232 0.78042141] [ 1.04951533  1.21383719  0.40439338 -0.19179026] [0.29306578 1.98794695 0.45389607 1.55797595] [ 0.55398987  1.53333035 -0.09597761  0.55498393] [ 0.194876    1.90730676  0.72935518 -1.75803713] [ 1.06104728  1.55937135 -0.23264052  0.17831765] [0.18324252 1.8554082  0.65482252 0.49262401] [ 1.08287415  1.53865423 -0.26657955 -0.16250697] 
97 [ 0.205817    0.52589698 -0.00852524 -1.04367711] [ 1.13286456  0.71246126  0.91619131 -0.1379423 ] [ 0.21383753  0.42037445 -0.06682771 -0.24286114] [ 1.10017298  0.72091169  1.06007796 -0.17196228] [0.21889622 1.86912606 0.06649289 0.78205761] [ 0.98559314  0.46320083  1.12299015 -0.15691506] [0.22151565 1.70054469 0.06912181 1.707398  ] [ 1.06661163  0.41562239  1.346472   -0.16015658] [ 0.21515603  0.42307086 -0.05090219  1.191216  ] [1.18424404 0.16327874 1.42769221 0.18589094] 
98 [ 0.92975361  0.60055636  0.44739532 -0.23172717] [-0.00982006  0.02702022  1.28203082  1.32893628] [ 1.06946379  0.83491796  0.06619437 -0.20490007] [-0.00759611  0.46197034  0.91520808  1.3664243 ] [0.90310763 1.03175372 0.15079693 0.26385743] [-0.00797465  0.79094974  0.57102842  1.37702587] [1.59200484 0.56244448 1.56343528 0.08522227] [-0.04748691 -1.22654574  2.36476271  1.06522421] [0.75381751 1.15430804 0.09268042 1.11539895] [0.02166804 0.63781029 0.67040541 1.58145551] 
99 [ 1.56602461  0.49983371  0.23013027 -0.51751506] [1.49127695 1.02080396 1.38318093 0.18813173] [ 1.67156151  0.3981973  -0.30778304 -0.55735815] [1.55865539 2.28268476 0.40972477 0.17559345] [ 1.56471578  0.49309208  0.2149049  -0.54737454] [1.50530795 1.04275186 1.38321542 0.18516254] [1.55877015 0.51181828 0.22230751 0.51524903] [ 1.51336969  1.01644443  1.233563   -0.21342478] [ 1.53829962  0.49551838  0.27260935 -0.09890928] [1.53498053 1.03733249 0.97204126 0.34884904] 
100 [ 1.4982251   0.74325959 -0.40697331  0.03373212] [0.03646285 0.38126848 0.56159748 1.18872013] [ 1.47781583  0.53193739 -1.48916938  0.20297912] [0.00740087 0.92452103 0.70311988 1.20045376] [ 1.76719501  0.2804131  -0.27478137 -0.20968662] [ 0.19680034 -0.3279172   1.43894379  1.3311493 ] [1.27666381 0.46515249 0.1508159  0.11190307] [ 0.0038207  -0.32413065  1.08687023  1.17891971] [ 0.22591122  1.47894404 -0.82685878 -0.13227373] [-0.41171842 -0.14120496  1.31945674  1.66944557] 
101 [ 0.20306931 -0.44526051  1.65485377 -0.7125842 ] [1.10108868 1.52942747 0.07089716 0.1464359 ] [ 0.2134195  -0.87151542  2.02663775  2.40417438] [1.13365402 1.53464344 0.07525706 0.10265254] [ 1.98689652 -0.28522144  1.4615313   1.68845048] [ 0.99746819  1.29259236  0.23231993 -0.17039396] [ 1.5026511  -1.11969006  2.28280986  1.68118273] [ 0.06248354  2.08133764  0.2035579  -0.67439358] [ 1.62423281 -1.4435649   1.87984601  0.73553451] [ 0.07057509  1.11778863  1.58000334 -0.20106936] 
102 [-0.13917863 -0.36120184 -1.23807258  0.61425577] [0.46545831 0.22087456 0.12880699 0.15955635] [-0.12876369 -0.36312304 -1.27202964  0.64977096] [0.50299075 0.23685554 0.15420109 0.14821784] [-0.19657865  0.13001049 -1.73971783  1.77969301] [0.9823532  1.16328676 1.45837389 0.11936641] [ 0.19557465 -0.61955674 -1.27575593 -0.32515447] [ 2.79132032  1.78114907 -0.01180065  1.59869395] [-0.21885733 -0.98489902 -1.5520074   1.09112464] [1.95434354 1.5952075  1.55091948 1.76991255] 
103 [-0.23837133  0.30576648 -0.14253045  1.34035166] [-0.81957953  0.15167494  1.20736289  0.19539628] [-0.24705427  0.28993512 -0.13701948  1.33799104] [-0.82337786  0.15964177  1.18933894  0.17867837] [-0.22622811 -0.11904153  0.29877758  1.32778832] [-1.04344035  0.09101847  1.44497441  0.20056431] [-0.25275689  0.15759461 -0.08353517  2.49020193] [-0.84469006  0.82448707  0.38734064 -0.19289623] [-0.29337529  0.05185425  0.23713364  2.63771393] [-0.5492761  -0.63494169  1.64803261 -0.12001924] 
104 [0.81468265 1.10380506 0.0962583  1.54175974] [0.00938741 0.60990312 0.67545402 1.44844713] [ 0.88420402  1.35638542 -1.16285249  1.67685017] [-0.0257087   0.48241971 -0.01876652  1.43512319] [ 0.61530532  1.19706835 -0.93424091  1.79465612] [0.05256479 0.38236147 0.09634133 1.41325714] [ 0.9245023   0.88385413 -1.17274572  1.92051473] [-0.00347132  0.37906857  0.0865569   1.44850071] [0.6370083  1.528381   0.15177408 1.66771565] [-0.07519457  0.37908073  0.19910949  1.39951917] 
105 [0.22550522 1.41009051 0.13651766 0.75485057] [-0.40584603  1.26163815  0.21169739  1.54627922] [ 0.23120642  1.47756209 -0.1051827   0.16529653] [-0.31483419  1.11165859 -0.23932874  2.00493061] [ 2.22378297  2.66333822 -1.03544654 -0.31414694] [-1.10874991  1.32543323 -0.04236443  1.62221222] [ 2.15725599  1.63604667 -0.62900382  0.7379514 ] [-1.20578378  2.07709389 -0.09930518  1.27716181] [2.16684648 2.426537   1.44191089 2.27423828] [-0.83333645  2.47313618  0.17484652  1.91144818] 
106 [0.27466569 0.19542122 0.84723113 0.97068344] [ 0.25478461 -0.15293019 -0.00740252 -0.99356627] [1.75268615 0.74271284 1.32955142 0.14660597] [ 1.35358998 -0.00367412  1.11507752 -2.28817052] [1.85711752 0.92309244 1.23586831 1.61873497] [ 1.78052872 -0.01047288  0.54323301 -1.41252981] [2.07091674 1.91120232 1.47556114 1.60831734] [-0.54563003  0.36778903  0.60734431 -0.26086157] [ 1.83449879  2.32283246  0.34505301 -0.04391591] [-0.35997584  0.63398063  1.29573167 -1.00703509] 
107 [0.19628559 1.88144672 0.04552428 0.78976126] [ 0.99091025  0.78345853  0.82619209 -0.2005593 ] [0.19502042 1.89394272 0.0398217  0.77060338] [ 1.00722443  0.76874932  0.82434626 -0.19676988] [0.1966287  1.88549384 0.05020568 0.79140373] [ 0.98355723  0.8737967   0.73636063 -0.15958231] [0.19205325 1.85982948 0.03270351 0.84783434] [ 1.01176323  0.86810912  0.79489939 -0.15708969] [0.21850449 1.88417649 0.06953915 0.77642423] [ 0.98887567  0.5084462   1.07471845 -0.16227156] 
108 [ 0.2367276  -0.32603163  0.26471567 -0.17248652] [1.2014352  1.22885527 0.07936182 0.23384076] [ 0.21033979  0.02842361 -0.55072045  0.06381696] [ 1.37626345  1.41953458  0.73889916 -0.50623145] [ 0.21105377 -0.30232553  0.11959106  2.27436206] [ 2.05779695 -0.18386458  0.82143951  0.1785593 ] [ 0.19935861 -0.17409751  0.03268209  0.12375813] [2.01093763 1.01926273 1.42633994 1.22394802] [ 0.20655118 -0.63731603  1.25374281  0.58025557] [2.80759361 1.79529123 1.55898445 0.00462031] 
109 [0.93395147 1.3889565  0.31559671 0.24737296] [ 0.01323769  0.62275128 -1.15500634  1.79747145] [0.42059861 1.71708071 0.20020474 0.15143591] [-0.13979172  1.79902079 -1.44638059  1.84148155] [0.16697098 0.45759648 0.69529954 0.0009342 ] [-0.52625719 -0.25048902 -1.28489089  1.10226626] [ 0.67851212  1.37549382  1.81031876 -0.44963022] [ 0.03018882 -1.34047928 -1.22722821  1.46181128] [ 0.22655611  0.56072299  1.79468429 -0.23079518] [ 1.0162711  -1.35623261 -1.79512104  1.7653089 ] 
110 [0.80814064 1.07650123 1.87177167 0.39143179] [ 0.01926144 -0.29384651  0.20069695  0.63971336] [1.94138708 1.99808608 1.45372962 1.65281381] [-0.58335279 -0.34750362  0.22861493 -0.18144792] [2.11222155 2.26696149 1.65516833 1.02037242] [-2.08312792 -0.74160923 -0.196009    0.17350013] [1.82065359 2.03556721 2.15612293 2.18135207] [-1.70202506 -0.58140302  1.38195091  0.85589751] [2.02351394 1.68890497 1.43689203 2.56530463] [-1.15178359  0.27491278  1.3242113   1.4973381 ] 
111 [ 1.83618463  0.13550398 -0.49003291 -0.22414623] [-0.39720708  1.08312688  0.73309335  1.2585425 ] [ 0.60297568  0.02866875 -0.32664835 -0.06727266] [ 0.1371442  -0.12124814  0.4720128  -0.91546246] [-0.16465459 -0.39022579 -0.72798812  1.58703941] [ 0.59885317  0.25062354  0.18081896 -0.16099132] [ 0.25306116 -0.34114799  0.14058152 -0.26257724] [ 1.00086759 -0.32565776  1.97517776 -0.10941738] [ 0.23944302 -0.76257625 -1.61002574 -0.46898835] [ 1.7653189   0.06867713  2.41514963 -0.26219133] 
112 [ 0.19279696  0.39001059  1.29258651 -0.52843169] [1.1512881  1.59261985 0.2280859  0.15781675] [0.17488875 0.51290657 1.90448676 0.7105993 ] [-0.49860213  1.38584818  1.45371143 -0.11527719] [-0.18753653  0.56015623  1.76304792  0.7497721 ] [ 0.32375975  1.31512502  1.55229255 -0.11309995] [0.17326421 0.54594537 1.89066908 0.74637424] [-0.51672597  1.37228284  1.44014012 -0.13777711] [0.2078173  0.1663322  0.95054792 2.38190869] [ 1.11723045  1.61360413 -0.22389253 -0.31964971] 
113 [ 0.18496528 -0.38005624  0.94065502  1.21471796] [1.03111751 0.03179325 0.13493805 1.71902759] [ 0.2109278   0.046384   -0.60429345  1.77589814] [1.23517321 1.53572864 1.77707113 1.64083488] [ 0.17708599 -0.118394    0.81352062  2.24422368] [2.11631778 0.45255059 1.42413071 1.6485083 ] [ 0.18997163 -0.11064043  1.14960106  0.22862935] [2.05205746 0.56784124 1.34488579 1.72126477] [ 0.21013581 -0.70762189  0.08333745  1.95654723] [ 2.8104226  -0.42569109  2.22919577  1.68719814] 
114 [0.1249865  0.25574183 1.53082764 1.65892139] [ 0.80848742  0.63057163  2.02825396 -0.27273474] [ 0.29619789 -0.07122031  1.03768159  0.83216782] [0.53183621 0.60167751 1.59262632 0.02578061] [ 0.26713927 -0.05081985  0.45836959  1.13561088] [0.52486733 0.63376819 1.6345286  0.15611063] [ 0.34531402  0.0768735  -0.12472523 -0.76470474] [ 0.92920865 -0.57447112  2.3348      0.18160102] [ 0.34266539  0.07919381 -0.12034408 -0.76119366] [ 1.00297875 -0.66842896  2.35607544  0.17815709] 
115 [ 0.31299737 -0.07509278  1.4331772   0.02234601] [ 0.39097218  0.73264787  1.59467482 -0.01480615] [ 0.2981369  -0.06551825  1.43602621  0.01332833] [ 0.46760029  0.67452216  1.57454828 -0.0059999 ] [-0.15607112  0.42462197  0.45993069  0.61090804] [ 0.27345219 -0.32352222  2.92283729 -0.14246639] [0.18719157 1.09521005 0.76169527 0.8058295 ] [ 1.06584871  0.00492398  1.58786218 -0.21546975] [-0.19919615  0.60225381  1.41944513  2.40524975] [0.33453728 1.3489485  1.60465711 0.04059687] 
116 [ 0.20744326  0.38020355 -0.1186129   1.27014714] [ 1.16622085  1.6033529  -0.02402935  0.2162318 ] [ 0.20362951  0.48506793 -0.86710497  1.77706966] [ 1.13926804  1.61911632 -0.15221095  0.18852711] [ 0.20903594  0.48835853 -0.88562231  1.82562344] [ 1.13262561  1.61880446 -0.12217282  0.1738567 ] [ 0.20927164  0.48520041 -0.88410429  1.75561241] [ 1.13403205  1.63114057 -0.13421456  0.17219754] [ 0.21079259  1.54412016 -0.75056383  1.74245276] [-0.43203912  3.01206719 -0.19452182  0.09548391] 
117 [-0.14660999 -0.36271281 -0.60569466 -0.57402407] [0.54406198 0.28251288 0.21238614 0.12953547] [ 0.11887778 -0.12297086 -0.50985954 -0.56489574] [2.25051693 0.47372866 0.24655288 0.1602323 ] [ 2.23483002 -0.45075787 -1.02000165  0.09369807] [0.31082017 0.2000289  0.27637319 1.34808603] [ 2.26189147 -0.00900169 -0.27904231 -1.42494318] [ 0.51885191 -0.23026741 -1.43258221  0.23105567] [ 1.83307189  0.14950009 -1.25788399 -1.6024715 ] [ 0.16259161 -0.49720236 -0.22668592  0.19802254] 
118 [0.27163694 1.1026839  0.34747473 0.28182845] [ 0.50639861 -0.30518087  0.80164131  0.05132838] [0.21464974 0.57786562 0.80128901 0.06924011] [1.10691305 0.10298129 1.58876009 0.01259877] [ 0.19164406  0.57113707 -0.32439486 -1.80088162] [ 1.08840368 -0.11321438  1.47573001  0.28872857] [-0.18776159  1.79247148 -0.21692015 -0.59823271] [ 0.51004935 -1.52371469  1.29591386 -0.16458682] [ 0.27018031  2.3169975  -0.13483344 -1.77706342] [ 2.67250888 -0.74086938  0.89332265 -0.17690994] 
119 [ 0.22768091 -0.02743829 -0.19854781  2.28064904] [1.06352685 0.95694552 0.82623853 0.29200247] [0.18605956 0.56104013 1.91343379 0.7563484 ] [-0.50488916  1.36751476  1.43897458 -0.11213099] [ 0.19339725  1.0651911  -0.05126357  1.70302012] [-0.5307328   1.87206886  1.14081889  0.24902652] [-0.21657296 -0.06383316  0.6011562   2.28851101] [-1.2251812   1.58228374  1.40871738  1.64086182] [-0.21156829 -0.03018587  0.64382733  0.43969462] [-1.16524626  1.52324502  1.34214545  1.65739359] 
120 [ 0.93604064  1.30627577  0.46692291 -0.65352629] [-0.02499582  0.52942259  1.46619225  0.17850233] [ 0.5868095   1.42574714  1.85461919 -1.61844624] [-0.02074441  0.88348688  1.98117093 -0.29091112] [ 0.6144424   1.41943737  1.39373841 -1.65837407] [0.01694415 0.88294571 1.05058674 0.28298993] [ 0.73167524  1.28051414  1.86301344 -1.60624857] [-0.01536668  0.86479384  1.98353752 -0.28212763] [ 0.94991588  1.28859424  2.02568496 -1.51050322] [-0.01405458  0.4593647   1.53892595 -0.23882507] 
121 [1.14657749 0.7939749  0.66900882 0.4593407 ] [1.56608481 0.45884551 0.91401232 1.23898065] [ 0.7688056   0.6569298  -0.14550169  0.79578024] [1.56645797 0.03619667 1.55702835 0.77909454] [ 1.48765988  0.50816012 -0.19574531  0.1274349 ] [1.52076583 0.5550981  0.66583623 1.1118987 ] [ 1.57744902  0.51497557 -0.22261614 -0.50516038] [1.50479215 0.48811351 1.91175887 0.20085559] [ 1.56417004  0.50285986  0.25648033 -0.55257363] [1.49504364 1.00296818 1.40920914 0.19005636] 
122 [0.80078572 0.32102382 0.08812159 0.86056248] [0.01540501 0.02756387 1.5296605  0.80172387] [0.36947897 0.06212047 0.12814289 1.57809641] [ 0.3707089  -0.36197654  1.648071    0.7587512 ] [ 1.43792159  0.48156314 -0.16357734  2.28916693] [-0.02090558  1.15762888  1.00346739  2.76853978] [ 1.49295228  0.42982708 -0.0515124   1.94817067] [-0.05967337 -0.04942779  2.71364216  2.72286293] [ 1.86859148  0.08235995 -0.18975083  2.31025112] [0.40173697 0.74423968 1.18056995 2.80576905] 
123 [ 1.29348285  0.69261231 -0.18568083  0.82751066] [-0.02482183  1.33603411  1.36774528  0.2254392 ] [ 1.29329735  0.70439128 -0.17706239  0.76610896] [-0.02092282  1.36545625  1.37004789  0.23592103] [ 1.3968732   0.59654827 -0.17814444  0.80936799] [-0.03255527  1.33670656  1.37685427  0.24448955] [ 2.01570703  0.94663513 -0.61392868  0.13331082] [0.86938249 2.03619456 1.34845219 1.95963731] [ 2.22649543  0.39363999 -1.54344447  1.6308838 ] [0.46348013 1.583411   1.58154837 1.31199023] 
124 [0.22728249 0.59613891 1.29592798 0.11763423] [0.95878877 0.13289633 0.3498416  1.25226018] [0.23654729 0.57830791 1.32086404 0.13135894] [0.92832734 0.14817476 0.33807815 1.25570355] [0.23263738 0.22042147 0.28397771 0.01820215] [ 1.1800279  -0.11930918  0.00960962  1.68526297] [ 0.20266366 -0.52899079  1.13322599  0.68839605] [ 1.10396521 -0.05188308  0.11515012  1.6220302 ] [ 0.24350792  1.751357    2.24366384 -0.18812448] [ 0.62056359 -0.28282224 -0.7396255   1.69941895] 
125 [0.2218312  1.04958335 0.47172203 0.36163484] [ 1.12071247  1.57544345 -0.00969827 -0.05416246] [-0.18918714  1.47154041  0.80615915 -0.2327277 ] [ 0.6284907   0.08381124  0.19308198 -0.09302855] [-0.1950603   1.20558613  0.97464936  1.38019477] [ 0.53450379 -0.21341328  0.03387359 -0.33809945] [-0.20030545  1.17702581  1.06532856  1.30435158] [ 0.54876388 -0.21788539  0.03678767 -0.32788556] [-0.22805705  2.30084566  0.87963096  0.44088234] [ 0.7223631   0.23967631 -0.06270543 -0.20437452] 
126 [1.61233146 0.52588928 0.47300447 1.26396032] [ 1.56110088  1.10297372 -1.6154653   0.30272829] [1.55176049 0.55718206 1.21505824 0.82650451] [ 1.58178769  0.89053838 -1.57420707 -0.3421964 ] [1.9297344  0.16531017 1.90102943 0.63663403] [ 1.37814681  0.09201239 -1.28915579 -0.2229995 ] [1.98945709 0.4084443  2.30410432 1.53050986] [ 1.06198425  0.71369993 -1.53491868  0.30859515] [ 2.01394852 -0.17231537  0.6174584   0.55156283] [1.35407025 1.42285457 0.27182734 0.18151469] 
127 [1.93076292 0.28916353 0.20510175 1.26764935] [-0.26636684  0.43995783  0.2497789   1.65464245] [ 1.83604435  0.18550093 -0.26008644  0.27288235] [-0.43421589  1.05530794  0.56889239  1.26533739] [1.67402635 0.71584804 0.28406201 0.51931313] [0.11342    0.42344009 0.30726246 0.1193512 ] [2.00214165 0.85979773 1.50393552 1.61718802] [0.99419737 0.20376694 1.23151716 0.24634608] [0.19386087 1.52428031 0.76592691 1.90426021] [ 2.01094612 -1.67081042  0.32901568  0.89559511] 
128 [1.02658657 0.88366062 0.30685487 0.20858699] [-0.0047619  -0.23857581  0.47773208  1.82463683] [0.95211202 1.29378814 0.63399993 1.16189017] [-0.00455902  0.47326877 -0.10170307  1.455936  ] [0.06142814 1.87733347 0.47313261 1.53171856] [0.00324615 0.22776549 0.16586602 1.27488984] [0.17858298 1.35042969 0.64169059 1.77264667] [-0.1755622  -0.12615223 -0.14551761  0.95209141] [-0.20519545  1.24427734  0.12953949  1.55745984] [0.50578471 1.33921542 0.29946132 1.49290562] 
129 [-0.22467301  0.66586525  0.46958343 -0.0913446 ] [ 0.3339665   1.31533368 -0.05006462  1.69080716] [0.18548858 0.4829597  1.33480963 0.32833897] [-0.50511552  1.32937394 -0.02671054  1.65415709] [ 0.32099246 -0.07949371  1.27889026 -0.015105  ] [0.36879674 0.7768731  0.31680081 1.28591883] [ 0.21009768 -0.51045116  0.95052165 -0.12615841] [ 1.14860056 -0.07766352  0.20476797  1.39364147] [ 0.26261159 -1.63173255  2.35386145 -0.79342275] [ 0.86854634 -0.22204409 -0.07710518  1.889096  ] 
130 [ 0.13960959 -0.50205504  0.8561194   0.63346378] [-0.41658818  0.13292987 -0.19560936 -0.17254468] [ 0.13906699 -0.50976565  0.87238385  0.62087707] [-0.40910532  0.14029126 -0.19407369 -0.15630819] [ 0.12201681 -0.42185916  0.81856786  0.63034499] [-0.45360878  0.13224684 -0.2137602  -0.14750174] [ 0.14942393  0.31077203 -0.13947208  0.90807967] [-0.4993748  -0.43498908  0.19189809 -0.18273277] [ 0.22580149 -0.06661703 -0.14243782  1.5837259 ] [ 0.82408739  1.41427202  0.47376888 -0.16911108] 
131 [0.56478855 1.26979005 0.41017591 0.21842506] [-0.09295602  0.04970592  1.85211339  0.29439817] [1.64015632 0.38325779 0.57272881 1.23584772] [-0.06638475 -1.34903886 -0.10487113  0.35748062] [2.03145691 1.01265677 1.60080974 1.74089888] [ 0.87688593 -1.15448145 -0.30536979  0.22834206] [2.02609188 0.9444635  1.69861376 1.91103815] [ 0.91383143 -1.09438171  1.29443803  1.39163077] [2.01367525 1.65767207 1.63433127 1.05295188] [ 0.78970633 -0.95651838  1.30254181  1.53038249] 
132 [1.7535881  0.614504   0.32786161 0.20407104] [ 0.11879447  0.49884486 -1.3536359   1.72430296] [ 1.99385613  0.30030283  1.66417562 -1.66644933] [-0.4215433   1.0252991   1.05969275  0.28719991] [1.99111533 0.30832289 1.50987209 1.36709055] [-0.27372428 -0.98916264  1.8234736   1.52812251] [ 2.23249839  0.0477821  -0.54761897  1.36647018] [0.67279594 1.2424258  1.32380802 1.61628005] [2.01915073 0.92730729 1.70236468 1.91831169] [0.89818019 2.05446201 1.29453546 1.40319969] 
133 [0.78143938 0.8073462  0.49887363 0.67816339] [0.00781706 1.53400591 0.81623667 1.72478878] [ 2.17162108  0.50906309 -0.92765392  1.41328346] [0.5433012  1.48506839 1.7199739  1.33942889] [0.66242097 0.93202215 0.49097771 0.6588657 ] [0.01238124 1.52893359 0.82489518 1.74810609] [1.36168407 0.2325075  0.48298668 1.57486413] [0.00382247 1.52134433 0.64754271 1.79817498] [ 2.27163741  1.82893754 -0.48406642  0.09347123] [0.27164407 1.33024888 1.01303951 1.95803545] 
134 [-0.17848573  0.11998337  0.86226229  0.24027236] [ 1.07464314 -0.53487165  1.33368859  1.73195823] [-0.24704091  0.1102865   0.04689959 -0.92694174] [1.08994022 1.59522713 0.99899157 0.19710101] [ 0.21853205 -0.18453751  0.23183992 -0.62774374] [1.26482568 0.02342477 1.50856592 0.22452799] [-0.16579383  0.4668666  -0.06033434 -0.81236983] [0.28570803 2.22323024 0.67696032 0.13190657] [ 0.22240145 -0.23292819 -1.20725211 -1.43621573] [1.06248094 1.60480511 1.40129897 1.68073969] 
135 [ 0.27292682 -0.06726375  0.27021549  0.29634454] [ 0.64110534  0.50212309 -0.03635664  1.66603916] [-0.20769334  0.2776663  -0.08587629 -0.10603193] [1.09991159 0.21009186 0.56457306 1.86642812] [ 0.36238466  0.09614886 -0.17044133  0.53729761] [ 0.91340806 -0.51967446  0.6427267   1.64211193] [ 0.19739308  1.76644677 -0.01935652 -0.78024069] [ 1.07052505  0.13074479 -0.0302113   1.59872415] [-0.87155979 -1.1410421  -0.70538541  1.61591846] [-0.00379003 -0.9038194  -1.04727511  2.87544398] 
136 [ 1.04975286  0.36574272 -0.13440575  0.18094435] [-0.05781816 -0.90317449  0.39176796  0.82323476] [ 0.42109314 -0.23495296 -0.49056858 -0.49329027] [-0.00736589 -0.29172767  0.28886141  0.17267676] [1.91868926 0.35806086 0.67952566 0.25076454] [-0.10616817  0.5197108  -0.11961719  1.6527221 ] [ 1.67925213  0.49846615 -0.18999073 -0.29018294] [ 1.54598679  1.95659092 -1.23539279 -1.40063394] [ 1.28666052 -1.31461719  0.24821686  0.11182119] [ 1.55627253  0.92316279 -0.24885477 -1.5963855 ] 
137 [ 0.22578586 -0.07012169 -0.14607584  1.5462762 ] [ 0.88862564  1.32093794  0.49001022 -0.18492022] [ 0.22597104 -0.06836455 -0.13314703  1.54349296] [ 0.94836962  1.25625796  0.50451119 -0.18203068] [ 0.25602964 -0.04455018 -0.04713455  1.52914162] [ 0.78732167  0.43757605  1.535407   -0.16415533] [ 0.04161379 -0.17703368 -0.59201098  2.31337635] [1.72044788 0.5268525  0.35146855 0.17812378] [1.85085901 0.24109329 0.11448403 1.80834536] [-0.42048436  0.80669984  1.35554592  0.34225013] 
138 [ 0.31308182 -0.07339431  0.59325995 -0.030605  ] [ 0.40207536  0.73436075  1.8382496  -0.20327139] [ 0.29537466 -0.0707171   0.62026876  0.00085061] [0.46054141 0.66704666 1.18496306 0.48952627] [ 0.63999285 -0.00916872  1.64879499  0.32725781] [-0.18679206  0.13173982  2.02825267  0.24647879] [1.11258473 0.00978211 1.04846072 1.0019908 ] [ 0.19044501 -0.2077417   2.12578179  0.28859835] [1.69189244 0.41142361 0.2844158  0.53657906] [ 1.56175017 -0.72655553  2.72790086 -0.18503513] 
139 [0.20916626 1.69425932 1.65168365 1.67364915] [1.06098645 1.73198701 1.40274105 1.6102799 ] [0.18169121 2.16118672 1.42165518 0.86966423] [1.25156368 1.66990532 1.79720338 1.61661621] [0.22658142 1.31280706 0.74030755 1.7367512 ] [2.66584956 1.36171234 0.02901029 1.44820537] [-0.13782128  1.9163285   0.63111758  1.63553882] [0.59521411 1.17014533 1.10474429 0.27660211] [-0.56400015  1.57298732  1.05022291  2.46853506] [1.53426754 1.57860739 1.07021593 1.87300385] 
140 [0.16596236 0.45094961 0.75847654 1.16406579] [-0.52062373 -0.2522775   1.38422465  1.56075629] [1.39632885 0.83124231 0.09792758 0.44318341] [0.01892438 0.43783248 1.64371885 0.23624089] [1.68907781 0.7072125  0.09753957 0.33111574] [ 0.11695353 -1.03674608  1.49717304  0.27605998] [1.09789432 0.66261326 0.16178585 0.12608343] [ 0.01016801 -0.31519226  1.03497801  1.19315042] [ 2.15764995  0.06913741 -0.52885516  1.35258468] [ 0.17094346 -1.34128723  1.32760696  1.60345913] 
141 [ 2.27670154 -0.69191371  0.01689424  0.47534768] [ 0.09488456  0.36544307  1.10370391 -0.76985115] [ 0.17858206  0.48656396 -0.43059014  1.08704726] [-0.48919103 -1.80264564 -1.52948127  0.1069034 ] [ 1.12495879 -0.27849117 -0.65638835  0.59701723] [ 0.00670437 -0.02047878 -0.50967747 -0.20985237] [ 0.60887978 -0.81719351 -0.99047767 -0.00172416] [ 0.03136562 -1.11834708 -1.05379707 -0.54481209] [ 0.50592603 -0.6843229  -1.86897348  0.68650024] [ 0.05381038 -1.06022909 -1.66836326 -0.17316469] 
142 [ 2.25121255 -0.29903974 -0.15659103 -0.68609199] [0.27641681 0.13824619 1.73304292 0.18588042] [ 2.26471332 -0.44753364 -0.55206101  0.07144397] [0.31527525 0.21871255 1.34880677 0.16105867] [ 0.16217059 -0.42264686 -0.43647736 -0.53404497] [-0.29149023  0.30537415  0.22667915  0.14116215] [ 0.19970303 -1.68630682 -0.00625177  0.55698412] [ 1.11024786 -0.35406269  1.73722846 -0.1568394 ] [ 0.65293394 -0.69092687  0.21105173  0.08478765] [ 1.51898843  0.59489086  0.15707228 -1.48321989] 
143 [ 0.2020724   0.38473847 -0.00817504  1.18402889] [1.1807453  1.01312959 0.58561434 0.18002435] [ 0.20880531  0.4035906  -0.09441029  1.23528695] [ 1.14809746  1.65438977 -0.04750579  0.20373638] [0.20573642 0.37926448 0.01535083 1.12882869] [1.16260408 1.54405594 0.05295016 0.21051373] [ 0.18283173  1.86115801 -0.24142525  1.0055724 ] [ 1.11422371  1.53402912  0.07583171 -0.18656995] [0.18517412 1.85619119 0.07655872 0.74160662] [ 1.13646083  1.83684493 -0.23594826 -0.16900741] 
144 [0.82070904 1.38658708 0.09089729 0.4538108 ] [-0.02672671  0.39874625  1.70742125  0.24224246] [ 1.97642014  0.31618515 -0.04892661  1.57311655] [-0.20712448  0.39371745  1.67801762  0.2388636 ] [ 0.22570369 -0.06800339 -0.14097932  1.54794911] [ 0.87466535  1.35285472  0.47818168 -0.17746981] [ 0.21309701  0.27482006 -0.05467687  3.38809418] [ 1.22225561  0.22695684  1.32769945 -0.21040301] [0.22310035 0.34794581 0.00455794 2.24690563] [ 1.11054681  0.02927582  1.32724523 -0.26374423] 
145 [-0.200212    1.43481939  0.07416489 -0.19929586] [0.49555548 1.21893702 0.47544227 1.44672178] [ 0.21621457  0.44470187 -0.11352698  0.00999207] [1.14740955 0.28964111 0.19070267 1.14194111] [0.90302867 1.16695689 0.31647505 0.64474217] [-0.0160066   1.32539058 -0.24476962  1.60303832] [1.01838473 0.91111419 0.29308934 0.18869666] [-0.0122636 -0.2538672  0.4570097  1.8082695] [ 0.6516737   0.96147043 -0.88892666 -0.71232894] [-1.70740535  0.04001836  0.09495686 -0.81232748] 
146 [0.21818675 0.20298352 0.2096687  1.13496595] [ 1.19047028 -0.08496812  1.65719462  0.16045179] [1.5954765  0.83714888 0.51993322 1.50711606] [ 1.63152378 -1.59060347  1.59558144 -0.42149979] [1.99669601 0.06740739 0.24464439 1.5503234 ] [-0.2874218   0.00777848  2.13829199  0.26133708] [1.01168816 1.52356287 0.40104467 2.56829275] [ 0.98560198 -0.3479027   2.94868729  0.6096961 ] [1.90350831 2.10729949 2.07016358 1.5337585 ] [ 0.72757629 -0.17924216  4.01959941  0.24141391] 
147 [0.21410903 0.3860298  1.14135989 0.56678434] [1.15988412 1.57986567 1.76397648 1.57703501] [0.22238113 0.96893827 1.43270096 1.17570786] [1.22604301 1.56356888 1.58186038 1.79450505] [0.18449877 1.50167275 0.30743268 0.84150101] [1.07391266 1.58730168 1.61831135 1.79005495] [0.21261901 0.89049115 3.27839063 1.58559348] [1.17975571 1.56781293 1.58740157 1.77660627] [0.1979386  0.72023079 0.32470318 1.63681243] [1.05749438 1.53133877 1.57454845 1.78903663] 
148 [ 1.60202792  0.38503232 -0.18730152  0.79126579] [5.14028487e-04 1.33304855e+00 1.38068310e+00 2.36505804e-01] [ 1.25441628  1.01289031 -0.29711751 -1.39327954] [0.00266708 0.31150905 1.71154519 0.23143594] [ 1.79159678  0.17036608 -0.13122812  0.85025253] [-0.38316639  0.56071984  1.87085401 -0.18288267] [ 1.86618363 -0.07169274 -0.1783996  -1.92770272] [ 1.19106887  2.81691262 -0.14299629  1.20434088] [ 1.07560115 -0.81285129 -1.63001566  1.56323377] [ 6.58984675e-04  8.89047142e-01 -1.83697836e-01  1.84410219e+00] 
149 [0.19005306 1.83755726 0.66973562 0.52301062] [ 1.07556627  1.53743382 -0.23592504 -0.1584574 ] [0.20066791 1.71606634 1.52110083 1.60249915] [ 1.03242986  1.67649391 -0.13552809  0.12202843] [0.19944123 0.32881654 1.23987042 1.76470897] [ 1.12913792  1.62058684  0.20165397 -0.19282415] [0.2102323  1.37854887 0.67729969 0.56729776] [ 1.13597889  1.5457571  -0.0144127   0.04452961] [0.79533845 1.16724108 0.65114209 1.03332211] [ 1.57135076  2.04294375 -0.80963051 -0.08187519] 
150 [0.94132458 1.08001575 0.62950269 1.64266884] [-8.14824817e-04  9.54208083e-01  1.10745535e+00  2.92271342e-01] [0.16532074 0.52865519 2.03870817 2.02921031] [-0.52516347  0.79055707  1.38730337  0.46894795] [0.60729914 1.23724198 1.38857325 0.6409041 ] [0.02119177 1.93602554 1.55892172 1.2834595 ] [1.86574798 0.77682694 2.37597267 1.76234017] [-1.23259812  2.95242395 -0.21138417  0.16920595] [1.67175131 0.91953854 1.66157777 1.99750377] [ 0.06526714  1.52096861 -0.36817608  0.71824393] 
151 [ 0.19992319  0.64294224  0.10196337 -0.06544309] [ 1.10190156  0.1873666  -0.06199963  1.54895529] [ 0.32307291  0.11884989 -0.06298835 -0.19977273] [ 0.91429956  0.81952355 -1.15681696  2.07097059] [-0.24954077  0.11024418  0.29074666 -0.16911818] [1.08918758 1.28377453 0.09001638 1.18680056] [ 0.19299626  1.13061261  1.23525809 -0.58240137] [1.14477802e+00 1.37187869e-03 1.32825675e-01 1.64630185e+00] [0.20111607 0.34752633 1.22898983 1.77240276] [ 1.12222979  1.61651075  0.19842608 -0.16907224] 
152 [ 0.20597161  0.5561699  -0.15985619  1.16539261] [1.15611183 0.0527601  1.57581227 0.18599819] [ 0.2108419   0.42373801 -0.05109959  1.15379779] [1.16766615 0.12945021 1.47533233 0.17348509] [0.2099438  1.19051665 0.51693009 1.67660563] [ 1.0611528   0.01867834  1.70345017 -0.15100989] [0.1909532  0.51349828 1.20428379 1.63988399] [ 1.03782814  0.12552426  1.73529007 -0.13892661] [0.19378178 0.5084186  1.21397662 1.61313278] [ 1.01139363  0.13757335  1.7398931  -0.15427398] 
153 [ 0.4403527  -0.00244146  1.6456837  -0.33146036] [-0.409679    2.01193799  0.70357298  0.31322874] [1.48891022 0.06087849 0.52050749 0.25308004] [0.09711645 1.42579308 0.89957103 1.36674179] [ 2.16623656 -0.43452135  0.50621367 -0.49999256] [ 0.23226618  0.00370507 -1.41121381  2.88746764] [1.92714718 0.28775855 0.21192157 0.49779769] [-0.26422454  0.47447389  0.26481019  1.50298785] [1.53304187 0.014023   0.52480341 0.25858637] [0.32876747 1.18348474 0.8926542  1.36595613] 
154 [1.41743598 0.0213399  0.49389998 0.13897974] [0.21351512 1.30986153 1.46055712 0.87392038] [ 2.04817689 -0.59953775  0.29561825  0.10054098] [-0.3420946   1.43142526  0.78455315  1.02607229] [ 2.04604097 -0.52270848  0.50844223  0.2351361 ] [-0.2724562  1.5102202  0.6921397  1.2817112] [ 0.77925801 -0.58628172  0.10151218  0.5078247 ] [-0.02207607  1.15337609  1.44722151 -0.22173628] [ 0.18095546 -0.15842244  0.28518058 -0.09407859] [ 2.03958682  0.63811949  1.03235536 -1.11861064] 
155 [0.73238655 0.93787305 0.40516449 0.27450101] [ 0.02464259  1.566898   -0.61952894 -0.37363373] [0.69907791 0.95669735 0.39380225 0.25303739] [ 0.0419999   1.57469524 -0.62633777 -0.38757482] [0.73474043 0.90448925 0.45038607 1.96486434] [ 0.00727674  1.54761537 -0.85732691 -0.22211284] [0.66221638 0.96844139 0.43798221 1.9214798 ] [ 0.03380222  1.48901625 -0.77553625 -0.17734446] [0.99265732 0.68750232 0.2200124  0.38252778] [-0.00996561  1.40365741 -1.15451806 -0.29707987] 
156 [ 8.49941149e-01  3.68037526e-01 -6.75860223e-04  8.57745665e-01] [5.96253428e-04 1.15738634e+00 3.68648915e-01 7.68134875e-01] [0.93886994 0.28438293 0.01456477 0.85491691] [ 0.00806419  1.68971682 -0.13788231  0.7904691 ] [ 0.19322203  0.54539829 -0.94213222  0.91644944] [1.08280748 3.26322868 1.56126742 0.16022369] [0.57988514 1.0234067  0.48680841 1.57288075] [0.03166105 1.52056041 0.64318704 1.83318959] [1.42856777 0.79938077 0.57638981 1.98733512] [0.01523314 2.03979611 1.77111789 1.73987498] 
157 [-0.21702605  0.94412007  0.01980963  0.03054833] [-1.10926564  1.39553145  1.62055267 -1.41247147] [-0.18679466  1.69925203  1.21299393 -1.47166572] [-1.08468236  1.69020914  1.48785089 -1.3919468 ] [-0.2236425   0.59833586  0.50295562 -0.1880092 ] [-1.10416575  1.6717516   1.47241912 -1.3563071 ] [-0.22111918  0.64907879  0.48773662 -0.25125805] [-1.11606376  1.7050553   1.50571916 -1.37929435] [-0.19713444  1.73257454  0.91807052  0.35668819] [-1.12144035  1.67393774  1.41740025 -1.40373585] 
158 [-0.29225102  0.0744187   0.3499843   0.48733426] [-0.5063344  -0.6430849   0.08430445  1.59541624] [ 0.20671213 -0.59829261  1.87200674  0.04240066] [-0.34192164 -1.34975496  0.09641653  1.54765635] [-0.1723956  -0.53430292  0.0817899   0.42456354] [ 0.5201576  -0.82364336 -0.51586161  1.62311497] [ 0.20013219 -0.55097852  1.71882891  0.03872239] [-0.34441549 -1.36681419 -0.4131461   2.06694705] [-0.20925062 -1.11301544  1.57615088 -1.76289656] [-1.13103282e+00 -9.13537039e-05  8.86168194e-02  1.54445646e+00] 
159 [ 0.50294362 -0.00772087  1.88147517 -0.29882152] [0.68546878 0.87187138 0.11316918 0.75366727] [1.51814957 0.02982274 0.51686059 0.25923903] [0.19336545 1.32205509 0.89457064 1.36026082] [ 1.92458267  0.07352213  0.8982509  -0.23005153] [0.29646863 0.68638189 0.5420035  1.23156963] [ 1.91967812  0.10078581  0.86480739 -0.09954053] [0.70839942 0.60366291 1.50783847 0.06343875] [1.78326073 0.10665524 2.17205732 0.59148698] [-0.42985149  0.55511514  1.27341247  0.23141224] 
160 [ 0.17546125  0.49222648  0.78653546 -0.11359695] [-0.51541879 -0.24182901 -0.10752486 -0.08597223] [0.18763655 0.4738017  0.73411561 0.00293503] [-0.50156233 -0.2080298  -0.27882457  0.09595345] [-0.20302716 -0.02032492  0.54313925 -0.05464722] [-1.26254856 -1.55655474 -0.75998866  0.52145126] [-0.16535896 -0.40341017 -0.08043195 -0.54103425] [ 0.52334097 -1.55181233 -1.3033333   0.16773065] [-0.17527826 -0.46818279 -0.08354443 -1.12409411] [ 0.51228506 -1.50765829  0.17066514  1.55697227] 
161 [1.71583043 0.26627661 0.12324829 1.57810411] [0.11359003 0.99587507 1.86400446 2.87865883] [0.16122231 0.37393337 1.0294264  2.18497936] [ 2.70939795 -0.19419286  1.50831234  1.69416233] [1.24505897 1.18448329 1.47001818 2.09109613] [0.02494582 0.15889084 1.1663941  1.25534664] [1.9309738  1.95740663 1.60271868 1.79259247] [-0.55143983 -0.38252117  1.7687434   1.67637332] [1.13017987 0.91733226 1.69231627 2.19195227] [1.57857116 0.7721288  2.80107059 1.90955336] 
162 [0.14000947 0.22899924 1.1402253  1.60462072] [0.7565855  0.65880793 1.10069674 0.2745588 ] [0.13054578 0.22843932 1.14459974 1.59397025] [0.75236387 0.67857064 1.10214749 0.28351757] [0.33125634 0.09513049 1.91961359 2.06051926] [ 0.91628912 -0.4941566   1.7611407   0.68161245] [ 0.26141719 -0.07887226  2.17828524  1.35345351] [0.38909754 0.89423246 1.75962713 0.19731328] [-0.22852194  0.20762391  2.01826619  1.34312921] [ 0.78999708 -0.13401356  3.33988124 -0.20516341] 
163 [-0.21161087  0.6486999   0.29482939  0.02561405] [ 0.36811843  1.34331008 -0.0153083   1.68142977] [-0.21437837  0.64492674  0.40468506 -0.25059209] [0.3632455  1.31863479 0.05246984 1.61813603] [-0.2072043   0.6209724   0.33208949 -0.03199569] [0.34831476 1.34094195 0.20618826 1.43513276] [0.18360855 0.54383844 0.74642877 0.46971541] [1.02929773 0.13119359 0.0174398  1.71555657] [0.21304042 0.66930848 0.18187558 0.08329796] [ 1.09669024  0.23073887 -0.33319948  1.78068311] 
164 [ 0.22420104 -0.85048445 -0.01789472 -0.0204199 ] [ 1.12328807  0.94019041  0.86735019 -0.27009406] [ 0.21519868 -0.91358697 -0.00985931  0.0475265 ] [1.11799286 0.91436539 0.54860149 0.06474608] [ 0.22006144 -0.85982631 -0.00805847  0.00196303] [1.1349194  0.90442472 0.40016346 0.26223772] [ 0.1632627  -0.43497336 -0.4419138  -0.56796651] [-0.29614939  0.29822472  0.2162625   0.13527012] [-0.03121971 -0.23878508 -1.48626292  0.83151624] [0.87785098 0.40245145 0.12630613 0.19955851] 
165 [-0.22082211  0.17927754 -0.0955634   0.76112973] [ 1.11656743  0.6228271   1.93168488 -0.169271  ] [-0.21031479  0.09209699  0.21869671  1.17237751] [0.98874135 1.19459743 1.44238782 0.18215754] [0.20609114 0.16383828 0.91540615 2.3964453 ] [ 1.10937456  1.62277931 -0.20629893 -0.30188439] [0.20495261 0.16733452 0.25124418 1.15071959] [ 1.18655166 -0.07407249  1.66122676  0.17335086] [ 0.21991448  0.42395978 -0.02855809  1.12223534] [1.165      0.24961192 1.35288656 0.17737861] 
166 [ 0.18391471  1.85578756  1.14415581 -0.3883219 ] [ 1.06470887  1.58361482 -0.0440883  -0.17795285] [0.78835785 1.19349394 0.36602576 0.15100172] [1.54088792 1.00232247 0.42974677 0.17546936] [ 1.68653577  0.40130596 -0.27410141 -0.54612662] [1.56348373 2.26560429 0.42943142 0.19009607] [ 1.5554063   0.50079757  0.24472405 -0.52510606] [1.51343773 1.02148526 1.36434949 0.17598076] [-0.24060279  0.21122504 -0.11822851  0.01376205] [1.09398618 0.58564924 1.36921148 0.65696204] 
167 [-0.21462344  0.74457421 -0.065992    0.21732786] [0.35919813 0.61419513 0.66007677 1.71541162] [-0.20361854  0.67851264 -0.05796542  0.3901242 ] [0.31430862 0.40503235 0.90507302 1.66010657] [ 0.20453621 -0.24843552 -1.49071849 -0.04407821] [ 1.17205754 -0.03132685 -0.52758081  1.959164  ] [ 0.21332592  0.17631191 -1.92055942 -0.06371084] [ 1.17225921 -0.04075279 -0.24274955  1.69346325] [ 0.92262345  1.10185264 -0.73693944  0.260877  ] [0.01931974 0.95833864 0.50838064 1.27085737] 
168 [ 0.20815016  1.64557776 -0.20150599  0.06746543] [1.05632442 0.26461304 0.22191293 1.17111353] [ 0.21325138  0.62594565  0.12504151 -0.00700586] [1.1230127  0.16875555 0.22959597 1.26329345] [0.24935556 1.79477144 0.06824071 0.19687788] [ 0.92339304 -0.14197924  0.43531863  1.27425218] [-0.17574895  1.15018187  0.8919152   0.13725257] [7.15232618e-01 1.62883141e-03 4.62355319e-01 1.80673775e+00] [-0.26649906  1.64119081  0.6142791   1.94763028] [-0.83914747  0.15915287  0.25512701  1.75721814] 
169 [1.19389042 0.83200889 0.35601557 0.3060011 ] [ 1.57622708  0.54091415 -0.2184528  -0.66566122] [1.23174859 0.90909918 1.15994282 1.55973965] [1.5773563  0.86497824 0.2630845  0.08085115] [1.1699596  0.79357099 0.63787616 1.03896176] [ 1.59719913  0.46980764 -0.82842364 -0.07304357] [1.29459659 0.88721425 1.46058097 1.7812693 ] [ 1.57875521  1.03268277  1.05144324 -1.13394355] [2.14846426 1.83236135 1.21453817 2.32371286] [ 1.81571784  0.33329778 -0.30310846 -0.28759893] 
170 [-0.1817173   0.44065446  0.45329784 -0.67994123] [ 0.2806068  -0.40909293 -0.18953861  0.1523789 ] [-0.18651298  0.48400506  0.24280164 -0.15951278] [ 0.30720124 -0.29903635 -0.34607963  0.26614062] [-0.16241786  0.12087151  0.56653509 -0.31407154] [ 0.89874962 -0.48444763 -0.21703344  0.03961451] [ 0.40735302  1.77262552  0.31672517 -0.61174414] [ 1.52035337  0.81294072 -0.31654127  0.23499692] [-1.67005504  1.94028673 -0.14624757  0.57451305] [ 1.7665809   1.25667029 -2.20375471  0.20728681] 
171 [ 0.29190297 -0.06383296  0.38185078  2.25658358] [ 0.37085658  0.75124519  1.4158026  -0.23546335] [ 0.77623603 -0.57944066  1.70801297  1.67845952] [-0.01856532  1.06300622  1.72797628 -0.14874833] [ 0.50613146 -0.28435502  1.94054147  2.10327647] [0.12670694 0.71561002 1.97929685 0.3864452 ] [ 1.06953539 -0.8632103   1.68989621  1.67617627] [-0.00295832  1.06326015  1.72574231 -0.12661157] [ 1.03758359 -0.82192269  0.34954711  2.25957124] [ 0.01246259  1.13671938  1.38462169 -0.26802945] 
172 [ 0.1729877   0.05584459 -0.08521716  0.67558211] [ 1.19491865  1.02829326  0.34748899 -0.21631318] [0.21403414 0.36873769 0.01882853 1.12255223] [1.14820604 1.42209555 0.16293166 0.18652417] [ 0.20340926  0.4096185  -0.63972176  1.7789915 ] [ 1.13508426  1.60743964 -0.05194107  0.18406337] [ 0.20923268  0.37183672 -0.00779479  1.1820796 ] [ 1.1546236   1.96886317 -0.38977747  0.18579474] [ 0.19173663  1.90097714 -0.52679097 -0.69758021] [1.11891716 1.64857808 0.13540969 0.18129058] 
173 [ 0.17891276  0.76470371  1.03786602 -1.19973949] [ 1.08092981 -0.0381637   0.10600651  1.70013761] [ 0.20207534  1.03668425  1.32284311 -0.60406791] [ 1.14479128e+00 -1.41073702e-03  1.27972899e-01  1.65266591e+00] [ 0.16958904  0.44534722  0.72721382 -1.47149472] [-0.52261827 -0.23248042  1.38663104  1.59677213] [ 0.50744836  0.99540656  0.8448899  -2.05383704] [0.0691068  0.04030729 2.10042582 1.98804194] [ 0.91324594  1.07279726  0.87881056 -1.60396377] [-0.00341035 -0.77695184 -0.61918986  0.259433  ] 
174 [ 0.65438006  0.0133589  -0.67057547  0.25591719] [ 0.82180032  0.70825403  0.63817795 -1.38543664] [ 0.37226315  0.09929959 -0.18951886 -0.03559979] [ 0.85864384  2.69028893  0.65213839 -1.59616635] [ 0.99133512 -0.01447578 -0.96455185 -1.11812693] [ 1.3087776   0.2611221  -0.78027866  0.03736399] [ 0.64742878 -0.02339639 -0.45875829 -0.63717801] [ 1.96051299  1.16561125 -0.37896922  0.23477092] [ 0.6816428  -0.02055936 -0.48753467 -0.6429044 ] [ 1.86690011  1.2619566  -0.36397169  0.22596208] 
175 [1.16114583 0.89483803 1.70762264 0.24403088] [ 1.57360609  0.77590444  1.27878522 -0.37205509] [1.16764506 0.88447062 1.70226679 0.2474871 ] [ 1.58320569  0.78165578  1.29440717 -0.38018488] [2.16750525 1.60340972 0.0406094  0.07444748] [ 1.92253661  2.48863035  2.74242703 -1.86537197] [ 0.69976088  1.59161575  1.96042393 -0.25335856] [ 1.5444536   1.64020093  1.06492846 -0.50615882] [ 2.02556046  0.9483516   1.55696067 -0.2783241 ] [ 0.89023797  1.97031542  1.22589381 -1.360289  ] 
176 [-0.18810806  0.50849628  0.37513178 -0.07602311] [ 0.30621253 -0.27577505 -0.42108423  0.26339615] [-0.18962862  0.45852838  0.44670987 -0.6780705 ] [ 0.29814624 -0.41084889 -0.1941718   0.17344896] [-0.17966535  0.4938875   1.40483174 -0.93555279] [ 0.27351553 -0.27049985 -0.06794836 -0.18097078] [-0.21873132  2.26603295  1.33861898 -1.43911324] [ 0.69973072  0.2268842  -0.22201967 -0.03426038] [ 0.19151073  1.91442702  0.72487434 -1.77933029] [ 1.04924231 -1.56871691 -0.24015655  0.19619572] 
177 [0.87506681 1.35444005 0.5488861  0.01437051] [-0.01118032  0.46351035  1.84796584 -0.40118488] [0.96953922 1.26235197 0.55414767 0.03674574] [-0.02374909  0.47340862  1.85252087 -0.40727205] [0.96297757 1.2484859  1.11820128 0.0085285 ] [-0.01055067  0.44960436  2.19461895 -0.56996249] [0.95897506 1.06361507 0.75144813 0.20730367] [ 0.01461156  0.92794557  2.5202151  -1.2370523 ] [ 0.86326819  1.15839339  1.13752096 -0.01516263] [-0.02652298  1.17933381  2.14742463 -0.79447153] 
178 [0.2103462  2.3527644  0.48283328 1.14453114] [ 0.97190449  0.17707252 -0.08206387  1.34488583] [-0.30202168  2.05527974  0.14044511  0.86149266] [ 0.28023178 -0.43555811  0.91979706  1.46106882] [ 2.22735714  1.80244159  0.47730673 -0.40300413] [ 1.10079824 -0.16340897  0.81191951  1.34572059] [2.17406666 1.6563691  0.07898227 1.62923759] [ 1.89891392 -0.84558075  2.62487056  1.66943815] [2.03639882 1.55941848 2.83611759 2.621751  ] [1.17213204 1.44931026 1.40794016 1.32947115] 
179 [-0.12599574  0.11811894  0.51529929  0.54693551] [ 0.94800878  2.61599559 -0.25021811 -0.17102796] [0.86890693 1.054909   0.43089477 1.54737833] [-0.00563553  1.2713483  -0.13112834 -1.25780182] [0.86974776 0.56010375 0.64231527 1.76546524] [ 0.01150843 -0.03585255 -1.32850144  0.34377371] [ 0.5771323  -0.31970073 -0.14631659  2.04230358] [0.08038736 0.63653606 0.50969399 1.8566855 ] [-0.19059888 -0.10422283 -0.45748342  0.86380134] [-1.1692894   1.70359289  1.79964327  1.59625779] 
180 [-0.22134083  0.21959653 -0.11961198  0.00668119] [1.10890538 0.56501216 1.50044224 0.54894856] [-0.20331788  0.65290222  0.26010591 -0.4260187 ] [ 0.40346541  1.33554915  1.68203525 -0.04524555] [-0.20573909  0.53875769 -0.05857396  0.66685748] [ 0.29357669  2.02217442  0.81720034 -0.17532913] [-0.18195377  0.58563475  0.36747889  0.68185411] [0.39729714 1.38105534 1.6875344  0.11545516] [-0.19424844  0.58742254  1.59533177  1.66083734] [ 0.32896902  1.34856989  1.57759383 -0.04767969] 
181 [ 0.1977672   0.51615921  0.01718201 -0.04328141] [ 1.10579337  0.87939986 -0.01207777  0.81126372] [ 0.20694867  1.24379126  0.06049594 -0.0459816 ] [ 1.12663774  0.84171199 -0.0297195   0.75685182] [0.18392827 0.51279284 1.10163362 0.00770498] [ 2.64809889  1.35204437 -0.03604081  1.60122037] [1.64358338 2.04609742 0.71269631 0.20453982] [1.66240259 1.60507295 1.23405923 1.39937443] [1.88740621 1.95171394 0.79925409 0.64072191] [ 2.64455151  1.17208522 -0.01400997  1.64745001] 
182 [ 0.9957585   1.24435198  0.75178402 -0.21025984] [-0.01681657  0.45188761  0.01565942  1.41185814] [ 0.88014739  1.36413485  1.07090235 -0.51116677] [-0.03253595  0.46775787  0.06149832  1.46304016] [ 0.79400537  1.21688259  0.92763259 -0.22548902] [-0.02345647  0.9134559   0.63164104  1.23345827] [ 1.00784855  1.37246202  2.04567867 -2.27576863] [0.01356621 1.29394827 0.48805593 2.67567523] [ 0.79244304  1.2124195   0.92082872 -0.22450646] [-0.01113283  0.94469235  0.59800751  1.23555967] 
183 [ 0.74190253  1.26351192 -0.16930989  0.70547089] [-0.03866402  1.38570187  1.38349506  0.25163327] [ 0.16805944  0.05570151 -0.11185092  0.72412545] [ 1.10756706  1.18982341  0.27980338 -0.22188346] [ 1.01022376  1.02442693 -1.33624956 -1.60173383] [-0.00322487 -0.40746684 -0.28380587  0.21370299] [ 1.65175379  0.35879455 -0.38336098 -1.63838504] [0.02606847 0.87999877 1.15978764 0.29178633] [ 1.64023006  0.02200745  0.76413272 -0.15164733] [-0.48307566  0.60551199  1.1172024  -0.65204992] 
184 [ 0.21449354  0.34702421  0.04268972 -0.13990856] [ 1.17749095  0.63555402 -0.35486849  1.21474968] [ 0.1861578   0.09100304  0.42146051 -0.66899451] [ 1.18545961  1.27567981 -0.22979597  0.1811777 ] [ 0.16119444  0.00687983  0.38159306 -0.73160318] [ 1.52141543  0.94131603 -0.24027146  0.22116482] [ 0.21987743 -0.01695933 -0.22000599  0.12591686] [ 1.60711658  0.45590699 -0.66799769  1.13994784] [ 1.92225267  0.07450321  1.05370768 -1.3269723 ] [ 0.64634164  0.66879595 -0.00535204  1.39837476] 
185 [ 0.20002002  0.38045613 -0.00886103  1.16232714] [1.16623977 0.87635656 0.72651469 0.18460908] [ 0.19862278  0.37406406 -0.01122536  1.19315414] [1.18754642 0.8604007  0.72376058 0.17450673] [ 0.2218095   1.86928652 -0.00880712  2.23239243] [0.89999149 1.01008515 0.94274458 0.3412293 ] [2.22705207e-01 1.01372936e+00 1.42187554e-03 3.76670740e+00] [ 1.12658715  1.07523458  0.46454258 -0.01513028] [ 0.20301029  0.49931682 -0.0672149   0.13801479] [1.10792509 1.03065743 0.44987878 0.24694285] 
186 [1.51858706 0.03519991 0.53008723 0.28528071] [0.06689412 1.45505935 0.90657302 1.37324156] [ 1.53886325 -0.27431768  0.74563323  0.22688308] [0.02697018 1.56409025 0.44709296 0.57750709] [ 0.3051081  -0.06581301  1.39315011 -0.02720996] [0.4724932  0.6717651  1.51817844 0.08722293] [ 1.33502706 -0.03251633  0.92074228 -0.64849353] [0.12520929 1.43216368 1.09976362 0.80830562] [ 2.25519066  1.26872793  0.76028285 -1.69206251] [0.44194709 1.52991896 1.39727816 1.33837733] 
187 [0.21436146 1.17091649 0.02018107 1.86921581] [ 1.10452204  1.06229796  0.56251457 -0.05276762] [ 0.21400187  0.38289591 -0.01206369  1.14706959] [1.16865966 0.87582595 0.71977186 0.16717898] [ 0.20249301  0.38068568 -0.00899985  1.15672728] [1.18170195 0.82628169 0.7662332  0.20654092] [ 0.21387795  1.11430362 -0.05088359  1.95421219] [ 1.13106947  1.70330762 -0.13029285 -0.05856395] [0.21425662 0.43975918 1.162173   2.43384617] [1.14779975 1.61339294 0.25754242 0.08931905] 
188 [ 0.20290361  0.71016207 -0.05416053  0.0428346 ] [ 1.11197865 -0.12433052  0.38335106  1.37459864] [ 0.3362327   0.11087606 -0.17817508 -0.02897259] [ 0.8959413  -0.39771351  1.06636989  1.04540951] [0.19616745 1.295185   0.26224698 0.14955007] [ 1.09849472  0.03885235 -0.08084764  1.70383938] [ 1.54390163  0.5357324  -0.82311246 -1.21521091] [ 1.56103971 -0.86089571  1.58738384  1.88394796] [ 2.14122117  0.54881889 -2.34518125 -0.60784905] [ 2.1798233  -2.6833937   0.29158668  3.25294486] 
189 [ 0.37312075  0.09457979 -0.176488   -0.02953824] [ 0.89665434 -0.50824445  0.60756341  1.60769339] [0.21741771 1.13073476 0.02346676 0.10863869] [ 1.11207758 -0.06735281  0.12039742  1.55060956] [ 0.19306365  0.06040772 -0.08719799  0.54330775] [ 1.4868868   0.59700549 -1.00958738  1.63285425] [ 0.19499473  0.69740275 -0.64680744 -0.09214082] [ 1.44369848 -0.02091509  0.70459194  0.5210814 ] [ 0.38843979 -0.17690076 -1.61949183 -0.6283345 ] [ 0.14454762  0.8074727  -0.12247919  1.35461034] 
190 [ 0.31526587 -0.06938553  1.24361011 -0.00973784] [0.4154299  0.74627615 1.25897161 0.30772984] [ 0.40258709 -0.28168683 -0.08789302  0.14807091] [ 0.32949935  0.85160018  2.06206052 -0.62721208] [1.1940088  0.71649848 0.30689662 0.20995802] [ 0.00916183 -0.26144504  0.45166442  1.83544793] [ 1.14755977  0.75400701  0.3717635  -1.09024003] [ 0.00663378 -0.12400699  0.51951981  1.52566862] [ 1.1923066   0.74194812  0.32966616 -1.61689238] [ 1.43372379e-03 -1.27228709e-01  4.89777817e-01  1.69346522e+00] 
191 [ 2.03744202 -0.41811454 -1.37325193  1.59339245] [ 0.88730696  1.32660279  0.33741681 -0.14816104] [ 2.00833868 -0.17759335  0.6233835   0.57361863] [1.35730715 1.40466852 0.26595409 0.17109549] [ 1.90281523  0.27465565  0.37210862 -0.09009958] [ 0.30735317  1.31948773 -0.54005051  0.88034959] [ 2.00968115 -0.17106868  0.57989938  0.52108493] [1.38061533 1.42286304 0.27470857 0.17628889] [ 2.18606372 -0.1933362   0.35011068  1.56191382] [-0.07059437  2.8599829  -0.9652519   0.26276425] 
192 [0.23064004 0.62145844 1.26494295 0.1309667 ] [0.93811051 0.12261952 0.34708645 1.26177379] [0.22687862 0.61245361 1.28330452 0.12814717] [0.96300885 0.14329287 0.31863329 1.28382096] [ 2.11285721  0.33233218  2.0451164  -1.57476325] [ 1.89450756 -1.34628005 -1.28264763 -0.22532854] [1.99915808 1.64625441 1.77483136 0.53976851] [ 0.7683765  -0.76680779 -0.27924294  0.209143  ] [0.25121188 2.05382313 1.92494478 1.32972246] [-0.7167314  -0.73524006 -0.98249168  1.49173262] 
193 [ 0.19058155  0.57424665  1.12449171 -0.05510049] [1.03262484 0.12032618 0.28575892 1.4067213 ] [ 0.2783864   1.3637921   1.00013664 -0.08808661] [ 1.117711   -0.05722144  0.52940045  1.13477855] [0.23135497 0.21395256 0.04000227 0.2195547 ] [ 1.17088053 -0.05358767 -0.09405797  1.69830573] [ 0.21247213  1.0952203  -0.52258382  0.4621961 ] [1.09118417 0.06279717 0.12341676 1.52432245] [ 0.18914367  1.60701689 -0.14043353  0.28734856] [ 1.08310502 -0.1493255   0.10447752  1.75877959] 
194 [1.16173904 0.83930302 1.17711061 1.26111977] [1.58303853 1.35962494 1.59098384 1.14281511] [ 0.88066648 -0.15228271  1.14317644  1.096633  ] [1.55819182 1.5994175  1.15250936 1.5847984 ] [ 0.48024311 -0.16101303  1.52636842  1.13175197] [1.49064585 1.69486746 1.17644006 1.60021429] [ 0.89011901 -0.15552164  1.13061925  1.63499002] [1.55153379 1.59699099 1.16373331 1.48526349] [ 0.17502999 -0.1012919   0.76893947  1.98833197] [2.21789073 0.37147957 1.36197969 1.5003835 ] 
195 [0.17884624 0.47688415 0.46153159 0.6134944 ] [2.65541176 1.38220406 1.62976301 0.14448746] [ 0.19016945  0.52387884  0.89468909 -0.13848522] [2.6376693  1.35569268 1.52062727 0.04700208] [ 0.14981932  0.42762296  0.06857896 -0.87629785] [2.60993921 1.48800458 1.42649401 0.14015942] [ 0.16881168  0.47381233 -0.0498337  -0.73500202] [2.53799035 0.81284276 2.12391698 0.15707335] [ 1.01652321 -0.1702792  -0.64442742 -0.18717929] [3.17487326 1.51918638 1.50929475 0.80602702] 
196 [0.21735784 1.68155498 0.09554898 1.63566429] [ 1.02972509  1.55021928  0.23736293 -0.16374006] [0.20008152 1.69950717 0.11936838 2.84921195] [1.04470286 1.55178188 0.10027219 0.13621053] [ 0.21139128  1.8482874  -0.59472168  2.8383678 ] [0.95568558 1.84374253 0.10843182 0.23888631] [0.19246946 1.69898523 0.48728212 2.49521593] [ 1.0858783   1.63345739 -0.00174543  0.12149007] [0.20767144 1.69441411 0.0877901  1.63751342] [ 1.02332397  1.57770775  0.20212054 -0.15779031] 
197 [ 0.83026776  1.15258483 -0.11573549 -0.13430463] [ 0.01407143  1.3706844  -0.11896834  1.37889554] [ 0.23081682  1.22153564 -0.04069473  0.04486694] [ 1.13356004  0.4482444  -0.09517671  1.23566574] [ 0.18492737  0.09609872  0.41023292 -0.65788601] [ 1.1818379   1.25688342 -0.2342222   0.19765702] [ 0.22166231  0.46107945 -0.09214221  0.04304638] [1.11700216 0.58666242 0.43607895 0.6412947 ] [-0.26979084  0.07634394 -0.44941035 -0.7491161 ] [-0.17177972  0.66604598  0.20819858  0.17697797] 
198 [1.14884572 0.02366304 0.79951472 0.62618378] [-0.07162278  1.65591565  0.47398175 -0.8442454 ] [2.22653987 0.46837475 2.03512851 1.97336722] [-1.08796216  2.17576078  1.77533522 -0.32217924] [ 1.99780033 -0.16008174  0.75216656  0.42818289] [-1.78995508  1.36463446  1.79298672  1.42795274] [ 1.1718658  -0.00836384  0.9304707   0.30123053] [-0.55373222  2.11854401 -0.90070448  1.94913633] [ 0.24734538 -0.24021855 -0.08114922  0.19883961] [-1.19963198  2.1193733   0.41525144  1.23849457] 
199 [-0.18951129  0.11043434  1.71494468  0.96191352] [ 0.98677759  1.05145921  1.59689758 -0.17602993] [-0.20354441  0.63904256  1.13916328  0.81138104] [0.34725722 1.33502047 1.58495086 0.02421186] [-0.19071953  0.57417291  0.36782634  0.63648571] [0.37852983 1.36538434 1.68047759 0.10254675] [-0.19901655  0.6055372   1.59809066  1.7124034 ] [ 0.33689022  1.35088079  1.5877507  -0.0529404 ] [-0.14920286  1.90619751  1.24109374  1.60951565] [0.58110224 1.22698007 1.10152262 0.26419398] 
