0 [ 0.21722414  0.05734667  0.44522372 -0.01526352] [ 1.35097689 -0.23848376  0.82667655  0.83528192] [ 0.19430873 -0.46105217  0.93339391 -0.04386719] [ 1.1259685  -0.08447549  0.66895724  0.98794   ] [ 0.20109144 -0.47267655  0.91308408 -0.06082966] [ 1.15181359 -0.06779016  0.43064929  1.20222652] [0.23062157 0.60410501 1.3048029  0.1222229 ] [0.94437253 0.12633348 0.36570099 1.23872865] [-0.55253193  0.04013921 -0.00394276 -1.5729127 ] [ 0.15744425  0.21354528  1.20091872 -0.77980517] 
1 [ 1.1389596   0.75152356  0.12882537 -0.06525178] [ 0.00727129  0.51707972 -0.44748237 -0.3790546 ] [ 1.08175127  0.81867745  0.07323867 -1.37835778] [-0.03096118  0.48249039 -0.7387715  -0.24590482] [1.57476681 0.24256802 0.04327304 1.97927   ] [-0.07196038  0.14942992 -0.60253337 -0.43632285] [ 0.77172576 -0.08161064  0.04033279 -0.94040961] [-0.24692723 -0.1698313   0.43576089  0.45721887] [ 0.17161293 -1.55401211 -0.22914007 -3.80835239] [-0.53957766 -0.29875076  0.14849855 -0.32546449] 
2 [-0.22128488  0.15579382 -0.09407471 -0.76007439] [1.12507004 0.65270185 1.99020159 0.16408025] [ 0.23239956 -0.06040407  0.15440502  0.45074897] [ 0.66436637  0.43885371  1.53382102 -0.21548199] [ 0.1922293   0.07831359 -0.0484683  -0.05352244] [1.42892905 0.52445616 0.27140384 0.43193772] [-0.23606232  0.10809118  0.03604114 -0.93170228] [1.10645065 1.48814894 1.09071443 0.2014302 ] [ 0.18159469  0.49982277 -0.94425471  0.12226768] [2.64811233 1.36863008 1.48185171 0.0874761 ] 
3 [ 0.18660938  0.10701614 -0.06435895  0.58294167] [ 1.34199622  0.54909558  0.7041809  -0.19818472] [ 0.20217205 -0.2958882  -0.14622791  2.275315  ] [ 1.1020513  -0.14218405  1.34991922 -0.30856027] [-0.18751986  0.10628422 -0.47807871  2.29336889] [ 1.05880435  1.00924983  1.3540946  -0.21643232] [-0.21087333  0.15313427 -0.17902779  2.93999002] [1.12096567 0.84268967 1.72538249 0.17711455] [-0.20794814  0.63748802 -1.1274007   0.97914308] [ 0.35219495  1.36200372  1.57072508 -0.00741287] 
4 [ 0.20172362  0.53054814 -0.41490235 -0.68108338] [ 1.14832431  1.62800668 -0.0052179  -0.142779  ] [ 0.80668434  1.39496838  0.37348924 -1.41056832] [ 1.59130902  0.82276289  0.74777305 -0.04231308] [ 0.25291489  1.71534122 -0.34448827 -1.53573167] [1.53187611 0.60850963 0.39398329 0.22796086] [ 0.70689795  0.78292421  0.53234882 -1.42404145] [1.55708439 1.57450184 0.84507178 0.48737345] [ 2.21897468  0.48539945 -0.21586328 -1.55728696] [2.05747772 1.84381332 1.35154215 0.13483785] 
5 [ 2.38829997  0.38274979 -0.10453587 -0.26155524] [ 0.61843273 -0.7489611  -0.51986492  1.78998183] [1.22097269 0.01650082 0.07005354 0.80763212] [ 1.30672857  0.34745495 -0.10862568  0.77831813] [ 0.22447234  0.03570131 -0.20038781  0.11445996] [ 1.33899125  0.64975109 -0.52391951  1.07855901] [1.20871799 0.02723017 0.08024384 0.75820265] [ 1.58145226 -0.01061081 -0.02144113  0.79062955] [ 2.12698968 -0.32502948  0.30601844  1.55950411] [ 1.93016703  0.31492989 -1.04118147  1.50832246] 
6 [ 0.34937831  0.0577448  -0.15397595 -0.07892569] [ 0.89496276 -0.52126579  1.81635487  0.43624693] [ 0.19576759  0.52977688 -0.43644451  0.45393592] [ 1.16382116 -0.02895357  1.45151032 -0.23290087] [ 0.20946515  0.58342592  0.40442193 -0.4305566 ] [1.09361824 0.18914119 1.57915775 0.15799167] [ 0.16125122  1.41222178  0.83800773 -0.20793017] [ 1.06997061  0.01172838  1.93686126 -0.29128016] [ 0.21676415  1.28179849  0.01074184 -0.01915126] [ 1.13181762 -0.07020647  2.06265667 -0.43768851] 
7 [ 0.78925581 -0.58771706 -0.4023138  -0.52576172] [-0.01090118  1.12979409  1.47941941 -0.11018774] [ 1.1352997  -0.35787188 -0.38723505  1.48583715] [-0.00529203  1.57581364  1.51657582  1.08209734] [ 1.14288586 -0.49711741 -0.63411021  0.65803884] [0.0023914  1.51732847 0.72058683 1.44305336] [ 1.25231113 -0.61454307 -0.63849353  0.69311642] [0.01748448 1.52386233 0.70993152 1.4530323 ] [ 2.2099727  -1.7324128  -0.57480846  1.79218761] [0.3700773  1.57058384 1.44923811 1.33811997] 
8 [-0.14919632 -0.37308746 -0.78397284  1.63451665] [ 0.59547369  0.27322834  0.19141052 -0.15379092] [-0.09502133 -0.24898096 -0.46008108  0.04890004] [ 0.9029441   0.45702953  0.50727713 -0.26267089] [ 0.19169428 -1.86895077  0.02283746  1.28814452] [ 1.1906787   0.4868964   1.03112842 -0.21127588] [-0.1870751  -0.46032928 -0.17321238  1.68291768] [ 0.525669    1.71003978  1.72463208 -0.18251727] [ 0.17511362 -0.10822299 -0.71251108  1.68428337] [ 2.10557179  0.52098024  0.18673264 -0.16421189] 
9 [ 1.51221126  0.52909358 -0.19332477  0.10868521] [1.52842535 0.58887961 0.63524472 1.14493382] [ 1.49841208  0.5025285  -0.19658635  0.11629828] [1.53134442 0.60680565 0.62143083 1.1200454 ] [ 1.49289609  0.50061158 -0.19656536  0.11903842] [1.52570863 0.59325116 0.64040351 1.11723393] [ 2.19823298 -0.24459887  0.05704371  0.89934746] [-0.6439942   0.92222953  1.94484217  0.20525704] [ 0.22108789 -0.68780247 -1.7198709   0.32745331] [ 2.77406061  1.78662498 -0.0093877   1.58361981] 
10 [ 0.29499186 -0.10512914  0.57997242  1.31333663] [0.41948692 0.64648895 0.08405101 1.71108106] [-0.2174567   0.65952562  0.25290482  2.22136103] [0.37701649 1.30886181 0.1283591  1.61811248] [0.17287458 0.43338365 0.68164027 1.69395586] [-0.51072675  1.43057034 -0.02049691  1.72968833] [0.18722281 0.51327727 1.21879447 0.13633312] [-0.48189603  1.35060395  0.01511498  1.57196687] [-0.47531273  0.30729706  0.85131064  1.10923917] [ 0.22757884  0.25126356 -0.00905585  2.17584946] 
11 [ 0.86145893  1.20893124  0.33368533 -0.04835339] [-0.00755101  1.3858916   0.7085375   0.56379498] [1.64289476 0.75054898 0.28279673 0.41662526] [0.10750081 0.43535225 0.30211623 0.09639674] [ 0.4503352   1.7886672   2.2762651  -0.36769516] [-0.11370891  0.63473716  1.45481945  0.30660022] [0.68646889 1.40994908 1.30361494 0.23818546] [-0.01533328  0.68703517  0.52082231  1.2681801 ] [0.77461272 1.23412989 1.11533649 0.23221462] [0.00617971 0.93863846 0.59002183 1.25227212] 
12 [0.18676806 0.55912602 1.20796149 0.02281321] [1.02857196 0.14416999 1.23698942 0.47095078] [0.18896174 0.55197863 1.20871662 0.0074602 ] [1.04056358 0.13034188 1.42639304 0.28257878] [0.1856665  0.91960546 1.42683942 0.49696038] [1.16047222 0.00956575 1.74747348 0.18466965] [-0.45023425  0.84178847  1.44271609  0.01465676] [0.18408093 0.05533683 1.29377378 0.77669529] [0.18748041 0.76026078 1.39985305 1.40490556] [1.22239639 0.01031586 1.6503745  0.21275634] 
13 [0.18003374 0.80602442 1.05437713 0.77834729] [ 1.06932496  0.04388517  1.60404357 -0.19438198] [0.18920028 1.05576815 1.09740608 1.38655459] [ 1.23073428 -0.00729067  1.65807319  0.21537309] [0.18205622 0.54052204 1.17253573 2.965475  ] [1.03519298 0.13261308 1.64742876 0.13395011] [0.20420963 0.61494368 0.40907565 1.27364882] [1.08671429 0.12731673 1.53473951 0.08083785] [0.20865642 1.16921802 0.53275731 1.6831376 ] [ 1.05960833  0.00903342  1.73365951 -0.14195239] 
14 [0.21420926 1.91919012 0.07804435 0.16451905] [ 0.99973     0.68050317  1.10576917 -0.15237784] [0.21825018 1.87150647 0.07109001 0.77606585] [ 0.98964178  0.43992185  1.13935158 -0.17311312] [0.22877923 1.91348141 0.08242021 0.11313269] [ 0.99632121  0.60528222  1.16615118 -0.14418626] [0.21599841 1.86230408 0.06235596 0.774319  ] [ 1.00759061  0.4331205   1.16237237 -0.17733842] [0.21673324 1.87806351 0.06951537 0.77431722] [ 0.98560095  0.45504207  1.12418771 -0.16214282] 
15 [1.71758346 0.65638285 0.32689167 0.1890896 ] [ 0.11911907  0.50922281  1.77638594 -1.40575205] [2.30274119 2.32168792 1.97900984 1.50523244] [ 0.33697341  0.07081364  2.78202771 -0.22190352] [2.16057929 1.8467093  0.92849578 1.64743742] [ 0.53956363  1.44023761  0.26147979 -0.1760741 ] [2.03773722 1.86566247 0.61326659 2.22629172] [0.8136207  1.89022045 0.43095002 0.39186168] [2.02230409 1.3193696  1.63614569 1.72823447] [ 0.89636967  1.15186324  0.30249506 -0.2329149 ] 
16 [ 0.77302581  0.5131007  -0.02659217  0.82157027] [ 1.5732864   1.61273179 -0.04441006  0.77601936] [ 0.92358544  0.91140559 -0.41648338  0.66158616] [1.56338669 1.61360304 1.56764152 0.79563753] [ 0.55326809  1.63627191 -0.20926644  0.34331262] [ 1.51027463  2.01426065 -1.19797521 -0.22961382] [ 0.5345486   1.64235966 -0.20167065  0.34512938] [ 1.51219622  2.00996879 -1.22154019 -0.22974919] [ 0.50016908  1.58466905 -0.55687523  0.12147005] [ 1.57554599  2.21063116 -0.47032609 -1.21000244] 
17 [ 0.19620943  0.37999711 -0.34202917 -0.12375132] [ 1.46479979 -0.0769644   0.69302646  0.5297829 ] [-0.14961579 -0.40171861  1.06551705  0.17861054] [0.52262187 0.25680359 1.33484729 1.75693238] [ 1.81978804 -0.39656191  0.85291617 -0.98114342] [-0.13098909  0.04395206  0.50848498  1.5378316 ] [ 0.14342075 -0.15122847  0.61172998 -0.74808085] [-0.87171389  0.17935433 -0.22222764  0.18008471] [ 0.27558805 -0.09516034  0.2426198  -0.13695417] [ 0.26267273 -0.71314469 -0.46699078  0.30097743] 
18 [ 0.19948281  0.73709813 -0.03560154  1.83555875] [-0.51065389  0.59588695 -0.78998085  0.10878338] [ 0.19043214 -0.0952859   0.92073823  1.72964824] [-1.04085418  0.47337466 -0.21500202  0.11160432] [2.17382567 2.75023099 2.19714365 2.61742212] [-1.04561909 -0.37158205 -0.22764185  0.14960037] [1.9940161  2.02126947 1.39132674 1.6420089 ] [-0.88682517  0.44988191 -0.25195028  0.19665858] [2.1335904  1.35272951 1.61588967 0.7967268 ] [-1.05263045  0.38209446 -0.11639437  0.21506338] 
19 [ 1.28880606 -1.05589434  0.58531918  0.75087595] [ 1.43828279  1.92740232 -0.18858617  0.55881807] [ 0.24260113 -0.17239289  2.09689317  1.25486438] [ 2.12810721  1.98269533 -0.18826129  1.55138903] [ 1.26777465 -1.55544586  1.00640032  1.63065087] [ 1.56677785  1.66421263 -1.61589152  0.45593076] [ 2.02191129 -1.60230427  1.55442647  1.65568725] [ 0.92713245  1.89780423 -0.30881524  0.22086239] [ 2.22742099 -0.39516044  0.71333176  1.26640599] [ 0.34045107  1.69439084 -1.76318934  1.6464272 ] 
20 [0.182183   0.0829492  0.43415211 0.53637725] [ 1.1019762   1.46574719 -0.27211925 -0.16675571] [0.17980976 0.08131506 0.41404263 0.57433937] [ 1.14267572  1.44550871 -0.27504181 -0.15773007] [0.21187751 0.45067395 0.50587368 0.56515598] [1.12734228 1.63598399 0.07591929 0.17028579] [0.19243575 0.32620185 1.27295078 1.78595323] [ 1.12669286  1.61531089  0.18906428 -0.19596726] [ 0.20744737  0.57512987 -0.13617539 -0.13295302] [ 1.12180935  1.83592821 -0.31177362  0.19951002] 
21 [ 0.22179017 -0.93925861  1.28566194  0.11885514] [ 1.11974523  1.5520984   0.04428113 -0.05853654] [ 0.22140193 -1.0242987   1.01557006 -0.00717499] [ 1.11408603  1.55461524 -0.45135385  0.4902538 ] [ 0.21358788 -0.79984777  0.56667784  0.14216554] [ 1.11288339  1.52242917 -1.68902208  1.64779321] [ 0.19958259 -0.85994624  0.91748593  0.49832867] [ 1.09912591  1.56889613 -1.53785862  1.72274331] [ 0.21925709 -0.95808528  0.97300543 -0.07123332] [ 1.11255229  1.57614692 -1.29059904  1.3392856 ] 
22 [ 0.29282376 -0.06383988  0.57753643 -1.12701332] [ 0.42719388  0.72014392  1.63100105 -0.08849287] [ 0.21894103  0.13139108  0.42830523 -1.07173266] [ 1.18994536 -0.07748486  1.6352141  -0.09401976] [ 0.20888654  0.48497913  0.06051585 -1.07598043] [ 1.12823914 -0.02336454  1.64159325 -0.14187207] [ 0.2148048   0.55446278  1.65679217 -0.29222517] [ 0.87460679  0.067863    1.75117457 -0.35919333] [ 0.19621554  0.59595974  1.42836755 -1.41020097] [1.06214336 0.05320947 1.56550927 0.22475944] 
23 [1.33620638 1.0224133  0.32233011 0.23344424] [ 0.02848408  0.5768057  -1.2163171   1.75198284] [0.16044778 0.36841531 0.53471959 1.03437764] [ 0.12521203  1.56265674 -0.00333043  0.7298376 ] [ 0.53568319 -0.02076687  0.56451886  1.00544933] [-2.71308803e-01  1.85248427e+00  1.73394243e-06  7.79507859e-01] [ 0.20990255 -0.43700652  0.53044419 -0.51728505] [1.14278144 0.54021979 0.02464847 0.96042806] [-0.1590518  -0.40184385 -0.6140482  -0.56373918] [0.55224632 0.29192624 0.19024151 0.11717353] 
24 [0.18649859 1.84486156 0.66542871 0.51722718] [ 1.08472348  1.52852601 -0.27157914 -0.17065036] [0.22179159 1.20241762 1.30453863 0.4184846 ] [ 1.12542855  1.58782975  0.04725036 -0.01992991] [0.19153383 1.86382146 0.64976276 0.50169581] [ 1.09847934  1.52699913 -0.25789083 -0.15898278] [ 2.02505939  0.7491212   0.21122404 -0.62042239] [ 0.93025732 -0.65334619 -1.32786739 -0.23494693] [ 2.03803236  1.51491248  0.23681439 -0.71185715] [ 0.92354621 -0.4979803  -1.33707358 -0.2190187 ] 
25 [0.20765707 0.22313819 1.27904958 0.06420451] [ 1.16785615  1.56341574  1.04935563 -0.92800111] [0.16401683 1.01597978 0.77355963 0.39454829] [ 0.13908347  1.58882418 -0.43742127  0.55306266] [ 0.5492003   1.11848186  0.41529376 -0.38711576] [ 0.06923466  1.50591408 -0.78430037  0.2708568 ] [ 0.54583792  1.10553263  0.41626274 -0.39661025] [ 0.05294902  1.50019229 -0.78456609  0.25674098] [ 0.67985593  1.12678605  0.68855484 -1.11290617] [ 0.01974842  1.84326728 -0.24099105 -0.09494202] 
26 [ 0.22804356  1.16234956  0.50726123 -0.08798161] [-0.46976806 -0.16634221  1.71687555  1.32709776] [0.23567787 1.19822599 0.69760362 0.13018721] [0.93449965 0.00689603 0.41733218 1.19243369] [ 0.2340336   0.58574646 -0.07634778 -0.18681266] [ 1.16198941 -0.19638783  0.37094328  1.38619907] [ 0.22373484  0.4435021   0.02349373 -0.15320982] [ 1.13434519  0.26123286 -0.06153465  1.39039787] [-0.17448042  1.5260977   1.23225215  1.12133573] [0.38793522 0.06716043 1.70804615 1.52981473] 
27 [ 0.21272933 -0.49043855  1.08749062  1.84879534] [ 1.12393337 -0.05772706  1.69944194 -0.08170909] [ 0.21260987 -0.10855769  0.31929864  2.3180511 ] [ 2.09214674 -1.02475714  1.3648293  -0.20405161] [ 0.25639423 -0.19072438  1.99692926  1.82538545] [ 0.86214407  0.35130095  1.82531011 -0.12371229] [0.16837202 0.54232725 1.29042656 0.79873967] [ 1.04825611  0.11355633  1.62472189 -0.18957613] [0.17781735 0.5613116  1.28582829 0.81346007] [ 1.0663461   0.11631922  1.62842441 -0.18555268] 
28 [0.50029466 0.03066659 0.47752854 1.08929304] [ 0.39382483  1.17912    -0.02825335  0.7727886 ] [0.46493557 0.06022863 0.28581009 1.27344227] [ 0.16953656  1.42154748 -0.01603143  0.75042253] [0.32893436 0.19458162 0.46093218 1.10382992] [ 0.0841161   1.55449882 -0.01907056  0.7574503 ] [ 0.20644374  0.40346149 -0.02504403  1.19862612] [ 1.15398442  1.87997172 -0.27416505  0.19987897] [ 0.40150045 -0.19013678 -0.13993801  0.97018942] [ 0.10749319  2.10642772  0.41287229 -0.18319261] 
29 [ 0.2091479  -0.49455234  0.16052961 -0.17837224] [ 1.15689639  0.45456654 -0.20027339  1.16804183] [ 0.21513404 -0.82150987  0.02282366 -0.01643593] [ 1.13500556  0.36961998 -0.3339485   1.52142085] [ 0.19627219 -0.46286971  0.04009576 -0.35879993] [ 1.15279108  0.59155215 -0.64260499  1.51663399] [ 0.18926603 -1.64099529 -0.02719592 -0.64941244] [ 0.93809877  0.46992685 -0.66115608  1.36815103] [ 0.18938431 -0.96935563 -0.00285949 -0.70042098] [ 1.13372573  0.66817511 -0.68358809  1.41881896] 
30 [ 0.33104783  0.13176421 -0.06727507 -0.18540597] [ 1.01139098  0.57453337  2.11133028 -1.04165205] [ 0.34017799  0.12994011 -0.06671    -0.19511347] [ 0.96556846  0.60407177  2.09703488 -1.03249093] [ 0.17498776  0.11883487 -0.07485485  0.58419247] [ 1.37085421  0.41614574  0.80488572 -0.21095261] [ 0.34878963  0.08023514 -0.12553722 -0.76982557] [ 0.97240212 -0.63665584  2.3607022   0.17165365] [ 0.27970441 -0.06124283  0.11017297  0.46570736] [ 0.29327861  0.85039     1.49892413 -0.20058828] 
31 [-0.21792765  0.20942643 -0.13579141 -0.42019399] [1.1372442  0.64350724 0.40087899 1.50445547] [ 0.45054554 -0.24340206 -0.10972787  0.13890217] [ 0.24142232  0.37305902 -0.39218333  2.43785702] [ 0.30558033 -0.09026843 -0.43481914 -1.23573145] [ 0.37642017  0.77344586 -0.0470667   1.45391206] [ 0.29649557 -0.07064262  1.03960445 -0.4677411 ] [0.44772154 0.69813003 0.00399735 1.66012704] [ 0.20979631 -0.59497167  1.67452978  0.03771021] [-0.37328076  0.23013139  0.64649131  2.35575071] 
32 [ 1.51095528  0.50426344 -0.19618644  0.1058904 ] [1.51223494 0.54137212 0.63810351 1.15547047] [ 1.86223374  0.40930232  0.11801148 -0.29799562] [ 1.61773105 -0.02581669  1.71594376  0.80015083] [ 1.57770966  0.50132585  0.69519148 -0.2704599 ] [1.57438093 0.96136879 1.58101133 0.23219581] [ 1.56893528  0.49987322  0.2380932  -0.52994908] [1.50393785 1.02365222 1.37605766 0.1830448 ] [ 1.55266173  0.50893909  0.25141545 -0.54180603] [1.50449271 1.01303101 1.38342772 0.17495625] 
33 [-0.04982809  0.13793544  0.53977439 -0.06141389] [ 1.15025019 -0.54123606  0.90006513  2.00620091] [ 1.70776107  0.11315182  0.52529876 -0.43410381] [ 1.67206447 -1.52135619  0.30668311  1.67537063] [ 2.0180984  -0.52662012 -0.13965769 -0.2167619 ] [ 0.86634146 -1.21647096  0.62027139  1.81563625] [ 0.34774429  0.09088305  0.03352069 -0.17123557] [ 0.86514274 -1.03514027  0.57563472  2.20421303] [ 0.82712305 -0.16360118 -0.82976106  0.18500948] [ 1.52905053 -1.53343187 -0.77854542  2.81574619] 
34 [0.68708773 0.31761161 0.75964266 0.08242282] [ 0.05038831  0.00659111 -0.49029439 -0.66818271] [1.29681097 0.70578664 0.29844754 1.53529745] [-0.0027196  -0.30058115 -0.987433    0.27161163] [0.89582362 0.68738648 0.47467887 1.80048527] [ 0.01855363 -0.04109685 -1.35747632  0.34512886] [1.04291056 1.16876112 0.10523708 0.44885015] [-0.00481493  0.42314802 -1.46798547  0.24951824] [0.18308482 0.55778002 1.28923151 0.79354424] [ 1.05207619  0.11893182 -1.52718239 -0.17456554] 
35 [-0.20339188  0.62021743  1.32943329 -0.00450042] [0.35121429 1.35287034 1.03165606 0.51844262] [-0.19994516  0.60676887  1.32354916 -0.00603982] [0.34244871 1.34701627 1.05710024 0.4969689 ] [-0.19894674  0.60736508  1.6215245  -0.01233522] [0.33603242 1.36072185 1.22188904 0.32140625] [-0.13164216 -0.34374842 -0.55401022 -0.57483858] [0.56326667 0.30597378 0.19684316 0.14847844] [0.17507424 0.48147315 0.46524973 0.62368638] [-0.49830561  1.37291693  1.64700015  0.13550533] 
36 [0.21454046 0.31217392 0.84910899 0.70958946] [ 0.0957918   1.56035228 -0.01346701  0.75608645] [0.10600018 0.49987539 1.04806638 0.56906502] [ 0.62969125  1.54891571 -0.03839394  0.65119207] [0.20809945 0.43657088 0.59944701 0.5533155 ] [1.14408987 1.61720768 0.0666413  0.18481349] [0.2019265  0.32121268 1.28830293 1.8060663 ] [ 1.14243013  1.58969584  0.19268844 -0.17958513] [ 0.21355597  1.03162837  0.11322123 -0.36123429] [1.12179811 1.50686663 0.08142576 0.08259709] 
37 [0.90707788 0.85388898 0.4473799  1.79520651] [2.24838602e-04 1.50495552e-01 2.79022397e-01 1.33952843e+00] [0.62476275 0.54558545 0.64085385 1.14721416] [7.25003702e-02 4.64732852e-04 4.07380855e-01 1.44955248e+00] [0.16507864 0.41020553 0.71818463 1.04873848] [-0.51410851 -0.23786853  1.38193053  1.57510408] [1.04780875 1.90483169 1.04660906 1.67118308] [-1.57154195 -1.56064332  0.45564593  1.70857019] [1.87692668 2.12958898 3.55925763 3.71730072] [-1.38752563 -0.95379514  1.33107622  1.47514161] 
38 [ 0.23157902 -0.06397828 -0.14233838  1.56089375] [ 0.77709115  1.47424278  0.44265976 -0.16854993] [ 0.21015051  0.4651451  -0.07996756  1.13651951] [1.14426682 0.12575953 1.49319456 0.17836372] [0.18736612 0.56478962 0.24663523 1.81198118] [ 1.08567945  0.35484145  1.53835773 -0.29310084] [ 0.18413899  0.541878   -0.11911599  2.11161484] [-0.51795214 -0.5433773   0.40270965  0.21130452] [ 2.27532065  2.61359831 -1.5692913   1.08023945] [-1.05268947  1.33894475  1.56906724  0.134843  ] 
39 [0.79361776 0.8007705  0.49289053 0.68706324] [0.01155824 1.52365066 0.84120968 1.74420839] [0.50751504 1.10412941 0.48263978 0.66528057] [0.05125814 1.51429789 0.80972358 1.7403343 ] [1.86398286 0.11371152 0.74812604 1.57637471] [0.26775845 0.80184284 0.23520908 1.32889042] [1.19244662 0.71648506 1.27155535 2.519347  ] [ 6.93105081e-04  6.36666323e-01 -4.37039424e-01  1.30305450e+00] [0.24814578 1.74954665 1.80993719 1.87789142] [1.4715537  0.61155281 1.14454544 1.95743211] 
40 [-0.16861164 -0.50113031  0.05052861 -0.60437824] [ 0.5411707  -0.76501391  1.02515872  0.13886778] [-0.1983641   0.15170872 -0.29742891  0.11230187] [ 1.18485842 -0.75201993  2.10026236  1.16007358] [-0.17908143  0.15418069 -0.27931642  0.1046887 ] [ 1.19026785 -0.74407237  2.14716511  1.12492561] [-0.14632135  0.5170715  -0.9134588  -1.11923685] [ 0.3381812  -0.1892156   1.72478157  1.57270704] [ 0.1395044  -0.14004605 -0.61591661 -0.96845964] [2.26734146 0.42377236 1.76854202 1.57561899] 
41 [ 0.26245623 -0.07302175  0.46831609  0.73942298] [ 0.13176773 -0.63624155 -0.22551533 -0.18445859] [-0.11883864  0.19756042  0.42455494 -0.6089695 ] [ 0.61600457 -0.50501506 -0.20050637  0.22578514] [-2.02897177  0.58488005  0.08764486  0.58793239] [ 0.43591607  1.14360115 -1.06461165  0.24981524] [-1.95706406  1.06480692  1.09620397  1.5457162 ] [ 2.48243987 -0.03321395 -0.93334066 -0.24033946] [-1.44809053  2.35662939  1.19377228  1.21074325] [ 1.66595355  0.04547133 -0.81934351 -0.03442061] 
42 [0.8768962  1.34637324 0.10585939 0.44966571] [-0.02502775  0.44864968  1.66887818  0.24537023] [0.22562712 1.49442674 0.07183384 0.07350237] [-0.35852269  0.81563552  1.8316516   0.32513416] [ 0.18880093  0.526171   -1.35570898  0.1206601 ] [-0.48578657  1.3731946   1.49289735  0.11485192] [ 0.21724497  0.80314731 -1.86282536  0.25076328] [-0.47467996  1.36002687  1.74688455 -0.2623323 ] [ 0.21756111  1.51136065 -0.86866713  0.04469844] [-0.41977794 -0.15170427  1.49740264  1.45369664] 
43 [ 0.20763659  1.60359078 -0.06713666  0.08612662] [1.04575478 0.76200264 0.48624102 0.44040651] [ 2.24855070e-01  1.20947435e+00 -3.85806538e-03 -3.71522730e-04] [1.11334449 0.86916475 0.31344709 0.40699278] [ 2.25738688e-01  1.08923493e+00 -1.02980086e-03 -2.04598143e-02] [1.1491072  0.79171153 0.53626043 0.29741752] [ 0.22174938  1.86918532  0.05628778 -0.65178621] [1.01369365 0.63122587 1.06189361 0.14064746] [ 0.21773138  1.8445747   0.07109342 -0.5500586 ] [1.04736285 0.48905374 1.18587977 0.13174154] 
44 [0.80108385 1.2897274  0.24623024 1.0969905 ] [1.57328415 1.05754492 1.32619412 0.63981759] [ 0.92970469  1.08094797 -1.10229414  0.93432452] [ 1.57828705  1.23042482  1.5790277  -0.41172672] [0.50209643 0.39231625 1.19420657 0.32139046] [ 1.61655268  1.55605906  0.85659047 -0.35521752] [1.23665481 0.37709149 0.41891301 0.27526413] [ 1.55140244  1.4982994   0.91982737 -0.40006417] [0.46083838 1.59473805 0.75803986 1.6704725 ] [ 1.65089508  2.78290424 -0.0491135  -1.14720744] 
45 [ 0.18499852  0.58453787  1.11201817 -0.0842299 ] [1.06090918 0.13106532 0.22475121 1.44298497] [ 0.78660147  1.11313106  1.97229068 -0.3965102 ] [0.0119146  1.24358317 0.36798655 1.46290446] [0.99497972 1.2575548  0.60266008 1.20343576] [-0.01268532  0.48126164 -0.10979425  1.43105703] [ 0.78733581  1.22771821  0.90916068 -0.21938061] [-0.00611781  0.93126781  0.6137977   1.22502333] [0.843407   1.19023343 0.7409303  0.80863523] [ 0.00368734  1.20211034 -0.00491848  1.35183825] 
46 [0.36049216 0.49831396 1.23112068 1.02993827] [-1.53118659  1.56797973 -0.76726044  1.61375451] [0.21387433 0.41839599 1.31333386 1.71927747] [-1.92628559  1.57193595 -1.4215328   1.75121766] [0.62896244 0.47977298 0.97107085 1.58803937] [-1.55127027  1.56021678 -0.95530909  1.81656648] [1.08653746 0.96178118 0.78558186 1.06911721] [-1.57404148  0.98492481 -1.5892691   2.01058541] [-0.11938921  1.89260514 -0.06466979  2.25938509] [-1.76691067  1.02261733 -2.06608888  2.55706341] 
47 [ 0.30056571 -0.06984065  0.67928855  0.04657285] [0.45468842 0.67876685 0.35864713 1.26736332] [ 0.32169604 -0.08234354  0.61948388  0.0957833 ] [0.41028321 0.72454145 0.1839771  1.46260819] [ 0.29700122 -0.06730899  0.4341883  -0.09196256] [0.36151832 0.77607569 0.20174253 1.41054344] [-0.62597699  0.02267464  0.43719846  0.6430022 ] [ 1.06415975 -1.05400941  0.36573492  2.91823014] [-2.07161951 -0.28767521  0.80032066 -1.4207525 ] [1.92809848 1.72008598 1.33657948 1.741827  ] 
48 [-0.2225803   0.22645246 -0.23255196  0.08328551] [ 1.16668743  0.53988997 -0.20763493  2.24051769] [ 0.31949114 -0.08234228 -0.75600599 -0.01286024] [ 0.38639094  0.76059967 -0.41816521  1.94897439] [ 0.32126138 -0.10964771 -1.60617628 -0.64173433] [ 0.25396809  0.68669514 -0.11562269  1.35880972] [ 0.36170033  0.17741086 -0.08018202 -0.20813254] [ 0.96819789  0.34251958 -0.8254246   2.14862691] [ 0.19928128 -1.06456966 -0.60558847 -0.63076556] [ 0.94338508 -0.02384706 -0.17622529  1.37731315] 
49 [0.13928268 0.77043675 0.79337756 0.86459954] [ 0.77851168 -0.14445243  0.05322075  0.71753442] [0.13858989 0.7810962  0.77854103 0.87657656] [ 0.78857642 -0.13324667  0.0586947   0.7129039 ] [0.20600091 1.40656708 0.95697984 1.21806412] [ 1.20445682 -0.02906745  0.14541452  1.58725346] [0.20352355 0.60502554 0.51591997 0.54580392] [-0.49118069  1.35802711  0.09928872  1.55943047] [-0.2102719   0.60880819  0.39969872  0.80729732] [0.35467432 1.34334466 0.09343953 1.57569946] 
50 [2.01126116 0.30298381 1.96726131 0.20136539] [-0.25352143  0.43942829  1.12464683  0.34482848] [2.02737652 0.32811585 1.97502945 0.21945553] [-0.30740999  0.42394461  1.01447569  0.40918387] [ 1.88189331  0.10365121  0.90150155 -0.23510767] [0.20618282 0.78032829 0.55095633 1.25973069] [ 2.07786284 -0.289925    0.97582639 -0.22318289] [-0.43328071  1.31557045  0.52755389  1.25163774] [2.0894951  1.83475876 0.63512314 0.57376117] [-1.38836123  0.20100608 -0.25230183 -0.18285392] 
51 [1.22224957 0.89580898 0.94360723 0.13887185] [ 1.57343887  0.83826037 -0.13098784  0.34235783] [1.17887855 0.79971462 0.63348472 0.48044552] [ 1.58699933  0.47197411 -0.77216552  0.0222535 ] [1.21744572 0.89281762 0.93465864 0.14122949] [ 1.56633974  0.84494636 -0.13429291  0.3526277 ] [1.40165709 0.17477938 0.62250871 1.56048291] [ 1.44359876  1.70406649 -0.29533693 -0.29783424] [1.55261163 0.50291621 0.22519232 0.50707989] [ 1.51148694  1.02395284  1.19251497 -0.22977814] 
52 [ 0.27813784 -0.06100459  0.32667725  0.21068292] [ 0.57837411  0.55262447 -0.07081405  1.7060472 ] [0.18769622 0.54790766 0.58818174 0.59816055] [1.04182532 0.13989175 0.03364253 1.68135199] [0.1726095  0.47322285 1.32578639 0.69069788] [1.07268781 0.14370195 0.12366461 1.67098759] [0.17410131 0.55215812 0.75593362 0.44515193] [1.01161907e+00 1.29979139e-01 4.23434731e-04 1.72055650e+00] [ 0.1783785   0.55801032 -0.07386648  0.52085981] [-0.51937252  0.85743777  0.49840661  1.63793163] 
53 [0.22817252 0.54294967 0.3059667  1.28989242] [ 1.06672739  0.13251128 -0.01510714  1.50475213] [ 0.23678852 -0.2072606   0.15086603  0.40464582] [ 1.97027882 -0.65405259 -0.38286952  1.66020598] [ 0.30203276 -0.0699115   1.00701782 -0.1053589 ] [ 0.53087757  0.6287     -0.07658707  1.64646042] [0.21120403 0.5580416  0.65652838 0.00894768] [1.12180911 0.10515986 0.16810003 1.4034704 ] [ 0.3298289   0.13625509 -0.06862356 -0.19670212] [ 0.97364035  0.59476512 -1.02699168  2.104856  ] 
54 [0.18814091 0.53633279 1.252933   0.01369783] [-0.50198007  1.33463858  0.14947005  1.42030453] [ 0.18955024  0.53768107  1.01039263 -0.02036767] [-0.49418334  1.35074342  0.27022941  1.29184986] [0.21423529 1.53784744 1.21426589 0.21243152] [-0.44315083 -0.11274594  1.77554756  1.40973771] [ 0.21465882  1.41589741  2.26585782 -1.61899197] [-0.42214245 -0.3291254   1.33170599  1.59305433] [-0.15618938  0.52585042  1.38835434 -0.15248127] [ 0.28649437 -0.20890112  1.55770016  1.43761706] 
55 [ 0.28123443 -0.13330363 -0.10172393 -0.39637583] [0.30862673 1.55835437 0.63756341 0.22516056] [ 0.2038873   2.78832044  0.24645677 -0.08644708] [-0.52886862  1.82735842  1.19543939  0.20541312] [ 0.82338362  1.19027195  0.92979416 -0.22849017] [-0.0152006   0.90732308  0.59166514  1.26777365] [1.03893961 0.97224596 1.0929592  0.22238322] [-4.45932967e-07  9.17583243e-01  6.13323741e-01  1.22610904e+00] [ 0.22551738  0.14013592  1.57667182 -3.27112077] [ 1.16900236 -0.10817251  1.5878423   0.13910597] 
56 [ 0.27297177 -0.06724276  0.50127626 -0.08702905] [0.64278202 0.49875334 0.23682487 1.4049514 ] [ 0.28623024 -0.06837526  0.47590889 -0.07039517] [0.50579287 0.63837338 0.26765013 1.36729002] [ 0.22089795  0.36426371  0.14368426 -0.23861803] [ 1.18712066  0.3050065  -0.03838611  1.25837046] [ 0.36517263  0.10434511 -0.18073419 -0.82055552] [ 0.86827576 -0.46396546  0.62354462  1.54193674] [ 0.4520461  -0.30040138  0.1712388  -0.23791274] [ 0.19249786 -0.30593027  1.22761671  1.50429915] 
57 [-0.20302095  0.59437904  0.3707249   0.96991826] [0.35298728 1.34995552 0.08668337 1.58158465] [-0.20602024  0.63319437  0.3525996   1.44808549] [0.38430829 1.34777785 0.08968529 1.56378366] [-0.19901872  0.61983091 -0.78008001 -0.0023703 ] [ 0.35110412  1.34162041 -0.01558066  1.57029455] [0.18366771 0.57501448 0.48682576 1.58730029] [-0.52257073  1.31852199  0.10707205  1.43062233] [-0.19130545  1.82767529 -1.2406995  -0.04993256] [-1.2150846   1.61103414 -0.66710434  0.90280818] 
58 [1.15671163 0.7957037  0.66659087 0.47022395] [1.56727244 0.4865005  0.91926487 1.23837195] [0.18063339 0.07915556 0.40744184 0.54063895] [ 1.11352374  1.48466787 -0.25409904 -0.16414786] [ 0.47567343  1.62188054  0.1488654  -0.2866601 ] [ 1.59068668 -0.4272046   1.20324021  0.23558686] [ 1.25775123  0.90645664 -0.25433863 -0.38304192] [1.58271304 0.98918079 0.18091766 0.76892226] [ 1.19018794  0.7947151   0.63840565 -0.04090556] [ 1.58407999  0.47569378 -1.10448547  0.295078  ] 
59 [ 1.53950781  0.46472275  0.31694095 -0.50297285] [ 0.06931466  0.30497008  0.6465958  -0.21215792] [ 0.14764261  0.34091924 -0.60541989 -0.56362932] [ 2.38277848 -0.22788359  0.26976617  0.15331065] [-0.18777282  0.11058299 -1.52831691  0.68964423] [ 0.81199217 -0.34556819  0.15726607  0.17377401] [ 0.18148731  0.06229646 -0.08970539 -0.70543753] [1.43988527 0.57062855 0.68809368 0.21318898] [ 0.19858403 -0.53261213 -0.48850489 -1.30553615] [-0.30056144  0.28730393  1.73551209  1.58348619] 
60 [1.16066162 0.89265412 1.73132557 0.25247354] [ 1.58059229  0.78962331  1.25374718 -0.39121395] [ 1.59559622  0.73450662 -0.00413766 -0.24466538] [ 1.49033314  1.39698126  1.82175391 -0.8799532 ] [ 1.2250063   0.9070466   1.12619072 -0.00250774] [ 1.56368968  0.85646321  2.09261583 -1.82177145] [1.50537703 1.01616632 1.26527812 0.4465041 ] [ 1.63778738  1.70205912  1.46199514 -0.78714243] [1.51964716 0.94727338 1.2401671  0.50871875] [ 1.6313281   1.64848942  1.49125147 -0.83264438] 
61 [ 0.14328543 -0.13519998  0.65804732  0.61368733] [ 2.26324536  0.30006785 -0.20941618 -0.15929496] [ 0.24585253 -0.36840255 -0.40323093  0.81485189] [ 0.06878196  0.73642582  0.22442244 -0.20960032] [-0.16590616 -0.4375855  -0.7431      1.59371042] [ 0.57312763  0.2450922   0.17158341 -0.14392468] [0.52762822 0.01884505 0.13902515 1.43807578] [ 0.82114165  0.76627807 -0.0207363   0.77911555] [0.20969523 1.67886111 0.23866118 1.4442974 ] [ 1.04421089  1.70930603  0.06602373 -0.1481086 ] 
62 [-0.15029195 -0.41127657  1.11291967  0.17377505] [0.55660845 0.28584708 1.32705149 1.78054424] [ 0.2128461  -0.37417714  1.26900385 -1.50704285] [1.17368749 1.55484246 1.62715063 1.34772054] [ 0.65949559 -0.65876552  0.64958743 -0.39005206] [1.55669622 0.50960917 1.58461918 2.78334948] [ 2.04027735 -0.14055491 -0.60604287  0.13419795] [1.51201341 1.12976234 1.17647724 1.80257445] [ 2.19575624 -0.79403266 -0.72670677 -0.95381574] [0.49008214 1.5493524  1.53124815 1.35847401] 
63 [0.20323386 0.15760401 1.00339728 2.37508367] [ 1.10777121  1.63359259 -0.21125258 -0.3158826 ] [0.21344757 1.70066207 0.04038325 1.64895302] [ 1.03236819  1.22338839  0.5240602  -0.12778557] [ 0.22137631  1.276498   -0.05100702  1.95757817] [ 1.11751879 -0.429061    1.99926049 -0.07602258] [0.33682817 1.69115503 0.15862268 1.64947235] [-0.09601714  0.74493813  0.8211701   0.25540167] [ 0.19379202  2.04822666 -0.14522817  1.68140117] [0.11616614 0.40646784 1.53309693 0.23332631] 
64 [-0.18664996 -0.2142246   0.36440306 -0.08781743] [0.64190791 0.28898028 1.02462969 1.84815251] [ 0.21077894 -0.91591569 -1.04811502  0.24493021] [ 1.15594803 -0.00636164  0.0655934   1.39528876] [ 0.23193112 -1.66781991 -0.58328852  0.25224811] [ 0.89911876 -0.1775545  -0.27390622  1.69028218] [ 0.31442149 -0.07529469 -0.6247682  -0.02225393] [ 0.49352271  0.66812237 -0.16684103  1.68689478] [ 0.26465487 -0.44304177 -1.2050635   1.57366583] [ 0.86164025 -0.06201475 -0.15974085  1.86663119] 
65 [0.14406958 0.46889559 0.34055498 1.61991303] [ 0.83834948 -0.06907984 -0.14783639  0.72767289] [0.18448896 0.53748656 0.64206038 0.57456558] [1.02865946 0.12276453 0.00352837 1.70119664] [0.18402384 0.56759196 0.70720155 0.5086661 ] [1.05968224 0.1237947  0.0129672  1.69070319] [0.1432696  0.84300064 1.58572208 1.74184557] [ 0.89881358 -0.03676038 -0.54516226  1.13338638] [0.24500052 0.58962153 1.42970559 2.00405515] [ 0.80990983  0.08686484 -0.17136852  1.26833592] 
66 [-0.25821593  0.09856976  0.07467148  1.56204577] [ 1.11809671  1.41100704 -0.49062136  1.64093789] [-0.5833386  -1.22164555 -0.1998093   0.17703911] [-0.06179534  0.52909861 -0.76548982  1.23673676] [-0.66427495 -1.15313579 -0.00694524  1.79805989] [-1.54737744  0.20810724 -0.2960597   0.80690221] [-1.49122267 -0.34281314  0.19497479 -2.34853149] [-1.75638611 -0.17978478 -0.99969919  0.71747455] [-0.79060714 -1.28175484 -0.42584201 -1.0014572 ] [-1.52256785  2.25649297  0.95036668  1.4842802 ] 
67 [ 0.27685782 -0.12254619  1.96691257  0.01409874] [0.53467452 0.57325309 1.14160223 0.62731259] [ 0.33358286  0.08003664 -0.15803502 -0.05956559] [ 0.85165919 -0.43379524  1.6930146   0.4946264 ] [-0.16551148 -0.52833067  0.0537796  -0.59347536] [ 0.53889678 -0.56825929  0.81220552  0.16183711] [-0.1931935   1.62459028  0.04046788 -0.1774316 ] [0.49151319 0.32947808 1.37523039 1.29684576] [-0.20304474 -1.57103746  0.88496301  0.29327357] [0.40491725 0.15515018 1.76341483 1.52008763] 
68 [ 2.21545588e-01  1.02999443e+00 -2.35410417e-04  5.38307928e-01] [1.13603423e+00 1.25437462e+00 3.50143246e-01 1.21552160e-03] [ 0.22493053  0.93300495 -0.00477793  0.81155689] [ 1.14981464  1.23891145  0.33304274 -0.02234112] [ 0.21549893  0.51684605 -0.31214718  0.29868102] [1.11739919 1.16088809 0.11365644 0.46767211] [ 0.21632884  1.04531422 -0.01029906  0.68715957] [ 1.1163127   1.39729543  0.18337217 -0.00339751] [0.18860626 0.08429177 0.44227241 0.53516346] [ 1.14762184  1.45370679 -0.26201292 -0.16345937] 
69 [ 0.21656014  0.19601218  0.26416432 -0.03789353] [ 1.19252822 -0.11729886  0.35392121  1.34371928] [-0.27058748  0.57847752  1.57522799  0.00595772] [0.33432869 0.06253948 0.85227444 1.2431489 ] [-0.15848227  0.50570826  1.2385127  -1.99788626] [ 0.26047349 -0.21851043  1.47319339  1.44406254] [-0.27911585  0.08766809  2.25094722 -1.90787312] [ 1.3480419  -0.34599204  2.01671833  1.8009122 ] [-0.21394276  0.74309299  2.02903956 -2.19819388] [ 0.43630528 -1.37235619  2.13326172  0.49283256] 
70 [0.66196575 0.45105229 0.69086444 1.1134742 ] [ 0.08338975 -0.01183692  0.39176059  1.42806398] [0.76432    1.12171797 1.94589728 1.43600456] [ 0.00972032 -0.49325877  1.18009536  1.64464824] [0.63344706 0.57378051 0.60301815 1.20162953] [0.07983371 0.0116092  0.39872795 1.4887969 ] [0.60553273 0.74835844 0.44182522 1.08875171] [0.06248434 0.00427905 0.38052733 1.46835416] [1.77151621 0.7393576  1.60790246 0.37700591] [-0.23379284 -0.02118692  0.74181316  0.23747223] 
71 [ 0.18675361 -0.52343772 -0.52661952  1.66443451] [-0.31494724  0.25521158  0.17156638 -0.07792447] [ 0.20167179 -0.46931656 -0.41500117  0.60311336] [-0.28401148  0.40251891  0.169254   -0.16192266] [ 0.17108663 -0.44805828 -0.53528112  2.23438265] [-0.22339889  0.34191332  0.30073028  0.13490989] [ 0.67324327 -0.88686666 -0.94533666  1.64218214] [ 0.02152161  0.43374899  0.13103818 -0.17019891] [ 0.8460672  -1.00496157 -0.38957998  0.73985677] [ 0.01011913  0.67420327  0.22057056 -0.20801047] 
72 [1.50070041 0.34876686 0.45290799 0.53403462] [ 0.07575459 -0.12171365  0.49274972  1.46311749] [ 1.54229059 -0.00683158  0.52337444  0.24558998] [0.76494285 0.75757379 0.9192376  1.36812085] [1.07530545 0.83367554 0.3861327  1.39365109] [-0.0154496  -0.1478389   0.50621061  1.67870583] [0.61023444 1.02971085 0.75901687 0.33960844] [-0.03861162  0.11301846  0.46307995  0.25430823] [1.64133088 0.68383486 2.0650664  2.57826871] [0.0823722  0.46684972 1.89530091 1.41644253] 
73 [ 0.36879973  1.33910604 -1.23575237 -0.17764083] [ 0.87146966  0.00280911  2.67581505 -0.93691149] [ 1.4434252   0.81705005 -0.45464017  0.05801376] [-0.01201163  0.30736798  2.2446437  -0.45674308] [ 1.4348421   0.76121743  0.05491649 -0.51188961] [ 0.00389328  0.31300237  1.6483919  -0.25534252] [ 1.2593978   0.46326347  0.67213932 -0.15697437] [ 0.04217179  0.12713519  1.11532905 -0.63295929] [ 1.54326614  0.47621046  0.70515174 -1.63186291] [-3.47832733e-04  8.79989850e-01  1.05030135e+00  2.78182119e-01] 
74 [ 1.57988186  0.49422308  0.52978564 -0.12935118] [1.54519686 0.88874339 0.3493997  1.24820744] [ 1.54334582  0.56345331  0.246686   -0.48878139] [ 1.51405788  0.7262847  -0.17059843  1.76999036] [ 1.62447709  0.48870384 -0.52477223  0.2035438 ] [ 1.5035918   2.49190054  1.53881074 -1.33256362] [ 1.60073385  0.50526416 -0.39439381 -2.16526406] [1.53613834 0.52780965 1.98910449 0.41259459] [ 1.80450145  0.27574426  1.84331185 -1.46742494] [1.76781264 0.13550624 2.09043247 0.19737082] 
75 [ 0.13575876  0.30560542 -0.56248902 -0.58958223] [-0.76094245 -0.22788616  0.28431023  0.16072228] [ 0.14571488  0.31566674 -0.57667841 -0.61663816] [-0.74566569 -0.18319736  0.29154595  0.14969094] [ 0.15305402  0.40198656 -0.83652592  1.68838221] [-0.62367618 -0.25776221  0.18554012 -0.16470864] [ 0.17949843 -0.09825881 -0.70722353  1.69427727] [-1.07409741  0.57188778  0.2103542  -0.17218749] [2.04239666 2.28736542 1.01728655 1.67257878] [-1.61466643 -0.54937359 -0.2324109   0.16641742] 
76 [ 0.20435184  0.40636724 -0.00868664  1.14633734] [1.16838336 0.4612886  1.14303181 0.20103737] [ 0.21468569  0.39450576 -0.00992022  1.14821928] [1.16376407 0.28133794 1.31063345 0.1953016 ] [0.21335922 0.08521114 0.32570597 1.12250161] [ 1.22848484 -0.08989422  1.62327034  0.19176665] [ 0.25689647 -0.07064647 -1.80996885  2.43334901] [0.48824809 0.60643811 1.58038194 0.18740702] [ 1.00947134  1.01780528 -0.84766154  1.58345328] [ 9.15721378e-06  8.79079026e-01  2.07335804e+00 -2.78186930e-01] 
77 [ 1.92085452e-01 -6.75705932e-01  6.08064631e-02  3.01924714e-04] [-0.31528658 -0.37633707 -0.40402397  1.0212981 ] [ 2.01983449 -0.38242055 -0.07352989 -0.10597524] [-0.35676953 -1.32247286 -0.19250099  1.3639275 ] [ 2.22068527 -1.5150804   0.05486088 -0.13606603] [-1.0978327  -1.30304994 -0.48289683  1.86608724] [ 2.03148105 -0.51271785  0.23300527 -0.37195192] [-0.34616744 -1.57527841  0.25705187  1.36073984] [2.17668657 1.10777178 0.45714213 0.10547426] [-1.12628879  0.1281331  -1.15321807  1.24058869] 
78 [-0.19242447  0.53141509  1.74307359  0.7458882 ] [ 0.31019652  1.30694013  1.57772493 -0.1314963 ] [-0.17971532  0.52330261  1.77954175  0.74509549] [ 0.31382494  1.31893747  1.55589953 -0.1191429 ] [-0.19461409  0.54297896  1.76540956  0.72513272] [ 0.29936945  1.31031993  1.55352665 -0.12838079] [0.20282256 0.6183459  2.19892722 0.54056025] [-0.49984952  1.29916426  1.45896798  0.19597769] [ 0.43392202 -0.00395273  1.68395237 -0.29264825] [0.3187314  1.28280709 0.65406105 0.39256652] 
79 [ 0.18618502 -0.12517523  0.92644766 -1.09351029] [2.1893169  0.40218876 1.37201858 1.55358918] [-0.03302263 -0.20257002 -0.49115768 -0.09549742] [0.94562356 0.49586124 1.65447551 1.74255796] [ 1.33899483  0.00969543 -0.6862868  -0.63683345] [2.18568112 0.97579225 1.52316664 2.35483869] [ 0.85455645 -0.02232708 -0.20524524 -0.6195874 ] [2.05797168 1.10209458 1.49147344 2.30168086] [ 1.75622124 -0.31675663 -0.46172228 -1.18426513] [ 2.32823734  0.55748715 -1.26858023  1.52701482] 
80 [ 0.22451499  0.08730686  0.33871482 -0.08951185] [ 1.20700387 -0.08437611  0.23911384  1.37032693] [ 0.89533002  1.02316796  0.09828178 -1.4812108 ] [0.00197177 0.6813131  0.6244644  1.51158425] [-0.25050694  0.10688305  0.10131472  0.27698033] [ 1.06336433  1.37146487 -0.41275474  1.6576871 ] [2.04095752 1.38332632 2.65901034 2.04041658] [0.89265688 1.14134437 1.28857699 1.36337993] [1.35763307 1.6759691  1.99809978 1.2492264 ] [1.56856617e+00 1.50172555e-04 1.57686708e+00 2.35801613e+00] 
81 [ 0.22053812 -0.13516297  2.0208358  -1.27388399] [ 2.1683676  -1.21020642  1.43567357  0.20514469] [ 0.1854058   0.58267943  1.44155289 -1.4536329 ] [1.06455365 0.03197439 1.56231687 0.22844435] [ 0.1956848   0.6178474   1.41386445 -1.45000175] [1.05462606 0.04366989 1.53750271 0.23159119] [ 0.1752648   0.52995169  1.30212884 -0.6654145 ] [1.05633943 0.13815338 1.71769302 0.17845576] [ 0.18122577  0.53095533  1.32285095 -0.67945436] [1.06607761 0.12519405 1.70802422 0.18181306] 
82 [ 0.21213663  0.46652421 -0.056029    0.1003481 ] [1.11024403 0.70384    0.84373827 0.15455272] [ 0.17761981  0.12074211 -0.07520552  0.57017131] [ 1.33029569  0.43655095  0.81221002 -0.21945708] [ 0.18981885 -1.95692455  0.11949155  1.28189485] [ 1.186016    0.11685811  1.38420833 -0.19357929] [ 0.19333835 -1.72062072 -0.07220428 -0.01246476] [ 1.14984755 -0.36767412  0.58454214  1.20679395] [ 0.11788813 -0.12193963 -0.50654702 -0.54429689] [2.21404559 0.48596815 0.24433831 0.17144398] 
83 [ 0.18628921  0.57690933  1.11830344 -0.13447583] [1.06033733 0.15039821 0.1951522  1.46328462] [ 0.18643652  0.55228245  1.1116404  -0.08895571] [1.0350019  0.13954878 0.31565396 1.36286419] [ 0.25132365 -0.21140711  0.10852805 -0.04213471] [ 1.9688154  -0.51383249 -0.9277236   2.03215301] [0.20755532 0.64721388 0.21347731 0.13809699] [ 1.10828308  0.18730836 -0.15706811  1.64314522] [ 0.21531023  0.41838511  0.17550413 -0.27585173] [1.15525936 0.20681601 0.03687532 1.37048809] 
84 [ 0.20918386  0.4971567  -0.11112808 -0.04288017] [ 1.12130679  0.24824044  1.80485009 -0.40402615] [ 0.19818247  1.71752178 -0.18723804 -0.03344596] [ 1.04826092  0.17354833  1.8892049  -0.39974376] [ 0.20296749  1.73694758 -0.31517207 -0.03075381] [ 1.07393586  0.12781791  1.95874741 -0.42135154] [ 0.19728092  2.03110945  0.01154216 -1.48148658] [ 1.05470693 -0.62429551  2.16320753  0.24075096] [0.22195426 1.55390909 0.1009445  0.25281077] [ 0.99635551 -0.22868595  1.79743147  0.17594093] 
85 [ 0.17546623  0.08370643 -0.06664792  0.61738744] [ 1.28768913  0.72451059  0.5674126  -0.20703886] [-0.2549842   0.23917998  0.05970919 -0.14187761] [ 1.20012368  1.26410033 -0.78015136 -1.11636682] [0.18049714 0.08691905 0.41750953 0.55333821] [ 1.13247508  1.45983988 -0.26657939 -0.16885116] [0.51938271 1.61375966 0.47142224 1.27727543] [ 1.54701531  2.69571191 -1.60575521  0.29806314] [ 0.3974089   1.65834532  0.36626138 -0.11409866] [ 1.57100287  0.9616287   0.48100802 -0.88886231] 
86 [ 0.19324542  1.83278481  0.02564377 -0.53471009] [1.06221668 0.98814364 0.71005155 0.14248535] [0.20916371 1.89140258 0.05063815 0.78950083] [ 0.99418843  0.75823821  0.83128196 -0.18981874] [ 0.19413355  1.86237562 -0.79968118  1.63232725] [ 1.06252589  1.62063636  0.1402433  -0.17853945] [ 1.00398398  1.07127178 -0.48690773  0.50430834] [1.55367465 1.61206037 1.55977438 0.78693369] [ 1.72083298  1.74575771 -1.38573728 -0.34885571] [1.72758564 1.53935999 2.13906634 0.41294169] 
87 [ 0.55248601  1.50856096 -0.28110146  0.48672754] [ 1.55824202 -0.69147868  0.2045111   1.34105296] [0.18084799 1.70733307 0.04494573 0.61230215] [ 1.20803546 -0.24009778  0.30829836  1.71276817] [0.196906   1.48098202 0.87058019 1.63852181] [ 0.96469554 -0.01804501  0.14577361  1.3425795 ] [0.1819382  1.75102915 0.95119908 1.89674022] [ 1.10540309  0.07134418 -0.00304649  1.44096124] [0.18793078 1.68014965 0.05733597 0.61608137] [ 1.18277962 -0.21514359  0.27042568  1.70022965] 
88 [0.13260344 0.34234575 0.57995276 0.60136838] [-0.55394869 -0.30130496 -0.20507395 -0.14986396] [ 0.1901355   1.31811339 -0.8045223  -0.9753063 ] [-0.50289994 -0.13370006 -0.14573716  0.13312118] [ 0.18582707  1.4026243  -0.89261721 -0.94529708] [-0.48151497 -0.12711604 -0.16457917  0.1354883 ] [ 0.21751665  1.53078235 -0.83252171 -0.01636989] [-0.41033445 -0.166529   -0.36802232  0.1768399 ] [ 0.18182752  1.31818642 -1.65434893  0.98276504] [-0.5148065  -0.14955761  0.12316559 -0.16500822] 
89 [0.2196133  0.21144704 0.2188739  1.15935145] [ 1.18879393 -0.0767217   1.65202906  0.17041769] [0.20882239 0.239531   0.15811603 1.14655171] [ 1.17468959 -0.08305215  1.67667089  0.17281049] [ 0.21572387  1.38319375 -0.04292654  2.27274751] [ 1.10382271 -0.40113227  1.84874024 -0.17613777] [ 0.17985535  0.52318465 -0.14671872  2.23047915] [ 1.09645204 -0.59312746  1.6760168  -0.63429786] [ 0.21381216  1.34915041 -0.05173632  2.23963315] [ 1.11259706 -0.52822574  1.96312298 -0.18607189] 
90 [0.21861631 0.56385529 1.33238533 0.10883499] [0.9623844  0.13127233 0.35245811 1.24363387] [0.23225013 0.59095417 1.29036921 0.15278474] [0.93588443 0.12453411 0.29434094 1.29498783] [ 0.21341479  0.58714571  0.40225813 -0.07567055] [1.11076858 0.14544652 0.05634676 1.46980994] [ 0.18996323  0.56353186  1.19785381 -0.01734301] [1.0352993  0.13555171 0.18724833 1.51575436] [ 0.25332631  1.85308661  2.22229285 -0.07177957] [1.05711206 0.16736163 0.53179387 1.04693322] 
91 [ 0.22187026  0.47822242 -0.0697761   0.05226655] [1.12843257 0.46001998 1.03477604 0.17200425] [ 0.21668452  0.43408004 -0.0722824  -0.29647601] [ 1.08947074  0.78626309  0.97167834 -0.18443219] [ 0.22108308  1.07549278  0.03538728 -0.39226251] [1.10904546 0.29053063 1.32422952 0.06803159] [ 0.21868694  1.84827246  0.07250997 -0.54622653] [1.02606094 0.45774693 1.20376382 0.13498435] [1.75259574 0.36383651 0.32813247 0.59443243] [ 1.45451799  2.20829573 -0.39428696 -0.175743  ] 
92 [0.19139079 0.41142877 0.24608705 0.93062838] [1.15139942 1.60680506 0.01956802 0.19417082] [ 0.20706841 -0.5176539   0.90927354 -0.08678275] [ 1.14860074 -0.11218013  0.2652473   1.30429788] [ 0.1754325   1.5663351   2.49027433 -0.58121274] [ 1.0155591   0.03492698  1.3880631  -0.19477675] [ 0.18746606 -0.11857221  0.89997105 -0.5728107 ] [2.11706595 0.46240275 1.34758112 1.5832633 ] [-0.1988311   0.09344185  1.74296623 -0.7845016 ] [0.94377826 1.08320058 1.65402174 0.17246254] 
93 [ 0.85065041 -1.01124682 -0.23067096  1.84524027] [ 0.0205677   1.08691993  0.50388969 -0.19760132] [ 1.71521235 -1.16778146 -0.58858604  2.40367423] [0.13500174 1.47429986 0.42710821 1.16615323] [ 1.9386346  -1.47469289  0.44652564  1.17371879] [ 0.18213849  1.51988603 -0.00844311  0.64621537] [ 2.00954223 -1.52071693 -0.92753174  0.01140743] [-0.29591915  1.28759723  1.56965626 -0.0186294 ] [ 2.22426122 -0.42043359 -0.11108204  0.04842234] [-1.26394615  1.42523082  0.56877402  0.90345985] 
94 [1.60369773 0.5207578  0.49750754 1.24433637] [1.55121642 1.0576558  1.55379645 0.28390377] [ 1.96948524 -0.28245676  1.5857251   1.7425555 ] [1.07739822 1.25531116 1.80389496 1.61774421] [ 2.00472504 -0.78566628  1.68636901  1.3192391 ] [0.81733528 1.02055165 1.85963666 1.51645199] [ 1.04747003 -0.89829611  1.69034774  1.93254233] [1.57091343 0.49333928 2.73302752 1.10297552] [ 0.95436423 -0.99071399  2.67614929  2.27768012] [1.57365665 0.97425949 2.03690919 2.02773911] 
95 [-0.27446471  0.07141825  1.5569985   0.04987712] [-0.41360699 -0.72211051 -0.32171845  2.01293085] [-0.14184446 -0.23785171  1.43756344  1.70642658] [-0.77635146 -0.59073743  0.98501693  0.27816019] [-0.21024502  0.22171909  1.37206957  0.0939123 ] [-1.01533614 -1.68235018  1.91775643  1.42725075] [-0.22505373  0.17474741  1.3514652   0.74883217] [-0.97444754 -1.72710026  1.77522145  1.59450234] [-0.23029472  0.55736077  1.79251242 -0.24520496] [-1.64003457 -1.64970327  2.25383528  1.81761537] 
96 [ 0.9055699   1.32465641  1.5298216  -0.47099877] [ 1.56345668 -0.47256185  0.9833787   1.21266046] [ 0.90157554  1.32392634  1.52782732 -0.47829193] [ 1.54757254 -0.47204215  0.9404157   1.20124937] [ 0.90660933  1.33671602  1.51028028 -0.45518529] [ 1.55791961 -0.46097615  0.95495324  1.2008718 ] [ 0.52945467  1.55971436  2.88418304 -0.62539938] [ 1.59410061 -0.77406383  1.56493715  2.90350892] [ 1.81691094  2.15298487  2.3181203  -1.89217041] [ 1.56027738 -0.5334933   2.04863084  1.8235315 ] 
97 [0.21305457 0.38799908 0.00660711 1.13900892] [1.17879508 1.46784644 0.11553295 0.20978661] [ 0.21075077  0.34102133 -0.01961038  2.28239102] [ 1.11908001  0.8328967   0.56620043 -0.25432708] [ 0.04795345  0.17711669 -0.11957636  0.75161425] [ 1.48910477  2.02376587  0.55924219 -0.20273388] [ 0.93942477  1.06856981 -1.65018776  1.64504009] [-0.00553455  0.93219488  2.02056802 -0.27943177] [1.4716042  0.53422334 0.30782993 1.67958889] [0.02551202 0.4201163  0.72976347 0.26995047] 
98 [1.15110152 0.78770401 0.68624299 0.4496417 ] [1.56853    0.48771958 0.93082632 1.2380717 ] [0.1782532  0.55103714 1.29481166 0.83747125] [ 1.04370196  0.11596495  1.62096411 -0.18799762] [1.24020782 0.89746014 1.41705941 0.42989022] [1.58124678 0.61145385 0.34007147 0.89350401] [1.23398925 0.89847126 1.41057147 0.44876524] [1.57500191 0.62923121 0.33100376 0.90677651] [1.59524174 0.48074903 1.58415256 1.55946744] [1.53197456 0.64006016 0.24562586 1.47440911] 
99 [1.05030238 0.8506408  0.38639567 1.38411303] [-0.00253358 -0.13333688  0.50663022  1.68286914] [1.24536007 0.62333989 0.04043173 1.99256782] [-0.02616856  0.30124202  0.99809492  1.86254028] [1.74596749 2.09982616 0.14854581 2.0454556 ] [ 1.25086807  1.07673012 -0.75996901  1.44501822] [ 0.77637203  1.21080689 -1.41408388  1.5317984 ] [ 0.01282593  1.04342496 -0.31529517  1.85204333] [ 1.3991826   0.57407261 -0.22084588  1.23109702] [-0.00828699  1.3118839  -0.27509471  1.60441116] 
100 [0.1919268  1.85214444 0.66345153 0.51101745] [ 1.0955962   1.50651776 -0.2863207  -0.16671446] [0.18955551 1.87573831 0.07624077 0.69651702] [ 1.18298174  2.03183265 -0.45361804 -0.1877922 ] [0.20706499 0.41575635 1.10576552 0.0532419 ] [ 1.17015522  1.60297102 -0.50199753  0.7044032 ] [ 0.19717945  1.90960225  0.74332375 -1.7689452 ] [ 1.05293025  1.55120486 -0.24808713  0.19976793] [ 0.19575865  1.76392685  1.58026568 -0.69680843] [ 1.05586691  1.66313482 -0.10719791 -0.16442372] 
101 [ 0.8610738   1.20545305  0.28405857 -0.67911141] [-0.03490186  1.31108803  1.40982562  0.24044638] [ 0.8484735   1.21595359  0.28077863 -0.69899001] [-0.03534835  1.3322649   1.39634318  0.23364979] [0.87748623 1.14659001 0.10538759 1.68974005] [-0.01154849  1.25690776  1.615923   -0.28073666] [0.88268673 1.15875694 0.16298342 1.54419339] [-0.01776126  1.47456379  1.36301202 -0.28137947] [0.60093603 1.42800102 1.34138649 1.61291433] [0.0096792  0.86354068 1.05687219 0.26789215] 
102 [ 0.46430953 -0.3223359   0.20189453  1.3126275 ] [ 0.16046985 -0.29672705  1.1970073   1.59177678] [0.22741637 0.15163367 0.14521274 0.21110337] [ 1.16701683 -0.06633447 -0.070618    1.71767205] [ 0.19681661 -1.66017458 -1.35690162  0.72493816] [ 0.92455205 -0.1595555   0.02822633  1.36250007] [ 0.2187753  -1.6981816  -2.40891644 -0.42625405] [ 0.99357194 -0.266852   -0.1918625   1.69038048] [ 0.23254453 -0.40566994  0.54143155  0.88401748] [ 1.21785495 -0.10363726 -0.13346785  1.58996815] 
103 [-0.21535593  0.50527693  1.711892   -1.2012645 ] [ 0.23296293 -0.26497244 -0.06859305 -0.20684863] [-0.19264647  0.47400277  0.43200958 -0.62685102] [ 0.28012362 -0.4398356  -0.17567847  0.18251309] [-0.73223676  0.53491625  1.73255701 -0.76894697] [-0.01639347 -1.10274204  1.74707705  0.17034638] [-1.62749182  1.41277068  0.85555886  0.00879798] [-0.05813897 -1.12882756  1.81605449 -0.2298783 ] [-0.78645115  0.60695975 -0.58221311 -1.25497859] [0.03457805 0.53035902 1.8062038  1.59032289] 
104 [ 0.31259936 -0.07452316  0.17854284  0.36247063] [ 0.35696322  0.80531233 -0.06260562  1.66591176] [ 0.2921341  -0.12842439  0.11542634  1.88729222] [ 0.50467837  0.73816391 -0.08527756  1.80089931] [ 1.17609625 -0.00151394  0.92205728 -0.28810867] [-0.30193944  1.86994845 -0.68182859  1.21189825] [ 2.25295699 -0.39030797  0.65907699 -0.05474933] [ 0.3014868   1.69598492 -0.76963051  0.5811126 ] [ 0.26560289 -0.05544254  1.55839124 -0.01525418] [ 0.82161122  1.95487587 -1.42099413  1.23321863] 
105 [-0.13120565 -0.3429509   0.83363832 -1.64827538] [ 0.57237083  0.25416021 -0.14279672  0.17194964] [-0.19357416 -0.41460629  1.00016706 -0.44491723] [ 0.64549279  0.25473702 -0.16846386 -0.13746034] [-0.22335442 -1.46418746  1.17797208 -1.25478304] [0.37954304 2.13671895 0.01025491 1.15884862] [-0.22394544 -1.41165913 -0.12329523 -2.13728929] [0.41488853 0.55029034 1.02977653 1.30096753] [-0.6205471  -1.62565435  0.37912304 -1.75928836] [0.01231537 1.28036209 1.83281188 1.74777797] 
106 [ 1.04096569  1.18610424 -0.13157751  1.72337495] [-5.70531596e-04  2.65036645e-01  1.63597541e+00  2.57868585e-01] [0.82476351 1.20520334 0.70209765 1.62605676] [0.01524309 0.91641813 1.05793332 0.28389811] [0.86063988 1.14023706 1.05778145 1.65239622] [-0.0026567   0.88790327  1.03235979  0.2891771 ] [0.86311078 1.16071885 0.63876396 1.62365743] [0.00314948 0.92649166 1.09818166 0.27057787] [0.85922012 1.16674125 1.56365082 1.58803807] [0.01031523 0.85245752 1.13786295 0.26746666] 
107 [-0.16872377 -0.49867022  0.04906524  0.73672376] [ 0.60826639  2.54499937  0.81922845 -0.15679706] [0.18993234 0.10463606 0.48019828 0.97281244] [1.14501644 1.4723229  1.33935086 1.53963063] [1.56817288 0.51645413 0.22433444 0.52203106] [ 1.51020562  0.99178602  1.22668764 -0.22032453] [ 1.9992595   0.48103302 -0.67044904  0.75122504] [ 1.38734679 -0.05579237  1.35267342  0.2025353 ] [ 1.70926067  0.44508486 -0.36499053  0.1178266 ] [ 1.59186415  2.15523112 -0.43181452  0.86010673] 
108 [0.24136677 0.59638746 1.30931998 0.13364874] [0.92564309 0.12567553 0.33858443 1.25274121] [ 0.21171216  1.67354804 -0.15566211  0.04637482] [1.0465183  0.23721754 1.0270886  0.38989307] [ 0.52976485  1.55828069  0.23548554 -0.59330388] [ 1.55323821 -0.54762709  1.40588136  0.17871837] [0.8243317  1.1239075  0.28221146 0.39868944] [ 1.52341817 -0.2426432   1.05696789  0.63591414] [1.1598388  0.78415901 0.67951951 0.45406129] [1.57602585 0.47417228 0.92002651 1.21820513] 
109 [-0.22410285  0.73478234  0.25084449 -0.12361585] [0.43044822 1.3296964  0.10716031 1.61310163] [ 0.24470045 -0.13130107 -0.14216059 -0.26304248] [ 2.02194435 -1.24539527  0.37959319  1.42296928] [ 0.17359033 -0.13294191  0.72264224 -0.80346143] [2.24257606 0.298229   1.30372572 1.54288592] [-0.15624794 -0.40678331  0.80283179 -0.84122756] [3.81806821 0.22345081 1.36546212 1.54526293] [-0.14318275  0.13116657  0.62404643 -0.98084956] [ 0.9118392  -0.46471953  1.36093598  1.55391879] 
110 [ 0.41650202  1.53067047 -0.55225447 -0.22483387] [0.07890015 0.55064647 0.6578186  1.2423057 ] [ 1.09127522  1.16492985 -0.40197528  0.01578005] [-0.00518033  0.31366128  0.57515172  1.20460338] [ 0.63565289  1.29293127  0.08024524 -0.23892228] [0.03981707 0.6912977  0.66927895 1.38393038] [ 1.03575479  1.2050082  -0.40335307  0.52492045] [0.0052634  0.30924491 0.22012535 1.60051288] [ 1.00542444  1.23140585 -0.40485463  0.50110953] [-0.01311349  0.29632636  0.21304414  1.61996696] 
111 [0.18415529 0.57401757 1.18331956 1.06144137] [1.04770186 0.17008001 0.12528624 1.60784192] [0.20022167 1.4003256  1.54018161 1.68088263] [ 1.13556911 -0.03127092  0.03518626  1.41416999] [0.23847958 1.25240801 1.50205397 1.49378991] [ 1.12617835  0.01799525 -0.0319558   1.61600688] [0.19330722 1.23300876 0.5348966  1.0247681 ] [1.06824502 0.04821043 0.10152074 1.50507278] [0.19628445 1.14618037 1.24438666 2.21105881] [ 1.16956122 -0.00630445  0.08290432  1.48791686] 
112 [0.14435596 0.36556289 0.54907192 0.58079069] [-0.55140668 -0.28281073 -0.20421348 -0.15171937] [-0.12140152  0.11374981  0.49769378  0.55056567] [-2.24134602 -0.498578   -0.26465632 -0.17237728] [0.49536106 1.56347454 0.94029205 1.54539678] [-1.56599364 -0.53966516 -0.07057898  1.8809249 ] [0.38432746 1.61197742 0.3143629  2.08814545] [-1.39133589 -0.1966388   0.46593418  2.36048222] [ 0.14818526  1.79245398 -1.3674404   0.62546468] [-0.38968873 -0.11694467 -0.23191393 -0.17322491] 
113 [ 0.31933589 -0.10371826  0.92814586  1.35718742] [0.30239098 0.94174199 0.00619481 1.73428067] [ 0.29341205 -0.13901819  1.9551822   0.86583765] [0.51814326 0.59521393 0.21944893 1.52432899] [-0.19821006  0.09188766  1.0654344   1.2814246 ] [1.05114724 1.16935515 0.03068246 1.75436084] [-0.26223165  0.56639939  1.67548295  2.00518649] [-0.60350865 -0.05702843  0.52572803  1.77889663] [ 0.26560791 -0.60445573  2.55730462  2.07682457] [ 0.60396232  0.04675677 -0.64144114  0.86799437] 
114 [ 0.35754918  0.10045488 -0.17677146 -0.49673566] [ 0.85620725 -0.44347191  0.61260999  1.55341427] [ 0.33214345  0.13848529 -0.08301861 -0.16100861] [ 1.10903637  0.41936298 -0.99900328  2.14364583] [ 0.26319199 -0.06442177  0.4676235   0.12443029] [ 0.38120419 -0.90409714  1.54390794  1.36541237] [ 0.21804438  0.44623329 -0.04056974 -0.11168027] [ 1.12738644 -1.17396856  1.42603818  1.36054222] [ 0.25089318 -0.09697206 -0.07323222  0.69954835] [ 2.10434736 -1.41133053  0.42783934  1.63732588] 
115 [ 0.18164804  1.85434859 -0.0486696   0.82432731] [ 1.0854538   1.54693427  0.04030785 -0.19041661] [ 0.1891404   1.86427794 -0.19216921  0.91989746] [ 1.1403653   1.52929004  0.05075597 -0.20142524] [0.18938892 1.88220562 0.03928272 0.76844923] [ 1.0265623   0.80025427  0.82177135 -0.17723023] [ 0.18268701  1.85317804 -0.19163246  0.97990827] [ 1.10774107  1.55359448  0.06231051 -0.19541087] [ 0.18865008  1.87392279 -0.89055066  1.67077077] [ 1.06193313  1.6232916   0.15146499 -0.16810509] 
116 [ 0.16822651  0.52544542 -0.08850361  1.87079411] [-0.53082996  0.86474553  0.46149231  1.63814411] [-0.18011472 -0.38637443  0.79817432  1.69177557] [ 0.66220297  0.25907633 -0.22741032  0.10289187] [ 0.18084831  0.46393764 -1.53202522  2.31761329] [-0.50351104  1.37330421  1.37084195 -0.18828723] [ 0.18430471  0.50185399 -1.56658959  2.29100827] [-0.51526397  1.37159877  1.354224   -0.17783455] [ 0.21625526  1.42408187 -1.90375697  2.19757976] [-0.42645918  1.30280998  1.34099659 -0.21475126] 
117 [0.22829106 0.59184578 1.30879643 0.13320185] [0.95354036 0.13152774 0.31456548 1.28917598] [0.23358917 0.58330968 1.28120821 0.15786307] [0.94391782 0.12274947 0.31515649 1.30492059] [ 0.25595956  0.23370483  2.14593805 -0.17932901] [1.03937377 0.28952354 0.61490869 1.18917412] [-0.21412658  0.95317379  1.35145192  0.00295731] [2.33844109e+00 1.50799908e-03 2.14580687e-01 1.68087136e+00] [-0.22021488  0.71717924  0.47004102 -0.11276348] [ 0.43850139 -0.18245053  1.70587161  1.29270671] 
118 [0.2067788  0.39995045 0.13303999 1.03625617] [1.17206953 1.57241763 0.03262172 0.19450161] [ 0.21193197  0.9596321  -0.05823165  0.78943142] [ 1.12670342  1.51544571  0.06903113 -0.03343313] [ 0.20017486  0.40155298  1.28771897 -0.51548151] [1.16384603 1.5869219  0.2094195  0.14113823] [ 1.57527373  0.03315259 -1.76520796  0.69147701] [ 2.05895829  1.00697456  0.43739684 -0.21341674] [ 1.57695753  0.49101065 -0.6652428   1.10653151] [1.51963872 0.61260101 1.47099067 0.24473682] 
119 [ 0.3292237   0.07702449 -0.14450115  0.54372489] [ 0.93747862 -0.6451269   2.24615415 -0.17490024] [0.19237706 0.56051787 0.25778756 1.78986158] [ 1.10427189  0.35622162  1.54903296 -0.28419052] [ 0.20636383  0.43673877 -0.03907987  1.1689756 ] [1.1648015  0.13718908 1.46832502 0.178778  ] [0.21710716 0.23611186 0.16482946 1.15164357] [ 1.1901481  -0.09357326  1.66827166  0.16699071] [0.36081969 2.25035986 1.74041882 0.53646687] [1.97062984 0.18721502 2.4413633  0.15749261] 
120 [1.10716083 0.5949068  0.24988401 0.36242679] [-0.03524087  1.42315802 -1.13482165 -0.31714689] [1.37852902 0.27052162 0.20167062 0.41544137] [-0.05979634  1.402157   -1.12533726 -0.27488932] [ 1.30958826  0.341877    0.42670211 -0.31345825] [-0.00444471  1.53768733 -0.90064812  0.30941022] [1.28748191 0.3737809  0.43456789 0.31577062] [-0.02788514  1.59164583 -0.6974522  -0.34612291] [ 1.72570399 -0.090655    0.41323618 -0.37720204] [-0.0054289   1.52408709 -0.83259729  0.28326276] 
121 [-0.18451985  0.44254257  0.45507459 -0.69748955] [ 0.29909926 -0.40556802 -0.2005063   0.1736954 ] [-0.17171192  0.48881905  1.0144296  -0.54323098] [ 0.30050138 -0.29394216 -0.07272012 -0.1755512 ] [-0.1874975   0.45372772  0.44203459 -0.6475718 ] [ 0.28517078 -0.40766206 -0.18673103  0.15976698] [ 0.34884739 -0.15882022  0.40207741 -0.72963793] [ 0.10330927 -0.76331338 -0.19181083  0.22637244] [-1.68211341 -0.04563134  1.4751125   0.95239828] [ 1.25973574 -1.31587043 -1.11026495 -1.55648824] 
122 [0.5214438  0.61160636 0.28337077 0.67743991] [ 1.57084963e+00  1.16774164e-03 -4.28221940e-03  8.06107272e-01] [1.16750919 0.79466619 0.67558644 0.46482956] [1.58661347 0.48714907 0.93279236 1.21700743] [1.55363632 0.48965292 0.90638887 1.57438795] [ 1.54323769  1.04918065 -0.07739142  1.9065936 ] [1.42831658 0.82057635 0.34903148 1.55543152] [ 1.53766714 -0.12775771 -0.04921489  0.78369332] [ 1.65515915  0.29627932 -0.35386484  0.62722282] [ 1.52784492 -0.81404573  0.2890709  -0.23008256] 
123 [ 0.02387915  0.21381365 -0.21087216  2.27649813] [0.89896991 2.04154851 0.73847741 0.29683212] [ 0.16777768 -1.78984428 -0.13749923  2.28170979] [1.10652866 0.71924354 0.99998096 0.40226051] [-0.19715356 -0.12672482 -0.50122333  1.6896993 ] [ 2.1088757   1.53249847  0.2285573  -0.16809015] [ 0.24798495 -0.0480553  -0.10984067  0.91772458] [ 0.42321542  1.63812779  0.53719516 -0.20522431] [ 0.17527709  0.03788879 -0.07691437  2.80644521] [1.64001589 0.65320246 0.32708896 0.19727782] 
124 [ 0.27337353 -0.06003849  0.46454834  1.11675487] [0.63668615 0.53856271 1.62914948 0.13971531] [-0.19116288  0.59308775  0.36641073  0.66641956] [0.36758741 1.36528962 1.67260618 0.10439427] [ 0.28137963 -0.05533322  0.42734359  1.08231685] [0.41179858 0.74201694 1.63023937 0.16022279] [ 0.26411193 -0.05992408  0.47687457  0.12993756] [0.30063319 2.33262488 1.53793231 1.3827979 ] [2.08630732 1.48338247 0.07414958 1.50869623] [ 1.99697022  2.47515268  0.94744306 -0.21364027] 
125 [1.38857517 1.01099224 1.02640589 1.02774068] [0.80594359 1.58313571 0.83226713 0.88420331] [1.39044093 1.01336805 1.03242739 1.02891543] [0.82149971 1.57697185 0.83368468 0.87896826] [2.02379962 1.66151307 1.6634906  1.78143466] [ 0.81706761  2.11859631 -0.28845354  0.24029354] [1.93298781 1.95608814 1.55908495 1.75207753] [1.04018078 1.94007262 1.36126351 1.49033659] [0.90889683 1.44970033 1.71156235 2.23864215] [1.57158814 1.59983636 1.79585162 0.91000843] 
126 [0.4922723  0.03825329 0.04740812 1.52556095] [0.25431742 1.2929695  0.0224174  0.80260186] [0.94766442 1.14535792 0.24776606 0.13035546] [-0.01129183  1.33243189 -0.12909475  1.41900335] [ 1.97210612  0.33849832  0.18736789 -0.62419318] [1.01150107 0.77171228 1.26686085 0.22438546] [ 0.88114221  1.34792706 -0.44081791  0.04429573] [-0.00498773  1.91398323  2.23774512  0.63454325] [ 1.806236    0.49542328 -0.21368147  1.75852928] [0.20153387 1.18295362 1.04946171 1.40689735] 
127 [0.17176435 0.46490635 0.10384619 1.19340433] [-0.51436792  1.49134839 -0.17447985  1.57488269] [ 0.18614811  0.52194409 -0.59125146  1.73787221] [-0.49616802  1.33639296 -0.07117669  1.6041478 ] [ 0.29057432 -0.13175026  0.09564972  1.88952835] [ 0.51796159  0.70877661 -0.08104476  1.79370092] [0.18504984 0.36677236 0.2214001  1.82507053] [ 1.18162561  0.15070354 -0.10028266  1.80684334] [ 0.2170072   0.0922922  -0.73150008  0.06414343] [ 1.25297363  1.56462653 -0.56976204  0.80527656] 
128 [0.16752152 0.44841638 0.74184823 1.48038349] [-0.51249204 -0.24669309  1.39579649  1.58110933] [0.17088699 0.43912967 0.72171686 1.49023483] [-0.5270888  -0.24308858  1.38244016  1.5894433 ] [0.17028069 0.44548742 0.73849745 1.29775631] [-0.51856437 -0.24637996  1.38946512  1.58651871] [0.17589356 0.44497781 0.71101041 1.22515921] [-0.50421294 -0.21299596  1.39276347  1.57459221] [-0.0260283   0.55371121 -0.74448991  1.69935803] [-1.94290235  0.04749995  2.01691711  1.71035109] 
129 [ 0.57418707  0.99136459  0.52944337 -0.27477342] [0.04072205 1.5197023  0.64982554 1.75532951] [0.60269698 1.0138443  0.47184458 1.57980934] [0.05881609 1.5138412  0.63348345 1.80534197] [0.2185373  0.92146822 1.414959   1.22039921] [1.20786992 1.56544865 1.57303866 1.78308825] [0.13409122 1.48042279 0.5196873  0.67012589] [0.13658627 1.57697033 0.90276469 1.74756401] [0.19593738 1.89098035 0.7707907  0.3620706 ] [1.05966435 1.60898217 1.39076955 1.73340014] 
130 [ 1.2212472   0.00534041 -0.00384882  0.88239246] [0.53507819 0.79513206 0.23920763 0.81132216] [ 1.19819263  0.01168111 -0.31240211  1.1867649 ] [0.45371316 1.10187764 0.03130826 0.76640202] [ 1.11136448 -0.01183513 -0.91742305  1.64659029] [ 0.15430511  1.40987355 -0.39251271  0.95328205] [ 2.01748544 -0.5180684  -0.91588013  2.4259967 ] [0.83663823 1.14322627 0.29729168 0.3441688 ] [ 0.97074761  0.00543414 -0.91049751  1.54088397] [0.50323704 1.05265158 0.52137578 1.09037925] 
131 [ 0.42846712 -0.0096769   1.62587414 -0.32228366] [-0.33301494  1.93021708  0.73042115  0.31911534] [ 0.27613675  0.14259827  1.67545866 -0.32770219] [-0.03381597  1.62438787  0.65912313  0.37436354] [0.16053025 0.33085424 2.32680801 0.5804475 ] [-0.49856522  1.44716433  1.74295704  0.15889708] [ 0.21873984  0.33514514  2.35703001 -0.0553168 ] [ 1.09110122  1.38523906  0.36142084 -0.62201393] [0.20566028 0.3874868  1.11127625 0.05264865] [ 1.17694191  1.58825301 -0.54873843  0.74460817] 
132 [0.1941089  0.55993082 0.25731615 1.79064466] [ 1.08671265  0.34294514  1.5536629  -0.3068908 ] [0.21982706 1.60229957 0.12115959 1.71737361] [ 1.08495426  0.18948858  1.5549529  -0.17973587] [ 0.21783313  1.1761208  -0.12248655  1.93946428] [ 1.11021266 -0.06184478  1.63845967 -0.02934045] [0.20936033 1.01688872 0.00226333 2.21137522] [ 1.11107543  0.45002324  1.12873551 -0.01123609] [0.1811572  1.86491923 0.74715966 1.75030981] [ 1.08209104  1.5654005   1.33988998 -1.49281301] 
133 [ 0.21305988  1.34368661 -0.03906744  1.269965  ] [ 1.12536742  1.85511814 -0.27038846  0.0869064 ] [ 0.2102408   1.70845079 -0.025147    1.69318963] [ 1.04619918  1.88535761 -0.16039194 -0.14972354] [0.20612598 1.91496961 0.1823504  2.00390003] [ 0.96885007  2.01648481 -0.22621896  0.27254706] [ 0.18232051  1.97426247 -1.28690383  1.8451728 ] [ 1.08590287  1.6062833   0.20990378 -0.08221417] [ 0.17477245  1.9340192  -1.22836271  1.81323006] [ 1.06718974  1.62495824  0.20912726 -0.11466885] 
134 [0.16897667 0.06699141 0.4236219  0.60670793] [ 1.06464294  1.52794962 -0.28520656 -0.16000929] [ 0.23061488 -0.05779069  1.08587794  1.65030022] [ 0.71865646  1.8913455  -0.1178441   0.22268201] [ 0.3692235   0.51577114 -0.28255849  1.55812862] [1.71509944 1.57308386 0.07057443 0.84667186] [ 2.00623022  0.26250801 -0.4822038   1.74243014] [ 1.10865817  1.79475865  0.2904249  -0.25616127] [2.05696195 1.77978198 1.2901238  2.28528304] [1.81718082 1.91663203 0.10221425 1.71502972] 
135 [ 0.64329001  1.3916252  -0.14187062  0.63207172] [-0.06855025  1.38812955  1.39417407  0.28355359] [ 1.01390262  0.96085098 -0.2731945   1.50543966] [-0.02059898  1.09827718  1.28931459  0.23344535] [ 1.56515415  0.72856114 -1.92452119  1.48612131] [0.05440699 1.91243594 1.88863353 0.20855381] [ 0.84593956  1.15775653 -1.66043691  1.63597125] [-1.09682361e-03  9.19741764e-01  2.01190635e+00 -2.74008295e-01] [ 0.91364902  1.1155006  -1.56026329  2.91174205] [0.00945263 0.90314117 1.91120637 0.29255767] 
136 [1.16489394 0.79104548 0.68244233 0.4570147 ] [1.56894828 0.48244814 0.92039671 1.23617806] [1.15780384 0.79186034 0.67899549 0.44877006] [1.57307663 0.47822149 0.94474725 1.27776581] [ 0.21571341  1.28329176  0.42389956 -0.23178271] [1.07381976 0.04181192 0.12213248 1.46881963] [1.43497876 0.91756093 0.43104961 1.36937696] [ 1.54466963 -0.14543954 -0.02439299  0.82034409] [1.15620441 0.88731266 0.39818596 1.83730786] [ 1.59404004  0.91865135 -0.39480845  1.07090457] 
137 [ 0.1773048   0.53721762  1.24374647 -0.00782429] [1.0541266  0.13729046 1.42870899 0.26248868] [ 0.43794178  0.17162532  1.49580054 -0.32120477] [1.59034432 0.00276711 0.72488446 0.34532472] [0.22634778 0.13172344 1.63735598 0.1228368 ] [ 1.12436996 -0.14011728  1.51648811  0.17271438] [0.20688199 0.11675654 1.7555546  0.19335642] [ 1.20439076 -0.07720347  1.6950063  -0.07720379] [ 0.30926907 -0.07893832  1.496536    0.02528084] [ 0.44463033  0.69682069  1.72862658 -0.13347443] 
138 [ 0.17432861  0.52286811 -0.08308507  1.87661098] [-0.52075489  0.84764482  0.47773187  1.61688848] [ 0.41094724 -0.17267757 -0.11756687  2.0237264 ] [0.17340305 0.57600825 0.43024182 1.84099442] [ 0.27836223 -0.16552259 -2.06820918 -0.20436619] [ 1.97855192 -0.95235031  0.30832678  1.38192718] [ 1.73212776 -1.86003645 -0.59490477 -1.54959236] [ 1.46726515 -0.64903916  0.29647098  1.40521049] [ 0.65463602 -0.66014669  0.66013752 -0.39332666] [ 1.55654184  0.54023588 -1.5640306  -0.33648191] 
139 [0.51909919 0.00394649 0.01223052 1.56706197] [0.74446974 0.29657085 0.52176142 0.80261062] [ 0.50112879  0.03437559 -0.02540302  1.57355466] [1.14929416 0.1683257  0.24871624 0.79244189] [0.50926555 0.02490264 0.10045231 1.46436287] [ 1.01478666  0.55449243 -0.02495809  0.80831173] [ 0.32215033 -0.18979839  0.11484334  2.75620585] [ 0.25832207 -0.32761107 -0.520564    0.19879077] [ 1.89168276  0.07358064 -0.2001219   2.31622765] [ 0.50232435  0.64046301  1.19399991 -0.32926972] 
140 [ 0.19829729  0.61649076  1.02527615 -0.0220403 ] [-0.49413955  1.36050828  0.92099505  0.64728371] [-0.64417001  0.45672568  0.69010321 -0.06882542] [ 0.02025587  0.32239731  0.36028482 -0.59350572] [-0.63851036  0.44261556  0.70283748 -0.0681914 ] [ 0.0247234   0.31754266  0.35606385 -0.59158139] [-1.08950105  0.88741071  0.72355615 -0.07394529] [-0.01852567  0.31857513  0.35719074 -0.58882192] [-1.29035314  1.07344528  0.60308651 -0.04908346] [ 0.00905208  0.33038715 -0.89998558  0.66707666] 
141 [0.19218294 0.49162234 1.22347137 1.61952601] [ 1.03221042  0.11708565  1.75282319 -0.15596694] [0.20571587 0.66331405 0.82909164 1.81485763] [ 1.12514379  0.12809793  1.64616922 -0.04495261] [0.23016065 0.10000122 0.85400653 2.31122336] [ 1.23734403 -0.15118292  1.59802688  0.03161639] [0.20594444 1.21819268 1.34065997 2.22445584] [1.12872483 0.0133348  1.82422849 0.2476203 ] [0.20612656 1.72295331 1.78164202 1.97271509] [ 1.06294116  0.13328976  1.53024446 -0.04663118] 
142 [ 0.18650429  0.49935671  0.38824507 -0.17406601] [-0.50717649  1.4539633   0.1352589   1.3831248 ] [ 0.17565426  0.46387779  0.38289258 -0.18082063] [-0.51042752  1.43445966  0.12588261  1.38503027] [ 0.22492987 -0.22243364  0.157747    0.39430002] [-1.1747857   2.54968551 -0.42620571  1.649341  ] [ 0.17887116 -0.1400322   0.61564178  0.50089136] [-0.87553552  1.95165731  0.05036433  1.61731468] [ 0.16399083 -0.14576479  0.68335216 -0.06754518] [-0.84734647  1.93635381  0.00718332  1.62106693] 
143 [0.18728969 0.54564097 0.64008937 1.38218197] [-0.52828438 -0.20157175 -0.16857562  0.09845306] [-0.30312475  0.21893096  2.1533425  -0.15743278] [-0.35222293 -0.55089135 -0.83485542 -0.39139457] [-0.22363817  0.54843282  1.67384646  0.09203855] [-0.63894164 -0.09934009  0.07007233 -1.13338448] [ 0.16119455 -0.12081369  1.29983529  2.30146068] [-1.1684389   0.603812   -0.33166567 -0.24547774] [ 0.17044965  0.98734372  1.3329715  -0.10216037] [-1.98447416  0.01849383 -1.06029179 -0.36280489] 
144 [ 0.20526525  0.13802448  0.50000258 -0.03850973] [ 1.1348928   1.44597476 -1.57896859  1.34211918] [ 0.20843615  1.18620672  0.13490787 -0.63509463] [-0.50614767  1.34948278 -1.46299571 -0.18606634] [ 0.53893514  1.09889109  0.42449868 -0.46186179] [ 0.06258006  1.47091606 -0.75683678  0.22253985] [ 1.10106232  1.13430564  0.50284369 -0.09916951] [-0.00212643  2.04576029 -1.07270101  1.24649991] [ 0.81374262  1.40766029  0.54845688 -0.09843708] [-0.03249478  2.08546841 -1.03903165  1.23025849] 
145 [ 0.20868858  1.61336919 -1.18039925 -1.14456341] [ 1.06371721  1.77522333 -0.03363781  0.16709475] [ 0.20839171  1.59919099 -1.28381521 -1.06044548] [1.06343201 1.78412252 0.00763342 0.19820717] [ 0.21938477  1.56362333 -0.84485928 -1.51454134] [ 1.07818925  1.7601112  -0.04940147  0.19327908] [ 0.18861804  1.90065499 -0.56839952 -0.7216945 ] [1.12518875 1.65928899 0.14908317 0.17750091] [ 0.19664666  1.6698621  -1.11441387 -0.02028518] [ 1.06735484e+00  1.65952685e+00 -1.29838554e-04 -5.32956839e-02] 
146 [-0.28792934  0.053326    0.68267024 -0.83660941] [-0.27790116  0.61296061  1.36408443  1.54469107] [0.16850672 0.43123513 0.70222508 1.5767721 ] [-0.50974618 -0.23480443  1.37928241  1.60182806] [ 0.27381911  1.80509231  1.94881828 -0.30020417] [-1.6959353   0.39804384  1.19212664  1.24846758] [ 0.17356927 -0.12653481  0.78668502  0.05146868] [-0.97993166  0.40845793  1.39861817  1.53031565] [ 0.16678584 -0.10473533  0.70840634  0.06025283] [-0.8973259   0.32106602  1.51663008  1.39776   ] 
147 [0.22226462 0.60540236 0.02628532 1.83145274] [ 1.12413758  0.83640006  0.86205569 -0.12683632] [ 0.21963984  0.37096862 -0.13412716  1.31690428] [1.19139646 1.55521836 0.01125499 0.20579857] [ 0.17234037  2.26103028 -0.72982976  1.74568909] [ 1.24200613  1.70218351 -0.20359591  0.16571519] [ 0.49544857  1.91481067 -0.15375802  0.53330975] [0.06573921 1.2664941  2.43043915 0.20729819] [ 0.39403461  1.63438295 -0.83655936  3.16319434] [0.04540221 0.80587395 1.9366465  0.2898401 ] 
148 [ 0.2023991   0.56531626  0.3482263  -0.42764359] [1.09665193 0.20910036 1.54713843 0.15012762] [ 0.19988337  0.55827705  0.36978933 -0.43533358] [1.10661493 0.1896374  1.5433176  0.14431066] [ 0.19901663  0.83096274  1.20211959 -1.46737556] [1.0514944  0.01572514 1.53187301 0.23120951] [ 0.17757592  0.53758675  1.29992737 -0.6587625 ] [1.06991537 0.11057291 1.69665525 0.15902516] [ 0.18845875  0.60784459  1.41909556 -1.45028735] [1.06727824 0.05096708 1.55808953 0.20499063] 
149 [1.78110037 1.53187494 0.67669932 0.09043175] [1.88580833 1.52862133 0.74280945 0.54922371] [0.79962092 1.2760024  0.4056795  0.44527828] [ 1.57925178  0.81925233 -0.90420825  1.21708394] [ 1.29415912  0.93820641 -0.57629999  0.95629198] [ 1.55815504  1.11080606 -0.64467988  1.45882325] [ 2.20075987  1.01640448 -0.65900323  1.27641914] [ 0.43447349  1.56831004 -1.63128778  1.81014225] [ 2.05735969  1.76306153 -0.20630887  0.56528213] [ 0.95076424  0.62900526 -0.27259537  1.33281795] 
150 [0.21230664 1.22757916 1.25530984 0.08495012] [ 1.10809477  1.59295773 -1.66547895  1.71949794] [ 0.16879284  0.47776272  1.20798415 -0.01048569] [-0.51450727  1.34386456 -0.14970457  1.75107942] [ 0.19060604  0.50365149  0.76108926 -0.16088993] [-0.49756758  1.34061206 -0.06239683  1.70861916] [ 0.1795683   0.47868946  0.39407695 -0.19495976] [-0.49965578  1.43836154  0.13598688  1.39267897] [ 0.18022285  0.47653247  0.38528044 -0.17576291] [-0.50330269  1.4354528   0.13588392  1.40105885] 
151 [ 0.19577692  0.73083263 -0.14812719 -0.02724047] [ 1.10462264 -0.06926968  0.95960488  0.79026597] [ 0.34619659  0.07277695 -0.17070804 -0.07199065] [ 0.82935152 -0.45111341  1.82571563  0.41749575] [ 0.21051741  0.5957617   0.2200839  -0.02993357] [1.12464158 0.14807701 1.18203768 0.34120453] [ 0.22867556  0.46464929 -0.09184646  0.0239199 ] [1.13782895 0.33433683 0.95454699 0.32021242] [0.16530489 1.59402152 0.51955461 0.60042178] [ 0.2688446  -0.01004771 -0.96615596  0.24163997] 
152 [ 0.20903765  1.45274809  1.03125397 -0.04662931] [ 1.11554903  1.59531404  0.19661337 -0.17600072] [0.79119038 1.24056359 0.41677038 0.92385592] [ 1.52991354  0.93386909  0.49707454 -0.11139571] [0.52022048 1.56906315 0.24799319 0.46028668] [ 1.54292363  2.69108282  1.23205722 -0.22149595] [ 1.09459372  1.33633822 -0.58217282  0.24007981] [1.57712871 1.55702342 1.58374783 0.76356669] [ 2.25786755  0.39209819  0.1314655  -0.05103696] [ 2.04816013  1.49786385 -0.51813913  2.38929919] 
153 [1.42770525 0.89671834 0.79622549 1.0119077 ] [ 1.52157203 -0.11453482  0.01238293  0.80296469] [1.42312037 0.92551994 0.53097488 1.24655064] [ 1.54064899 -0.10519133 -0.02609816  0.82661231] [2.02442429 0.97411839 1.58634368 1.72451509] [ 0.87315285 -1.16040591 -0.3068634   0.23201853] [2.27874402 2.11412797 0.15320573 1.40710251] [ 0.44477409 -1.33119077 -1.36836618  0.21544436] [ 2.05409426  0.20531233  0.37494497 -0.69941874] [ 0.06227748 -0.99939317  0.24226679 -0.17005987] 
154 [ 0.31901979 -0.02242546 -0.08425594 -0.32213945] [0.07432765 0.52227991 0.571547   1.49650842] [ 0.38996801 -0.19862203  0.01019924 -0.18425455] [0.20583349 0.7315225  1.45567223 0.35215153] [-0.20087721  0.56725279 -0.00882898 -0.03888081] [0.32529711 2.0521198  0.12914867 0.71380248] [ 0.22299526  0.47450005 -0.07719071  0.05516445] [1.10859466 0.66558041 0.40415629 0.61016674] [ 0.15813488 -0.42413764 -0.46042527 -0.58525292] [-0.2443271   0.33442697  0.218059    0.14847057] 
155 [ 0.1414267   0.32367184  0.65963566 -0.189611  ] [-0.51814695 -0.26769005  1.30862507  1.68183983] [ 0.63460131  0.48293783  0.86988271 -0.24005462] [ 0.00494589 -0.00239408  1.28775632  1.32904386] [ 0.1930653   0.07271913  0.42570058 -0.7150656 ] [1.2223794  1.21709759 2.90100449 0.20556219] [ 0.18699025  0.12889371  0.42807087 -0.03448946] [1.13308385 1.46320358 2.34976087 0.55736461] [ 0.21447198  0.23614001  0.25631045 -0.03263803] [ 1.1647266  -0.15106699  2.05718858 -0.33048788] 
156 [2.0009842  1.05686021 1.64356432 1.42439382] [0.851497   1.04201934 1.8539862  1.52860864] [2.01116059 0.93826865 1.58895582 1.00383343] [0.90321013 2.04170188 1.31496118 1.48092498] [2.22681733 1.89109444 0.59835699 0.43947634] [0.46412101 1.54182173 1.82192623 1.39548909] [1.95950601 0.12560659 1.64257162 1.88236447] [0.82627514 2.06160669 1.35805249 1.42055348] [2.40019448 1.43323179 0.13919254 1.70311233] [0.12415345 1.85035182 2.46164925 1.43281459] 
157 [0.17555031 0.481653   0.68571749 1.43273551] [-0.52784828 -0.19370152 -0.17198566  0.08677371] [0.28237793 1.15267914 1.30703572 1.50392788] [-0.86498451 -0.07515593  0.15907695 -0.42774716] [0.2189962  1.32314919 1.61147168 2.33593219] [-0.50725651 -0.05048391  0.27476999  0.2138708 ] [0.21152673 1.45897989 1.36176207 2.25543615] [-0.4634841  -0.09205435  0.28549918  0.19141816] [0.46901986 1.65401723 1.78772205 2.23771924] [-1.54213518  0.74072712 -0.54123448 -0.42184944] 
158 [ 0.20186338  1.6331074   0.05004671 -0.13589085] [1.06789854 0.10086596 0.08859079 1.46696004] [ 0.18682771  1.70112873  0.07828497 -0.05166333] [ 1.109217   -0.16500889  0.14807677  1.66972105] [ 0.17752316  1.87357343 -0.10311134  0.04658546] [ 1.10354187 -0.05721479 -0.23299673  1.96665946] [ 0.23580809  1.95356963  0.06199198 -0.16568742] [ 1.0453698  -0.19167603  0.02869549  1.78546077] [ 0.23764608  1.85555076  0.16748925 -0.31087104] [ 0.9633744   0.37516818 -0.29825262  1.50756303] 
159 [0.21346832 1.36344746 0.27942577 0.89569169] [1.10936354 1.56257113 0.01288653 0.04527787] [0.21155206 0.40053298 1.16235589 0.15127272] [ 1.16957097  1.60687745  0.27585547 -0.07262229] [0.20715296 0.35158377 1.19108243 1.76330144] [ 1.12788034  1.60179083  0.19614632 -0.17459387] [ 0.21069708 -0.05765928  1.21982271  1.57382881] [ 1.05687798  1.5828747  -0.14548887  0.19570109] [ 0.20300584 -0.07147043  1.23852812  1.5813627 ] [ 1.12493131  1.52485565 -0.1528441   0.2093158 ] 
160 [0.1826078  0.47283458 1.70455687 1.34736257] [1.20427389 0.03843519 1.65580314 0.2210346 ] [0.61432545 0.36962512 1.25578799 1.79359031] [-0.05465261  0.00541946  0.51870739  1.4182937 ] [0.39334035 0.12935344 1.40345794 2.05977863] [-0.1558598   0.09687123  0.17318615  1.2322872 ] [0.62013909 0.07121577 1.5500579  1.8115744 ] [-0.12347223  0.06423723  0.53348516  1.40283926] [0.20912293 0.92356614 1.77355768 1.11202808] [-0.51601948 -0.16797248  1.74418574  1.5659612 ] 
161 [ 0.26312992 -0.12446944  1.96894505  0.20088599] [0.56070928 0.60293677 0.17240199 1.62208652] [ 0.28115116 -0.1294498   1.99359894  0.0825488 ] [0.53847991 0.57344555 0.26045405 1.49219774] [ 2.05485222 -0.72919404  2.10661162 -0.32291178] [-0.43216631  1.66582318  0.35235727  1.40543592] [0.72444017 0.38604358 1.13717132 0.51688559] [-0.01865077  0.00486762  0.45434531  1.4457315 ] [0.65017045 0.07340938 1.04900915 0.08159537] [ 0.06211888  0.00766275 -0.54637079  2.52615529] 
162 [-0.21012378  0.62803003 -0.05803388 -0.06422974] [0.29810345 0.78899493 1.08054182 1.01110894] [-0.21018173  0.63513433 -0.06114285 -0.06225181] [0.28969303 0.83693242 0.99536284 1.04420425] [-0.18785949  0.57957726 -0.7270354  -1.0604002 ] [ 3.76016917e-01  1.37338876e+00 -7.55134028e-04  1.48438124e+00] [ 0.19545675  0.56076265 -1.15027417 -0.17792767] [-0.5016101   1.33878781 -0.05620246  1.63222251] [ 0.17777476  0.44447657 -1.60191262  0.11758828] [-0.48503032  1.39686969 -0.23278395  1.74438708] 
163 [0.19779303 0.28388777 2.25556016 1.1222772 ] [ 1.16348757  1.44071598 -0.20389954 -0.18023343] [0.19097514 0.28420981 2.23948862 1.13466983] [ 1.16353348  1.43334177 -0.21387637 -0.17273122] [0.86660942 1.22544818 1.72365438 1.09010131] [ 0.01344367  1.88918763  0.22929468 -0.21312435] [ 0.19576573  0.10590256  0.39317788 -0.60535213] [ 1.21373045  1.21913564 -0.21925784  0.21684734] [0.20055489 0.61005204 2.19420909 0.55358804] [-0.51679584  1.33232136  1.50313729  0.16578116] 
164 [ 0.18248705  0.48909688  0.31878896 -0.1468386 ] [-0.50956155  1.50726991  0.1471809   1.29773413] [0.22204578 0.79669766 0.49541329 0.05928264] [-0.48999655  1.36718425  0.97916728  0.70396915] [ 0.19870805  0.55306283  0.99980619 -0.01762168] [-0.49466392  1.3598955   0.98027022  0.59774078] [ 0.63243927  0.91029266  0.94311265 -2.28252404] [0.09874533 0.05227095 2.75892584 2.34473246] [ 0.63505123  0.83229806  1.02502077 -2.27608923] [0.10272105 0.04637134 2.76369011 2.34782564] 
165 [0.59120683 0.62313761 0.90531746 1.12171353] [-0.02943514  1.57947257  0.84698917  0.28948882] [0.74754411 1.22451488 0.17780395 2.594204  ] [-0.01690548  1.06443741  1.89740059  0.27992049] [0.73884761 0.49568738 0.9121801  1.12686772] [-0.01365576  1.57267083  0.84982879  0.27022962] [ 0.64385808  0.70040788  0.82835005 -0.22221623] [ 0.02621847  1.5788009   1.09096896 -0.53670788] [0.19486322 0.55865677 0.535601   0.49419791] [-0.48806863  1.3590414   0.06187243 -1.55320112] 
166 [ 0.37241488  0.0455279   0.06982125 -0.19379886] [ 0.99748358 -0.25214885 -0.35023679  2.20474347] [0.19141161 0.4004244  1.91327484 0.14967956] [1.14471015 0.09765849 0.00655848 1.72163704] [ 0.22626489  0.22466338  0.73918861 -0.48341882] [ 1.15748367 -0.1133568  -0.00627897  1.69530444] [ 0.21606532  0.11523884  1.62827427 -0.14344262] [ 1.17445022 -0.10300124  0.11045844  4.66122825] [ 1.51812808 -0.35768097  1.06623191 -0.47731599] [ 0.01868141  0.00255519 -1.21932236 -0.24276349] 
167 [ 0.51985336 -0.17469721  0.62815072  1.12955186] [ 1.61397089 -0.08247535 -0.00511209  0.82233217] [0.20501501 0.21580123 0.28735355 1.28393964] [ 1.09684619 -0.1222317   0.1579807   1.67682439] [0.20868795 0.20323927 0.28308103 1.32465963] [ 1.14409114 -0.16199618  0.16810899  1.66805227] [ 0.33156022  0.12370557 -0.06699593 -0.19094179] [ 0.97962984  0.66351137 -1.09154432  2.0992043 ] [ 0.25654499 -0.14927722  1.70426831  0.51097723] [ 2.28338818  0.52643453 -0.17189571  0.21792257] 
168 [0.70672316 0.85867511 0.01838039 0.49781678] [ 0.02502865 -0.02544174  1.54068822 -0.80499178] [ 0.22778189  0.46526258 -0.07561221 -0.32841942] [ 1.07949906  0.54657565  1.16174294 -0.11548656] [ 0.27752438 -0.06437103  0.12528131  0.47347402] [ 0.30866808  0.81253898  1.50899896 -0.2124952 ] [ 1.65574586  0.03764787  0.02399738 -1.42797366] [ 1.35848185  0.72179399  1.16197601 -0.4217457 ] [ 1.67412069  0.02323432 -1.44810408  1.45606542] [ 1.2839005   1.94188569  1.16288537 -1.57976711] 
169 [ 1.66290978  0.73454216  0.38642656 -0.04868987] [ 0.11663727  0.44461521 -0.5775754   0.83987657] [ 0.90191691  1.00993832  0.07354121 -0.24194268] [0.00291261 0.66614289 0.68849722 1.40265109] [ 0.32173066  0.14619779 -0.07549692 -0.20043769] [ 1.0071137   0.5669421  -1.02104042  2.08684083] [1.01925021 0.41080401 0.8170855  0.34642254] [ 0.01085961  1.59000392 -0.76899453  0.75381961] [1.92998645 0.3596189  1.81431499 0.26942455] [-0.25068838  0.81088132 -0.25128869  1.78944357] 
170 [ 0.93060517  1.2915173  -0.17844399 -0.20320267] [ 1.55569621  1.18836627  1.45158444 -0.51973123] [ 1.2959536   0.92086909 -0.62551391 -0.47199741] [ 1.56888858  1.0952258   0.78171666 -0.06474207] [ 1.56347438  0.50017198  0.23925519 -0.55069401] [1.49389491 1.0241952  1.38414866 0.18076   ] [ 2.12236155  0.18975009  0.03251143 -1.83515276] [1.10984275 1.61915938 2.26384152 0.39262662] [ 2.23836951  0.4864175  -0.04803509 -0.82876701] [ 2.15934554  2.45931741  0.87736408 -0.16550792] 
171 [-0.12981137 -0.33346463  0.88356181 -0.03897162] [0.40491384 0.17443379 2.18631096 0.78261661] [ 1.98361165  2.28275494  1.24308909 -0.21802865] [ 0.75588905 -0.18272916  0.70019065  1.22775608] [0.78585149 1.33850644 1.53246509 0.76416774] [ 1.56703587 -1.55130056  1.53039387  1.14300749] [1.13382633 0.85432989 1.19129421 1.24170767] [1.57738098 1.35972393 1.59410322 1.12791619] [1.1373941  1.0159036  1.30127033 1.02641937] [1.57341171 0.56012869 1.55250542 1.14006108] 
172 [0.22571681 0.64849864 1.76394344 1.65360806] [ 1.1119124   1.73078788 -0.09663699  0.03178967] [0.21134331 0.8318411  1.76641631 1.06766351] [ 1.14498964  0.00298385  1.58105847 -0.12970967] [1.81833562 2.19498588 2.09830122 1.55233219] [ 0.0258236   0.92682287  1.05223773 -0.25241001] [2.03356181 1.63939986 1.41801856 1.33451199] [-1.14872637  0.26764498  1.34000652 -1.54936549] [2.06573685 3.51052784 1.64916541 1.80224335] [-0.4691315   0.27348977  1.37766879 -1.65283991] 
173 [ 0.23482667  0.19312558  0.43996735 -0.06625202] [ 1.18972981 -0.13184685 -0.1535387   1.84766573] [-0.22808967  0.20950752 -0.14515675 -0.37744859] [1.1696651  0.62518044 0.40155159 1.50567345] [ 0.16035993  0.4254744   0.70827671 -1.42964597] [-0.52562319 -0.24940424  1.39964505  1.59539618] [ 0.40219247  1.18481085  0.7134047  -0.45491993] [0.06472934 0.05325893 0.28305013 1.75200556] [ 1.66657693  0.54592745 -0.50103011 -0.40148666] [-0.03099556 -1.1893562   1.30520259  1.73885048] 
174 [0.19522445 0.34081178 1.23082303 1.76163561] [ 1.12325269  1.62335727  0.20722695 -0.18338844] [0.2108618  0.37366536 1.2541876  0.14385858] [ 1.18710703  1.56748672  0.28302521 -0.10240046] [1.59222516 0.25251014 1.75283662 0.50351699] [ 1.61921945  0.94038174  0.11446682 -1.01541955] [ 1.96589214 -0.24463365  1.72862041  0.70623296] [ 1.06555642  1.10972172  0.19751849 -0.21387155] [ 2.10181964 -0.03499542  1.81038619 -0.52972804] [0.61835238 1.25102445 0.36238765 0.21242348] 
175 [ 2.24870193 -0.29715662  0.03520178 -0.20210356] [ 0.31712622  0.38867247 -0.27628773  1.67037324] [ 1.78789803  0.12367008 -0.01311104  0.11682699] [-0.41255537  1.31462696 -0.12729559  1.15491524] [2.00918249 1.12112064 0.1100668  0.19834535] [ 0.93626776  0.78077448 -0.3271268   1.32728055] [ 2.19076012 -0.24598624  0.07835413  0.798996  ] [-0.68861744  1.02626549 -1.26436306  0.19129285] [ 1.99749182  0.30616138  0.19834419 -0.52598742] [ 0.98734064  0.73539852 -0.34782976  1.37255074] 
176 [1.26088938 0.7884913  0.17459617 0.97783212] [1.58142675 0.45947511 0.46919637 0.17491266] [ 2.00976614  0.28316218 -0.49630098  1.74416284] [ 1.09117285  1.82766804  0.30131638 -0.2649319 ] [ 1.93856071 -0.11142138  0.73031753  1.61835906] [ 1.18164154  1.19533651  0.22780019 -0.29811334] [1.55751861 0.09351908 0.10173851 2.29225663] [1.71290198 3.03532539 1.20194235 2.33781587] [ 2.16681282 -0.53140917  0.02080756  1.73206397] [2.02620214 1.49649444 1.3844172  0.20455469] 
177 [ 0.22375079  0.3092914   0.07949    -0.03553455] [ 1.1657359  -0.20357084  0.59794415  1.18378816] [ 0.21800852  0.27382614 -0.20599543 -0.11595163] [ 1.43293165 -0.13871371  0.59039739  0.75005446] [0.23389384 0.19236631 0.11030294 0.18638129] [ 1.18018639 -0.08329107 -0.07850082  1.71729436] [ 0.22067866  1.45300219  0.10792253 -1.3520842 ] [2.74581006 1.17897299 0.23127251 1.57178604] [ 0.41085175  1.65522117 -0.17385753 -1.68246962] [1.62952697 0.8153619  1.93854688 1.25996849] 
178 [ 0.22352122  0.38418575 -0.09620857 -0.17736309] [ 1.30595389 -0.18936529  0.33235265  1.23127136] [ 0.18888487  1.24519497  0.53065791 -0.43551031] [1.05743124 0.06631246 0.11559063 1.51444074] [0.22672377 0.60136936 1.2984614  0.12657278] [0.94445528 0.12872364 0.35073104 1.25543145] [0.18402698 0.55530197 1.19241174 0.02247508] [1.02847948 0.12105906 0.00407416 1.69972173] [-0.20623195 -0.13410923  1.8356827  -0.38399356] [1.94283122 0.08641708 0.12088781 1.55297636] 
179 [-0.17141562 -0.54018822  0.05608115 -0.60784899] [ 0.52500466 -0.68679584  0.94092004  0.13805101] [ 0.29045133 -0.08991938 -0.27174673  0.05790776] [0.64482298 0.60301374 0.63989949 0.8071209 ] [ 0.21168179 -1.05361482  0.01148364  0.33272425] [ 1.12917514  0.83508215  0.70748825 -0.0246662 ] [ 0.17927719 -1.82119859 -0.12742418  1.30956197] [ 1.12044022  1.17689096  0.295254   -0.19588272] [ 0.1969036  -1.69687326 -0.1332054  -0.04676809] [ 1.1367263   1.24029892  0.50775343 -0.33513645] 
180 [ 0.29348162 -0.07375662  0.507968   -0.02588945] [0.53625684 0.59585649 0.78061436 0.88447488] [ 0.32908975 -0.20476295  0.12091439 -0.04658914] [ 0.39540818 -0.24129085  1.64696036  0.83123645] [ 0.20677649  0.5888577   0.46838554 -0.01801725] [1.10952113 0.12046866 1.11271986 0.45777374] [0.18741557 0.57741886 1.19437314 0.01907402] [1.01402034 0.11306506 1.2000664  0.51192963] [ 0.18120196  0.51065942  1.38705696 -0.91072878] [1.05185947 0.10268595 1.69694441 0.19430929] 
181 [ 0.11671473  0.22767793  1.50861269 -0.20096247] [0.7803788  0.73171689 0.57571719 1.23076443] [0.20518921 0.5722834  0.00154508 0.18259886] [1.13077216 0.0751996  0.08173274 1.50032065] [ 0.16823903 -0.11645054  0.95186867 -1.65974354] [ 2.04583411  0.53640814 -0.18916533  0.1857509 ] [ 0.30132544 -0.07860984  0.24991322 -1.96334466] [ 0.34631596  0.82129246 -0.03694933  1.44124986] [ 1.62490152  0.23968283  0.42082304 -1.97545484] [ 0.05662213 -0.22145146  0.5536833   1.46934097] 
182 [-0.21150771  0.67594447 -0.0636839  -0.06813007] [0.31101522 0.66941844 1.09077879 1.12298837] [-0.20728275  0.66175806 -0.05842545 -0.05231121] [0.31460732 0.60490206 1.24145549 1.02988257] [-0.21296973  0.76895261 -0.08380246 -0.7460738 ] [0.33139247 0.26222749 1.08529998 1.56116031] [-0.20036191  0.5251128   0.47795827 -1.37623721] [ 0.27569094 -0.28728029  1.40035029  1.58228181] [-0.14620384  1.90639811  0.11783291 -1.80930687] [1.34741263 0.52252842 0.6089774  1.63246373] 
183 [ 0.73508028  1.16599798 -0.15330312  0.13832035] [0.03016893 0.42880109 0.44721652 1.2442034 ] [ 1.0066964   1.21123405 -0.50692032  0.95252401] [ 0.00243165 -1.20601687  1.31787893  1.57003133] [ 0.21861751  1.68021548 -0.85351823  0.20750421] [-0.30526257 -0.24635985  1.34735715  1.70392518] [ 0.56142859  1.32009482 -1.61372768  1.73815105] [ 0.00242472 -1.36469947  1.93193147  1.45099935] [0.62413556 1.13863634 0.07431985 1.06648741] [ 0.07878588 -0.53190875  0.93145833  1.46177947] 
184 [-0.21261037  1.8968165  -1.39352355 -0.06042708] [-1.23173449  1.57387969  0.56805066 -0.33955074] [-0.16502155  2.22281656  0.04410678  0.61393413] [-0.99904004  1.59499304  0.19929974  0.18892996] [-0.22343343  1.14965085  0.00168434  1.52470411] [-1.13849299  2.20350666 -0.64424699  0.00919683] [-0.18800564  1.83890496  0.10599499 -1.33447592] [-1.12835384  1.9887204  -0.33069699  0.20836011] [-0.29579606  1.93132836 -1.58704394 -0.31256953] [-1.67031127  1.51180258  0.7538942  -0.28133441] 
185 [ 0.40775064  1.66755144 -0.28510162 -0.51558729] [1.57778089 0.71022861 0.41658789 0.18727077] [ 0.42899     1.69733368 -0.36360094  0.11775672] [ 1.53490828  0.64052686 -0.52418609  0.91712191] [ 0.42802422  0.67411303  0.9790669  -0.32000242] [ 1.59288588 -0.0047328   0.6876129   0.34705337] [1.64303777 0.69222786 0.30916828 1.57193308] [0.09876531 0.41752578 0.28579178 0.19378912] [ 1.97388867  1.09822957 -0.87467672 -0.45314657] [ 0.10975617 -0.00208803 -1.29884374 -0.29151865] 
186 [0.1529181  0.39127711 1.65793999 1.64014778] [-0.53407115  1.27821869  1.70963563 -0.12380869] [0.18921045 0.52295761 1.12518269 1.91215192] [-0.48551674  1.34986356  1.57934056 -0.01077515] [-0.19580356  1.18584434  2.3602416   1.031247  ] [ 0.50774908 -0.20692565  1.24518712  1.56074235] [-0.22284098 -0.85453187  1.58524735  0.98700444] [0.40661077 0.12269081 1.36828996 1.55952414] [-0.16750352 -0.44227877 -0.74851052  1.832468  ] [0.52541224 0.2462345  1.73790948 1.6407032 ] 
187 [0.38716344 0.14190477 0.61349259 0.94759366] [ 0.13636641  1.46423992 -0.0080377   0.79495004] [0.41951862 0.10526614 0.58590182 0.99075364] [1.03570257e-01 1.48136129e+00 2.93782770e-04 7.39800267e-01] [0.29021679 0.25265288 0.53303531 1.03109727] [0.10526359 1.53096303 0.00384707 0.74941114] [8.68126669e-01 8.37867701e-04 6.38505107e-01 5.81751240e-01] [-0.44670492  2.00491886 -0.01048976 -0.81984523] [ 0.21411981 -0.05566794  1.08499702  1.67257287] [ 0.93419449  1.69353475 -0.13664534  0.22219043] 
188 [ 0.21176717 -0.61171097  0.04072355 -0.27993729] [-0.39041181  0.41983569  1.37090284  1.50719319] [ 0.58382536 -0.28149707 -0.08039579  0.57089137] [-0.01350409  0.44638778  0.69833348  1.65773239] [ 1.09684681  0.0108384  -0.90352683 -0.43491331] [0.9419851  0.62501033 1.13875981 1.00749554] [ 0.22552756 -0.01821255 -0.20366964  0.11345206] [ 0.73670703  1.28621349 -0.58787654  1.14334292] [ 0.2060691  -0.48907079  0.39698603 -0.93165248] [-0.25290194  0.30435564 -0.06006207  0.17651845] 
189 [1.47802506 0.37880412 0.21070299 0.40887986] [-0.02295404  0.31753276 -0.89428305  0.31991876] [2.12203905 0.06689047 1.40500514 1.56850582] [ 1.09948227  0.78203597  0.26110884 -0.20487118] [ 2.17393308 -0.11480861  1.55809682  1.58556281] [ 0.26929436  1.74542928  0.25064117 -0.21381468] [ 0.41502868 -0.23439239 -0.15968956  1.7632157 ] [ 0.18004435  2.13349858 -1.17339706  1.65408051] [ 2.21558683  0.33952273 -0.10520651  0.93249042] [ 0.40616626 -0.25454237  0.26638479  1.64554066] 
190 [ 0.18690826  0.53055039  1.4887227  -0.22005989] [ 1.02397461  0.1502397  -0.06543111  1.73582991] [ 0.27024158 -0.12525089  2.00029046  0.37218164] [0.52311091 0.67336858 0.19300297 1.63671172] [ 1.10895904  0.83890283  1.33808671 -0.23654423] [0.00161915 0.63485548 0.63042516 1.23046339] [1.92888368 0.35612777 1.4090456  0.93070377] [-0.13494005  0.51085489  1.62596491 -0.14779386] [ 0.50743492  0.15160154  1.17385315 -1.79320303] [0.00307115 1.54359603 0.12494273 2.33664843] 
191 [ 0.30822138 -0.0716897   1.33885516 -0.13469815] [ 0.44235353  0.70769264  1.59191995 -0.00322412] [ 0.29471449 -0.08851303  1.87408985 -0.57997675] [0.48026669 0.631061   1.71560365 0.11498812] [0.21143778 0.12735739 1.62693466 0.17935338] [ 1.14868813 -0.09012274  1.61621258  0.05169893] [ 0.17870608  0.52505238  1.33364185 -0.71835759] [1.05212124 0.12642582 1.70598239 0.15900332] [ 0.27833664 -0.05872949  0.43802632  1.10491801] [0.45135697 0.715244   1.62329326 0.16402625] 
192 [-0.2237449   0.26198133 -0.08781349 -0.10654034] [1.11814008 0.22509969 0.54675434 1.83372343] [-0.21105658  0.28309937 -0.0896154  -0.11368348] [1.10260575 0.1782481  0.60484874 1.84838286] [-0.22849204  0.23052506 -0.07661638 -0.07876159] [1.13009248 0.4914772  0.25999524 1.85851932] [-0.2162682   0.26504905 -0.09037415 -0.1031669 ] [1.12108611 0.26576471 0.5353105  1.82732202] [-0.20656583  0.62232722  0.36507978 -1.22460838] [0.35409113 1.33288766 0.09523536 1.54471036] 
193 [-0.16280035 -0.26156244  0.36283656 -1.03117749] [ 0.57468312  0.32376309 -0.18278332  0.16548481] [ 0.24630997  0.61545059 -0.68206319 -0.61171847] [0.88676263 0.12346996 0.24065309 1.53767394] [ 0.32564464 -0.11006765 -1.6043515  -0.63758008] [ 0.2464665   0.69465192 -0.11470647  1.35984403] [ 0.23659656  1.12727655 -0.98528962 -1.11385328] [ 1.20151432 -0.0294692  -0.10590735  1.55192078] [ 0.22925411  1.88249991  0.13201357 -1.36799818] [ 0.91332929  0.42864689 -0.37172314  1.65438658] 
194 [-0.20644706  0.20440151  1.38669352  0.97422365] [-1.02302214  1.43052161  0.15858534 -0.09908337] [-0.21815225  0.78050614  1.71631886  0.59212763] [-1.09773696  1.81298923 -0.07078783  0.14435004] [-0.1952397  -0.07868066 -0.49269587 -0.06240877] [-1.19300024  1.71936722  1.72528126  1.65739502] [-0.21981409  0.41317896  2.74403562  1.63690311] [-1.19713457  1.53778971  1.61685005  1.32626717] [-1.95438501 -0.35540641  1.92645129  0.14891518] [-1.61260873  2.81303086  0.37013238  2.27423442] 
195 [0.20230525 0.44892298 0.55436392 0.57719103] [1.13916964 1.63668496 0.07419639 0.18384757] [-0.19669131 -0.11121059 -0.43940978  2.85931917] [2.10620307 1.71644191 0.19890093 0.16082396] [ 0.45228379  0.06007681 -0.1586302   1.74059507] [ 0.07763525  1.53744505 -0.07795962  0.79648678] [1.49982733 0.42777802 0.16687717 0.27216241] [-0.05920976  0.80693289  0.59384905  1.37866067] [1.44958615 0.15636518 0.48408427 1.56980857] [0.01329525 1.52584118 0.62472274 1.82619612] 
196 [ 1.65867938  1.14678799 -0.43726315  0.27719086] [ 0.10225631 -0.07061986  0.36153618  0.35663188] [ 1.61705455  1.20410578 -0.44297731  0.28231764] [ 0.10974599 -0.06515845  0.37143501  0.35512557] [ 2.0104998   0.58120073 -1.47945414 -0.22266003] [ 0.87937915 -0.10069454  0.64789572  1.21505262] [ 2.02635616  1.30310694 -0.18905808  0.04557682] [ 0.91436751 -0.61882967  0.64300881  1.28018489] [ 2.16563989  1.70089737 -1.56080511  0.47363538] [ 0.34674811 -0.09197825  1.7863905   0.23090642] 
197 [0.70174335 0.56375636 0.74593069 0.23786373] [0.02430115 1.58579852 0.48920205 0.55182653] [0.7190085  0.55189308 0.76113524 0.21914351] [0.02809005 1.54670612 0.50673611 0.49203067] [0.19542552 0.54841374 1.25706287 0.13786315] [-0.49365807  1.37286915  1.61923517 -0.05606125] [0.18809547 0.51032181 1.66735306 0.32421107] [-0.50451187  1.32159878  1.62483162  0.03517606] [-0.1662451   0.07132116  1.67924611  0.03921395] [-2.27085135  1.16173982  2.05003719 -0.36759415] 
198 [ 0.22357431  0.7611597   0.46640283 -0.01937946] [-0.49282228  1.37449833 -1.07360485 -0.40638138] [0.57806321 1.01613031 0.16722576 0.15278112] [ 0.06181778  0.24493661 -0.55858813 -0.81031946] [0.80749789 0.01526326 1.17134521 0.62081093] [ 0.85290899  0.72326842 -1.09475987 -0.82773284] [ 0.26531216 -0.05918943  0.11694855  0.46032949] [ 0.28831096  0.83787894 -1.66604817 -0.22458502] [ 0.68093272 -0.85638161 -0.41242709  0.74429198] [ 0.01537771  0.66244614  0.21341171 -0.22422852] 
199 [-0.16797171  0.10616027 -0.03324215  0.62916492] [ 0.83222205  1.17633241  1.54824636 -0.19855882] [-0.1688182   0.12631267 -0.56362235  1.09310223] [0.86195259 1.1680008  1.55767777 0.13507289] [-0.2192339   0.1822223  -0.09533547  0.75690433] [ 1.13706486  0.55864913  1.96390126 -0.17320734] [-0.23309955  0.13190218 -0.1960465   1.55994348] [ 1.17139867  0.88970176  1.76743119 -0.17451916] [-0.19641598  0.61470767  1.06470471  0.78512217] [0.34273519 1.34897878 1.57521065 0.00817594] 
