0 [0.29325855 0.39144071 0.739151   0.00370329 1.15467614 0.51316189] [1.07486153 0.07527159 1.05704299 0.43359189 0.07009502 0.19228031] [-0.04153343  0.29539122  0.69603022 -0.20465739  0.73941321 -0.07436743] [ 1.33849797  1.04133262  0.30940382  1.66558798 -0.21798452  0.30611263] 
1 [ 0.28241664  0.5159291  -0.61419223  0.03722275  1.19067263  0.55716487] [-0.69319306  1.2656704  -0.44220269  0.66633657  1.76873851  0.144535  ] [0.59917867 0.23221296 0.38751949 0.71938768 0.85821682 0.74972914] [-1.48434043  1.61431868  0.08534873  0.47964892  1.52371268 -0.25890245] 
2 [0.92418883 0.77493671 0.21556016 0.17196213 0.48081095 0.03000394] [0.79039177 0.10356496 0.42853527 0.22008442 0.42418717 0.32768765] [0.92997648 0.7717399  0.21363731 0.17369353 0.48917756 0.03267505] [0.78480328 0.09805937 0.43831655 0.20801346 0.42604574 0.32922644] 
3 [ 0.21886606  0.74112803  0.00702594 -0.20163198  0.51922412  0.03418291] [ 1.08959004  0.94244904  0.53346709  0.1349218  -0.71836948  0.94138176] [ 0.65776478  0.56262736 -0.02412312  0.38575808  0.6469212   0.3595154 ] [ 0.16659073  1.13005069  0.25870268 -0.00524214 -0.54734233  0.52497834] 
4 [ 0.2666051   1.01770362 -0.38995508 -0.05121594  0.89515924 -0.4477148 ] [ 1.12456596 -0.04213548  1.38646419  0.52272495  0.02183552  0.08964098] [ 0.28044408  1.05872661 -0.41988133 -0.05358805  0.95829135 -0.5219559 ] [ 1.14308851 -0.06408375  1.44724549  0.47757461  0.0237236   0.07930382] 
5 [ 0.00835547  1.29817291  0.87056246  1.36213671  0.22507079 -0.02639952] [0.09255269 0.02763849 0.55925236 0.21557752 0.93816769 0.2013659 ] [0.30812415 1.31941249 1.14240866 1.14395869 0.16664306 0.24650815] [ 1.03596299  1.31293834  0.03156179 -0.34802765  0.02443467 -0.13128863] 
6 [0.94562501 1.19186531 1.49195854 0.80253503 1.47892937 0.297502  ] [-0.01966738 -0.536961   -0.0158121   0.08138533 -0.91355028  1.24295956] [ 1.49176677  0.81325033  0.32793526 -0.82133907  0.35121435 -0.55807493] [ 0.02612221 -1.04742206  0.24169888 -0.07572623  1.26951814  1.70009455] 
7 [0.77554664 0.604603   0.85141468 0.67861944 1.08846386 0.78071613] [ 0.04978537 -0.00981819  0.38097101 -0.0572613   1.47869263  0.20139729] [0.80514249 0.65039066 0.86857969 1.25745176 1.12476973 0.54478113] [ 0.0982836   0.03614932  0.49612586 -0.00960759  1.24030251 -0.13803852] 
8 [ 0.21715343  0.64549625  0.45247117 -0.56283014  1.08612937  0.46188358] [ 1.07069888  0.41565564 -0.16736421 -0.0704701   0.10470721  1.50901738] [0.26385333 0.66545185 1.33691757 0.90042042 1.79868647 0.4237795 ] [ 1.00687403  0.26610569 -0.00741881  0.16713649 -0.10379804  1.76343582] 
9 [0.26976322 0.70558299 1.46901143 0.46410765 0.71384441 1.19855057] [-0.51570147 -0.22991913  1.56259715  1.35426505 -0.10492434  0.06890046] [-0.17498683  0.67432757  1.21166687  0.30213679  0.57047323  1.21146716] [-0.95213014 -0.02190411  1.95329647 -0.19749864 -0.12679483  0.10684103] 
10 [1.09765326 0.67056827 0.48458961 0.5141575  0.52723988 0.44260617] [0.58850875 0.32637199 0.8447667  0.21523605 0.07882491 0.59231389] [1.09617078 0.66156881 0.47862135 0.51006288 0.52753687 0.44038493] [0.58111967 0.32710146 0.84737316 0.21059835 0.0775491  0.59102842] 
11 [ 1.32156681  0.97653517  0.75252414  0.46345217 -0.00618685  0.414508  ] [ 1.59603612  0.48353617 -0.21477249  1.00530819  0.80858761  0.09961904] [ 0.23047263  0.69033678  0.89046333 -0.42276174 -0.34481834  0.23649307] [1.10758651 0.27099488 0.17652317 1.52526448 0.07051769 0.03647938] 
12 [ 0.78578832  0.78914142  0.61030061  0.72126642  0.46733252 -0.01937562] [-0.05191294 -0.02408977  0.46822215 -0.30121647  0.77448333  0.92267804] [0.87851456 0.53333808 0.72078189 0.73805379 0.42978653 0.01968332] [-0.01282817 -0.04483292  0.50809474 -0.2396767   0.73353857  1.02227797] 
13 [0.25686512 0.62225995 0.00990625 0.4910329  0.91827562 0.59431661] [ 1.09528128  1.31037955  0.58172082  0.14803167 -0.00672255 -0.1126889 ] [0.27954412 0.63402621 0.01264675 0.48829027 0.96074314 0.50968361] [ 1.10261554  1.33798338  0.60057742  0.14161801 -0.00220933 -0.09843313] 
14 [0.1609566  0.39291149 0.57933811 0.58088177 0.80401434 1.73185296] [-0.61492252 -0.33052066 -0.22607757  1.38771445  1.48221737  0.09739124] [0.70544555 0.45075317 0.5599883  0.47804426 0.20006853 0.49668031] [ 0.02254671  0.07959281 -0.11721755  0.31146726  1.94275353  0.26598446] 
15 [0.84557447 0.51410316 0.93882685 0.71562159 0.60454375 0.5579082 ] [ 0.00268442  0.01431618  0.43206736  1.34070294 -0.2090016  -0.09488802] [ 1.24225872  0.08036654  2.40234074 -0.17377928  0.50318382  0.58678094] [-0.77381714  0.44827598  0.30439838  1.49043969  0.52041167 -0.10770507] 
16 [0.33093465 0.69690147 0.67354845 0.61358203 1.05468911 0.88177137] [-0.20897099  0.70206639  0.4029529   0.33049814  0.62140522  0.40121571] [0.33451226 1.16074297 1.00207341 0.30059841 0.28165042 0.74620262] [-0.54961847 -0.23478287 -0.03317543 -0.06192633  0.18720373 -0.16618402] 
17 [0.21535625 0.28745352 0.46576505 0.51162226 0.50683598 1.12816687] [-0.75463497 -0.48069212 -0.35006324 -0.24262489  1.35418106  1.57558286] [ 0.22462554  0.57289853  0.33163287  0.77560082 -0.79588544  1.28684279] [-2.4694576  -0.57671298 -0.45747066 -1.44324003  1.89566845  1.34860531] 
18 [1.02831196 0.00790996 0.84322715 1.02962306 0.51319219 0.06921003] [0.88103021 0.43977665 0.8468265  0.00513569 0.32432854 0.78371337] [1.01830311 0.00642424 0.85732994 1.02968829 0.55499713 0.09052165] [1.13046228 0.67193631 0.81339965 0.03849588 0.36519013 0.79926045] 
19 [ 0.79128088  1.34476336 -0.74884757 -0.25737808  0.08857018  0.49859127] [-0.03762852  0.62422247  0.37063668 -0.39650174  0.20437291  1.44911068] [ 0.22474646  1.35862855 -0.60907063  0.05025108  0.86476094  0.4197788 ] [-0.44224019  1.35391689  0.26098144 -0.32951076  0.09211358  1.5067084 ] 
20 [0.23072439 0.66643938 0.43920202 0.73129139 0.56082635 0.45809609] [ 1.02528458  0.1527481   1.45149605  1.55511137  1.44621521 -0.0501827 ] [0.99152008 1.04504172 1.17917232 0.93427182 0.13120151 0.56525827] [ 0.01101786 -0.78930734  1.7092605   0.54681186  1.16317357 -0.22169308] 
21 [ 0.16244877  0.46576789  0.52272022 -0.12317887  0.51321205  0.46611893] [-0.51517611  1.30517016  0.39547     1.46142323  0.14546354  0.07599025] [-0.25911424 -0.42098379 -0.73199195  1.68181095  1.18823921  0.43739235] [0.7670564  0.29751671 0.22794675 1.39172975 1.62706066 0.05255185] 
22 [ 0.23797099  0.64512716 -0.10926655  0.5723792   0.54019603  0.50350504] [0.98108313 0.61320136 1.175685   0.24236368 0.24950324 0.16237165] [0.260452   0.39275661 0.83144337 0.64059918 0.55436464 0.46057736] [ 1.16054737  0.00717772  1.4445943  -0.07651776  0.04632419  0.20893695] 
23 [ 0.24005832  0.63724453  0.1530387   0.52007165 -0.00966667  0.69044653] [ 1.06885125 -0.03513912  0.20593     0.98935238  0.4820398  -0.11246087] [2.70947425e-01 7.50887435e-01 4.66246328e-01 4.72366564e-01
 7.47511059e-04 9.05856572e-01] [ 1.13311186  0.26506577 -0.15603981  1.34819653  0.60208617 -0.08622574] 
24 [ 1.08898753  0.47766668  0.66073956  0.60250611 -0.12373087  0.63600804] [ 0.0463251   0.02294164  0.5747393  -0.73524885  0.60673004  1.78319941] [ 0.22182237  0.65388918  0.45281915  0.59098092 -0.219742    0.99938052] [ 1.08058071e+00  2.48712796e-01 -1.32281596e-01  1.74962414e-04
  7.54167065e-02  1.60461471e+00] 
25 [-0.1484961   0.14081394  0.60266644  0.59888212  0.42951225  0.17520294] [-1.82379397 -0.55693418 -0.21804609  1.39481317  0.26264492  1.41698247] [-0.17685089 -0.29407727  0.54614618  0.58374678  0.44714106  0.30941977] [ 0.87393341  1.79522785 -1.39981649  1.77843919 -0.14057024  1.61394384] 
26 [ 0.24623346  0.64965913  1.03119149  1.1938143  -0.11020877  0.46191634] [ 1.09972416  0.45506751  0.06576428  1.50488566  0.12527016 -0.18119044] [0.25916267 0.721082   1.06955183 1.16816551 0.36278037 0.55726616] [ 0.95639842  0.28181001  0.03352669  1.77536038 -0.15649151 -0.06415734] 
27 [ 0.21022079  0.39260678  0.61460271  0.5090159   0.53616993 -0.01714698] [-0.5373559  -0.35700128  1.36367522  0.19580353  0.86960462  0.9395442 ] [0.18109853 0.41241779 0.61791138 0.50128673 0.58060856 0.01449322] [-0.56807654 -0.28298514  1.34371676  0.05856808  0.58640514  0.6632047 ] 
28 [0.24623202 1.20902201 0.95947695 1.04361289 0.12861072 0.53680404] [ 1.08564881 -0.2843288  -0.04826531  1.13301355  0.36320021  0.13446823] [0.18299358 1.11806135 1.30688882 0.9820564  0.0662816  0.49789178] [ 1.21205409 -0.11344951  0.12538027  1.34976976  0.27526463  0.12291412] 
29 [0.81000008 0.9159554  0.54860571 0.83167742 0.77495362 0.850166  ] [0.3719352  0.67518239 0.38657368 1.15467226 0.87369114 0.58133705] [0.77791781 0.90047848 0.60070742 0.86156623 0.76267338 0.84809701] [0.38465031 0.62777562 0.41209242 1.1506126  0.85309435 0.5620602 ] 
30 [ 0.21745219  0.65636481  0.91843013 -0.36446193  0.51008728  0.82684079] [1.0336564  0.21368032 0.10140848 1.43079041 0.05604657 0.03617729] [-0.08737829  0.22286946  0.70641661  0.49630875  0.55239533  0.80899123] [ 1.11523713  1.12425114  0.2291706   1.44502153 -0.11096089  0.03842162] 
31 [-0.27447638  0.29700092  0.16255733  0.83773243 -0.3109441   0.69936026] [1.62012675 0.79945691 0.1841744  0.62613069 1.37991216 0.20910308] [ 0.19023569  0.24031828  0.11225062  0.66043334 -0.32348132  0.70064666] [0.75278671 0.58347931 0.32288264 0.57503707 1.39210775 0.18577019] 
32 [ 1.02532028  1.30765158 -0.94055246  0.44046617  0.65062108  1.60097712] [-0.00325651  0.38625751 -0.15709193  0.19324371  0.03805792  1.54842655] [1.03110766 1.08488043 0.31760956 0.60058254 0.41688771 0.56106339] [0.04768853 1.29616356 1.26663269 1.33497749 0.21842875 1.46235477] 
33 [ 0.22741048  0.70935293 -0.0334125  -0.02836948  0.53412815  0.52741585] [1.03697135 0.31283627 1.04932829 0.28268274 0.22510837 0.16780211] [ 0.23143774  0.74262074 -0.01458625 -0.15237122  0.57829659  0.52765   ] [0.9994244  0.25423313 1.10601933 0.09917967 0.25697123 0.16935595] 
34 [1.08308327 1.05360704 0.85357516 0.34163928 0.96925032 0.71257876] [0.46515027 0.376891   0.365131   0.17459175 0.30318445 0.81759342] [1.09619323 0.92478855 0.75372374 0.20642541 0.44286855 1.11545866] [ 0.01814922  0.80063349 -0.60290493  0.32943945 -0.19507919  1.45544565] 
35 [0.9271048  0.39854944 0.53594152 0.96503454 0.39634286 0.51910787] [ 0.62008744  0.46113014 -0.15521171  0.89911104  0.004317    0.74805558] [0.96900009 0.59098405 0.31594075 1.19555171 0.41891739 0.45418606] [ 0.76803924  0.59901616 -0.38555686  0.84517351 -0.03352809  0.61781495] 
36 [-0.24283657  0.86105034  0.28773979  0.49490474  0.04019707  0.89493025] [ 0.46792674  1.33866251  0.229011    0.82922461  0.88023802 -0.03301528] [-0.2711774   0.92234826  0.23178855  0.50959078  0.02896261  0.8721093 ] [ 0.4480647   1.2515155   0.22620062  0.63664131  0.7214871  -0.01073747] 
37 [1.07805957 1.17722804 0.29070953 0.34659757 0.40247728 0.49624959] [1.55967129 0.60190082 0.39718398 0.21872305 0.18851364 0.10569261] [ 1.31476568  0.93968585  0.66719767 -0.24777632  0.5150319   0.51042953] [-0.05062551  0.46493253  1.4933211  -0.39625757 -0.1746642  -0.18563626] 
38 [ 0.22255742  0.63984828 -0.05254172  0.58940536  0.45985397 -0.09716075] [-0.47281119  0.15917617  0.9850148   0.18819104  0.3645847   1.09462857] [ 0.17626507  0.65732029 -0.03641252  0.62116311  0.57551667 -0.01746062] [-0.48448339  0.26446974  0.84920327  0.11875119  0.92972029  0.44232451] 
39 [0.05690035 0.87295762 1.39396926 0.13228996 0.34956699 0.48983178] [-0.41524838 -0.14119235  0.5213356   1.55877745  0.35395908  0.16374643] [0.90993384 0.54702354 0.84092297 0.65089329 0.06089009 0.47793359] [ 0.03333144  0.05170413  0.56861346  1.09593857  0.28725367 -0.20220651] 
40 [-0.02830485  0.93761755  1.38211423  0.66141582  0.49531052  0.49038089] [ 0.48688012  0.01463861  0.50782642 -0.24426862  0.18182666  1.43701063] [0.18791575 1.28284677 1.81433354 0.37127371 0.4707831  0.5050983 ] [-0.51815165 -0.32223668  0.15806597 -0.16728232  1.39397266  1.57975456] 
41 [0.74728812 0.56503806 0.6247925  0.55722728 0.46986689 0.25569912] [0.98128433 0.39755416 0.32170693 0.03381915 0.37986597 0.56700353] [0.74559936 0.56533176 0.62495573 0.55745827 0.47006219 0.25690305] [0.9843145  0.40002825 0.31916843 0.03097632 0.38353009 0.56218692] 
42 [0.2343527  0.75248151 0.37435449 0.84828083 0.43398455 0.94678743] [ 1.07765447  0.24972222  1.43492435 -0.07145855  0.01725827  0.02930685] [0.2408127  0.7554252  0.42543676 0.91786772 0.39916406 0.92866578] [ 1.08140203  0.23094583  1.38561199 -0.03956854  0.03426395 -0.06207641] 
43 [ 0.99319078 -0.0161701   0.36983197  0.88688681  0.34886922  0.58486669] [0.45366101 0.88596598 0.00252578 0.61970319 0.33959797 0.2623963 ] [ 0.9613153  -0.01936486  0.37261619  0.87840142  0.31665994  0.60904962] [5.10569921e-01 8.00325055e-01 6.11243617e-04 6.03261886e-01
 3.25594233e-01 2.72926837e-01] 
44 [0.20886743 0.43587278 0.18092011 0.33172423 0.54257135 0.61158122] [-0.49053612  1.32819583 -0.15915516  0.2006365   1.48062986  0.00173763] [ 0.23470112  0.61604688 -0.0267682   0.56894135  0.41896441  0.57536897] [-0.47776418  0.19017227  0.89024229  0.1895726   1.39374782 -0.07808317] 
45 [ 1.77457472e-01  4.77036460e-01  5.25729268e-01 -3.34458414e-04
  4.76807841e-01  4.54824021e-01] [-0.54437331  1.26702623  1.29086966  0.57664543  0.15627153  0.07400938] [0.17013154 0.49915329 0.51970615 0.00356797 0.44266678 0.4453578 ] [-0.52008437  1.27355581  1.31610556  0.56369364  0.13712564  0.05923048] 
46 [0.24926531 0.2599154  0.4691303  0.12997148 0.45460807 0.0232022 ] [ 1.05814474 -0.11366921  0.25127537 -0.20183267  1.02458353  0.31320192] [0.16422296 0.40131779 0.64518114 0.08367177 0.4597398  0.44343162] [-0.63346024 -0.25410478 -1.93565664  0.00980855  0.15465072  1.3982385 ] 
47 [-0.26086746  0.07517678  1.14394263  1.96115195 -0.04924128 -0.41623751] [-1.72023683  0.8360573  -0.09281756  0.57107296  0.94650125 -0.20925923] [0.27233973 0.3760653  0.35868969 0.56374036 0.42720962 0.00264852] [ 1.15427986 -0.03507726  0.26508442 -0.16189542  0.62950887  1.24484313] 
48 [ 0.27475388 -0.03197689 -0.60141262 -0.25045371  1.16753694  0.39939029] [ 0.71892131  0.3995668  -0.09611794  0.08667693 -0.07514535  1.70376931] [0.76923431 0.27765966 0.22749257 0.30753729 0.74223007 0.45680551] [0.36870913 0.16753664 0.31706721 0.52598227 0.16905151 0.39719315] 
49 [ 0.19851712  0.28117044  1.04093483 -0.28478749  0.61995488  0.55223015] [0.86905463 0.55228985 0.52028491 1.33610809 0.35415662 0.16228461] [0.84676069 0.3242736  0.70270035 0.2229221  0.86980645 0.34193963] [0.33158418 0.66728209 0.71617629 1.03062731 0.57738458 0.5488204 ] 
50 [ 0.23341179  0.69260548 -0.10237861  0.30071321  0.17382825  0.55863838] [ 2.67312062  0.05039244  1.13731115 -0.18817796  0.27710445  1.45700101] [-0.28351982  0.14939682  0.53338357 -0.05524831  0.7400543  -0.36992614] [ 2.37307941  2.89797354 -0.65799175  0.4435603   3.28393984  1.39770659] 
51 [0.24337274 0.28472643 0.89246179 0.52017724 0.66993431 0.47891589] [ 1.14240775 -0.00538802  1.43416907 -0.02007341  0.03069723  0.19437389] [0.3048378  0.25645923 0.89452062 0.54077094 0.63683486 0.46935785] [ 1.06400144 -0.01706345  1.42846084 -0.08640134  0.09044197  0.19074814] 
52 [0.74052078 0.52454825 0.92432752 0.74780245 0.98358998 0.72975244] [ 0.45569737  0.11903104 -0.01423873  0.94536135  0.8444679   0.97169673] [0.74449158 0.53289177 0.92627904 0.75215566 0.98976979 0.75117108] [ 0.43001413  0.1148845  -0.00768754  0.94607698  0.82878475  0.98794394] 
53 [0.92366452 0.10766065 0.61420537 0.31836382 0.83480996 0.74039934] [0.23194376 0.46329771 0.13025749 0.54023268 0.65720126 0.18213983] [0.96288065 0.08997222 0.64238765 0.38206411 0.8679474  0.63562886] [0.38053206 0.5773099  0.32934972 0.53137651 0.71962984 0.42953985] 
54 [ 0.24371732  0.28013477  0.42661239  0.16797314 -0.33348221  0.67812517] [ 1.15903557 -0.01111036  0.37036538  1.47377897  0.17492036  0.12919239] [ 0.21889125  0.19423053  0.4146033   0.19390202 -0.35851454  0.66412869] [ 0.96335284 -0.07335568  0.24627645  1.34486789  0.15752739  0.10904964] 
55 [0.85318761 0.66700539 0.78700913 0.42675551 0.83095586 0.81665722] [0.89284226 0.01933927 0.71729144 0.39378345 0.80396007 0.93972647] [0.85376246 0.66524808 0.78873197 0.42633531 0.83172132 0.81647467] [0.89318765 0.01987201 0.71664897 0.39445875 0.8044361  0.93899838] 
56 [0.22292953 0.80422679 0.53515714 0.82939175 0.62188745 0.56394572] [ 1.10841547  0.15921356  1.5136972   1.49179794 -0.11090471  1.66806543] [0.22079977 0.62215882 0.39792105 0.79453174 0.5049915  0.5350894 ] [ 1.00275673  0.15770152  1.5674771   1.63282182 -0.19459135  1.66989096] 
57 [ 0.21036884  0.49204994  0.64369992  0.53161508 -0.86635626  0.0502906 ] [-0.54046184  1.34203468  1.74593817  0.14983289  0.29763026 -0.47990511] [-0.01538088  0.24247184  0.77733865 -0.47327783 -0.158315    0.46837126] [ 1.7906293   1.15035891  1.37612754 -0.07766571  0.28528107  0.20302828] 
58 [0.9626183  0.7355914  0.24248929 0.77326236 0.5709436  0.55903402] [0.67365918 0.90541033 0.1176397  0.28368068 0.04224321 0.76897851] [0.83233806 0.75279161 0.32373454 0.86614902 0.48481034 0.49301035] [ 0.74179451  1.00130048  0.10083571  0.45368379 -0.04124156  0.71584591] 
59 [-0.04051509 -0.05846863  0.22795419  0.70576387  0.42500431 -0.02332383] [0.72457911 0.88671278 1.01549103 0.22405649 1.144003   0.17587125] [-0.23042355  0.60737013  0.3475353   0.88962113  0.13898604 -0.48840067] [-1.10893585 -1.6053567   1.66885394  0.15017113  1.41540189  0.19212179] 
60 [ 0.240045    0.66057189 -0.06326126  0.0745019   1.04454488 -0.39651803] [0.99050389 1.40205225 1.30074605 0.52176579 0.16854554 1.36442509] [ 0.17921142  0.6865549  -0.24089131 -0.05575081  1.04043482 -0.35188063] [1.05736243 1.53949405 1.1269701  0.55440529 0.14421065 1.36409971] 
61 [0.69980604 0.59382708 0.67429053 0.78050359 0.30032352 0.51662848] [ 0.01294539  0.03348678  0.71901303  0.64031109  1.18832501 -0.2335191 ] [0.62431256 0.58365419 0.64355104 0.74829267 0.32958669 0.5279023 ] [ 0.12265289 -0.08056608  0.72189861  0.64337489  1.23555603 -0.23986898] 
62 [0.21541901 0.33024036 0.36207407 0.55276857 0.422397   0.03369875] [ 1.01618331 -0.05954715  0.22763444 -0.23243053  0.61689022  0.8784836 ] [ 0.24379292  0.70999508 -0.02127399  0.01602664  0.94063009 -0.37027408] [ 0.98098291  0.43017907 -0.16083417 -0.3356386   0.06520241  1.36271583] 
63 [ 0.78931354 -0.01819688  0.4086842   0.56994688  0.14159289  0.1198426 ] [ 0.63650572  0.98082252 -0.02008523 -0.15514262  0.63561929  0.43070959] [ 0.97143588 -0.02231976  0.86211181  0.37789846  0.31328425  0.62486934] [ 0.31095172  1.00562883 -0.08615528  0.53233886  0.39041462  0.27144866] 
64 [ 0.25691282  1.20834026  1.12536138 -0.22258526  0.43330855  0.07833453] [ 1.00523354  1.48718981  0.04360286  1.61070017 -0.06267032  1.42679644] [0.25267923 0.59022967 0.74202844 0.26519074 0.41465656 0.0942441 ] [ 0.83326151  1.15865425  0.1175406   1.33919967 -0.01540504  1.01664921] 
65 [ 0.20230046  0.63141959 -0.11598345  0.46957469  0.52455095  0.54858914] [1.13571359 1.55489426 0.46301405 0.24101056 0.12584201 0.03237547] [ 0.21260548  0.71371723 -0.11591867  0.51027451  0.51959256  0.56459405] [0.96797397 1.36815731 0.28175517 0.22199283 0.15043549 0.01667666] 
66 [ 0.86116613  0.79054477  0.47445794  0.07169656 -0.29593366  0.67901171] [ 0.0336468  -0.21182516  0.63165597  0.27681755  1.37685739  0.50347623] [0.24607888 0.28317754 0.39954513 0.46141001 0.49089865 0.47846795] [-0.7083821  -0.4601865  -0.25914561 -0.18593681  1.33197733  1.61980953] 
67 [ 0.24314327  0.69898008 -0.04841236  0.51721326 -0.01210242  0.67544482] [ 1.10364896  0.25233341  0.07293648  0.27723007  1.25927135 -0.11477373] [ 0.22847917  0.53223269 -0.0748495   0.37187218  0.20845457  0.64377268] [ 1.0758388   0.64787383 -0.38430809  0.15258375  1.3879353  -0.08306669] 
68 [ 0.99601024 -0.02279012  0.80069676  0.43329488  0.31998121  0.59594267] [ 0.70590821  1.06619386 -0.07550729  0.55990457  0.33417685  0.27499072] [ 0.97463227 -0.01782302  0.81682507  0.42038995  0.2870224   0.62344168] [ 0.75881663  1.0490074  -0.06850731  0.54767549  0.34084195  0.28622027] 
69 [0.16733769 0.46517329 0.56938173 0.18075044 0.44339965 0.0329424 ] [ 2.59394273  1.29520748 -1.46347158  0.1074778  -0.56959427  0.50340193] [0.22717763 0.35567999 0.33939555 0.586686   0.44352135 0.0463418 ] [ 0.9843966  -0.04149049  0.31979506 -0.30223284  0.31183091  1.16103257] 
70 [-0.11827321 -0.32466017  1.0288377  -0.04529416  0.3824039   0.27019447] [0.75508114 0.30801953 0.54799254 0.93439103 0.28493705 1.40413246] [-0.09655332 -0.28568511  1.06461656 -0.04168932  0.34698566  0.2791456 ] [0.64719972 0.35235163 0.52595158 0.98006565 0.30825995 1.39827773] 
71 [ 0.06956163  0.24135315  0.7278817   0.4810932  -0.06461827  1.20150586] [1.12281489 1.08941387 0.22573971 0.38664411 1.05839599 0.06143349] [-0.02065919  0.25509523  0.746966    0.52701289 -0.14995518  1.27546045] [1.63486076 1.07120742 0.2579153  0.20740055 1.34076653 0.03047125] 
72 [0.82902719 0.51104506 0.51226067 1.14895414 0.3288259  1.4555073 ] [-0.01116702  1.39482086  0.64637563 -0.17069795  0.27605556  1.45879966] [0.76323607 0.4290053  1.02871765 0.73526491 0.28580585 0.9547615 ] [0.47881615 0.8071368  0.39489721 0.15587438 0.19427347 0.47840607] 
73 [0.24244579 0.24357182 0.37315472 0.53319824 0.66245585 0.81659353] [ 1.09124277e+00 -1.12512347e-01  2.28367271e-01  1.42504641e+00
 -4.15342797e-02  9.57396101e-04] [0.93682621 0.45435209 1.08917341 1.69498119 0.65151822 1.22594063] [-0.1044989  -0.05803669  0.41545921 -0.18061858  1.58054367 -0.19409054] 
74 [ 1.08958185  1.083458    2.93855705  2.04396817  1.64754982 -0.11698106] [0.00865971 0.47254866 0.21482686 0.2041058  0.24667081 1.20325491] [0.27024684 0.74866126 1.27400218 0.77284883 1.65752406 0.43536918] [-0.23271857  1.52344181 -0.91780471  0.07865214  0.87807991 -0.21869977] 
75 [0.25863142 0.39831048 0.43294044 0.19605233 0.38274274 1.03250439] [ 1.07833856  0.02410565  0.27594716  1.2427823  -0.05140226  0.03928546] [ 0.23682857  0.21388405  0.53258734 -0.04886906  0.57516977  0.81608244] [ 0.96864973 -0.15129933  0.58955601  1.07405686  0.18796343  0.03705705] 
76 [0.83162182 1.17083422 0.65638374 0.28392575 0.49469039 0.53268827] [ 0.1843423   0.73636814  0.67598264  1.16184957 -0.27177919 -0.18117278] [0.89475808 1.12963755 0.7822382  0.29008643 0.44639761 0.4897586 ] [ 0.01719094  0.8267791   0.56658194  1.17672845 -0.26431326 -0.1259959 ] 
77 [0.18239741 1.64424146 0.76677958 0.50012189 0.46472347 0.42826477] [ 0.91454742  1.64372968 -0.3493694   1.36237487  0.20283735  1.36083131] [0.62394311 1.65208527 0.25078504 0.45508072 0.63339694 0.34357498] [ 1.49934806  1.03756873 -0.24340583  1.5124349   0.22670143  1.44840196] 
78 [0.3053888  0.70836324 0.64429803 0.38862884 0.41986841 0.30715956] [0.77837662 1.07852151 0.37802895 0.86059323 0.20837662 1.24552887] [0.30581948 0.70846089 0.64331973 0.38726733 0.41237459 0.31395007] [0.77926611 1.07855324 0.37712916 0.86237121 0.21096989 1.24707275] 
79 [1.04152106 0.40932489 0.33343029 0.33116968 0.45932483 0.83465958] [0.99999258 1.28544274 0.73102278 0.24074699 1.04058332 0.21260398] [1.04063529 0.40815928 0.3326504  0.32962144 0.45918994 0.83601546] [1.00065655 1.28905621 0.72966289 0.23881724 1.04415167 0.21819657] 
80 [0.28182381 0.26665592 0.42593151 0.50120514 0.149579   0.68753505] [ 1.12843161 -0.05149398  0.29129    -0.11651181  1.66147793 -0.12177266] [0.22540785 0.68643058 0.07599677 0.4484179  0.42251659 0.82335406] [ 0.98935821  0.21842585 -0.22961846 -0.18546681  1.65135665 -0.04992066] 
81 [0.23628228 0.60283864 0.638262   0.01730379 0.49086622 0.78054018] [ 1.05307586  1.81615106  0.38818151 -0.35712956  0.08611035 -0.05234041] [ 0.40551173  0.63074415 -0.40946356  0.59630209  1.1148142   0.33508681] [ 0.38973461  1.46457683  0.65911295 -0.08320942  0.24718785  0.36218347] 
82 [0.68867611 0.33476211 0.14269592 0.8633587  0.88079936 0.67087146] [0.68405683 0.55506862 0.41444804 0.68294212 0.92327426 0.88413885] [0.65095502 0.32857086 0.26472849 0.76897539 0.88596309 0.64255029] [0.5171225  0.7962807  0.42258875 0.66327968 0.87321985 0.81815651] 
83 [0.74038927 0.03236254 0.89029779 0.01907979 0.6144865  0.85521526] [1.23873573 0.402548   0.6585298  0.92677209 0.65418105 0.30531936] [0.75390194 0.13064932 0.75888793 0.03462062 0.6205263  0.96326518] [1.59202469 0.17815967 0.5614499  0.91346186 0.61325622 0.26109732] 
84 [0.79323428 0.13457352 0.19470681 0.72048162 0.81722067 0.63649716] [0.17824071 0.41064562 0.11873008 0.19938803 0.11787645 0.41436368] [0.80049686 0.13526091 0.19786761 0.72370566 0.81945483 0.63388052] [0.18729173 0.41630099 0.12986301 0.19635939 0.11656339 0.41271671] 
85 [ 2.43994069e-01  2.47285095e-01  3.95912441e-01  1.50348214e-01
  4.46756892e-01 -4.21276936e-04] [ 1.04956616 -0.11664441  0.09977943 -0.02884074  0.81264033  0.49491427] [0.29040269 0.28408553 0.39283339 0.96749473 0.02998499 0.3292297 ] [ 1.12996378 -0.15283602  0.23614771  0.52374905  1.22652328  0.19552487] 
86 [1.10417785 0.62304287 0.63287454 0.92476128 0.81893408 1.11523024] [0.98166057 0.75026166 0.65258941 0.05182537 0.11125125 0.82213235] [1.1045904  0.62340566 0.63295474 0.92391468 0.81794479 1.1168745 ] [0.98361052 0.74930135 0.65310047 0.0504445  0.11079103 0.82428174] 
87 [0.40270166 0.98084165 0.03427956 0.48207855 0.48601128 0.56048747] [ 0.66327887  1.18547782  0.22598838  0.55510075  0.23195258 -0.05360823] [0.26606479 1.09622562 0.55890473 0.91815722 0.51196398 0.56028467] [ 1.06881403  1.55572835 -0.06672234  0.26972152  0.15069376  0.13433386] 
88 [ 0.22889824 -0.67477749 -0.28264414  0.07919871  0.57718871  1.00624335] [ 1.05309172 -0.08569363  0.35607528 -0.26070943  0.10232275  1.64425064] [ 0.23611223 -0.60246848  0.13141803  1.3134999   0.36357675  1.23966037] [ 1.01423741 -0.26627698  0.47387827  0.2467692   1.38914304  0.05237306] 
89 [ 0.97647499  1.23018488  0.5987915  -0.4221935   1.17927385  1.18382253] [ 0.01216232  0.6144582   1.30764397  0.2967277  -0.12270411  0.26088575] [ 0.65934999  1.4810041   0.74568933 -0.2276007   1.35250632  0.7758811 ] [-0.05856154  0.55489913  1.14624943  0.32594049 -0.09605871  0.26147217] 
90 [-0.02276532  0.08170732 -0.27635141  0.90130276  0.33718319  0.47492423] [2.00473349 1.58525494 0.54466424 1.32196964 0.2280222  1.49944608] [-0.09798846 -0.17496599 -0.1835775   0.385907    0.51946016  0.52083661] [ 0.28550921  0.79683866  0.39554979 -0.19785268 -0.2849562  -0.1369269 ] 
91 [0.68848921 0.06293529 0.39563556 0.15424795 0.24597247 1.08521571] [0.91481185 0.10005602 0.43192942 0.17732416 1.0207455  0.6900629 ] [0.68592053 0.06498346 0.39411874 0.21673629 0.18754417 1.07976093] [0.90687033 0.07392852 0.47961864 0.22035284 0.95112253 0.66580744] 
92 [1.42807409 0.04684205 0.68629918 0.75638239 0.31193999 1.03055515] [ 0.58561409  0.94257023  0.77990965  0.47105734 -0.28636288  1.42232786] [ 1.43947551 -0.01519186  0.57352757  0.44255759  0.66638556  0.88375081] [ 0.67434749  1.13302969  0.70260367  0.00280395 -0.3315958   1.36865524] 
93 [ 0.90525692  0.42856946  0.79019177  0.90343147  0.14552597 -0.07367275] [0.83674424 0.13986038 0.85570917 0.85916886 0.68158623 0.46416484] [ 0.90397614  0.42476156  0.79503805  0.90366838  0.14584436 -0.07602388] [0.83300512 0.14102775 0.85632    0.85778967 0.68268294 0.46591544] 
94 [ 0.52714737  0.52905445  0.62069468  0.28091841  0.43662461 -0.31214494] [ 0.06766386 -0.02836159 -1.43191758  0.58697371  1.3388902   1.78784095] [ 0.29484441  0.81362188  0.46838287  0.18749987  1.16354753 -0.05751963] [ 0.6006114  -0.26108836 -0.74615281  0.18096708  1.30839857  0.51473419] 
95 [0.58071122 0.97647296 0.50954821 0.27011044 0.34773996 0.47645837] [ 1.60713542 -0.0073501  -0.21809277  1.01710926 -0.30880293 -0.19481928] [ 0.26669674  0.67149388 -0.06545344  0.55662175 -0.01061445  0.66095369] [ 1.1083131   0.275276    0.05912812  1.14569325  0.44542311 -0.11363372] 
96 [0.0188363  1.33922814 0.99194137 0.10976387 0.46381363 0.53552485] [-0.47322148  0.07084841  0.35428225  1.77043117  0.25338874  0.19779887] [ 0.21406068  0.66690781  0.90817745 -0.41212379  0.44808934  0.9023638 ] [1.07100003 0.21560118 0.11886767 1.43729501 0.06331594 0.04405156] 
97 [0.41946496 1.0455951  0.34634928 0.12936212 0.17282732 0.11871467] [ 0.49136821  1.09538307 -0.08248254  0.30766415  0.26557113 -0.07493452] [0.41792617 1.04653761 0.35342494 0.13179103 0.17313558 0.11861716] [ 0.49962239  1.09954123 -0.07688164  0.29770844  0.25811434 -0.07623752] 
98 [-0.17361865 -0.65180716  0.06309342  0.81727398  0.88301     1.12507338] [ 0.51993263 -0.39317442 -0.80955422  0.09144878  1.7109992  -0.12918099] [0.21797336 0.33461529 0.36389825 1.53249109 1.20939351 0.62344672] [ 1.07084816 -0.15465411  0.22154729 -0.05185052  1.69473077  0.12056522] 
99 [0.67929468 0.7015932  1.00706178 0.49252694 0.49681614 0.67069929] [1.0089128  0.71442311 0.60879137 0.50865721 0.03674743 0.39469001] [0.67986689 0.70168265 1.00734189 0.4923513  0.49670693 0.67032888] [1.00940252 0.71473463 0.60868929 0.5093494  0.03637571 0.39481833] 
100 [0.25714693 1.32212613 0.87838044 0.41012803 0.42404821 0.41393088] [-0.5178065   0.10212521  0.08992115  0.32019609  0.22710521  0.06624354] [ 0.26679639  1.06807907  0.05367177 -0.54770078 -0.04905869  0.34956882] [-0.70885338  0.24371407 -2.02909939  0.05842552  0.16980176  1.37232272] 
101 [0.59780134 0.74931027 1.07894381 0.71012349 0.49167602 1.10939965] [0.76994396 0.84163528 0.65310208 1.01994892 0.5180744  0.40705757] [0.59547896 0.75026105 1.07896564 0.71232214 0.49051485 1.11020852] [0.76725096 0.84173103 0.65396294 1.02131767 0.51820635 0.40466239] 
102 [ 0.18310507  0.46615924  0.77509899 -0.06819584  0.46653293 -0.26995239] [-0.60217685 -0.25275152  0.29021575  0.93771626  1.70967433  0.00563856] [ 0.19109581  0.23603223  0.59431779  0.66559709  0.52615242 -0.4433797 ] [0.8182908  0.3094592  0.21567284 0.40977011 1.6959131  0.48533665] 
103 [ 0.2074262   0.63080339  0.59550553  0.3838335   0.88476933 -0.00354897] [ 1.05871606  0.22313775 -0.11954976  0.09319945  0.69194941  0.82039542] [0.23360897 0.70013276 0.43997943 0.54908971 0.42960186 0.03653492] [ 0.99279706  0.30719432 -0.20706917  0.12015968  0.5240247   0.76244281] 
104 [1.03772613 0.9030483  0.08679375 0.74015301 0.34148943 0.46085611] [0.8388559  0.68668051 0.00859056 0.37830092 0.51929264 0.48799581] [1.03799995 0.90304655 0.08538306 0.73890023 0.34259543 0.46244425] [0.83833688 0.68818699 0.00657635 0.37505806 0.5222376  0.48640668] 
105 [ 0.1599711   0.34054978 -1.01682565  0.08696544  0.96514305  0.36016268] [2.6089994  2.82363948 1.20858587 0.33773912 0.10368827 1.4966779 ] [-0.16133695 -1.26869603 -0.6969507   1.03135558  0.9590248   0.39811947] [3.017391   1.50254373 0.79975039 1.6477095  0.60889436 1.25869721] 
106 [0.2915462  0.65401804 0.62109767 0.38454818 0.861259   0.53808718] [0.57942059 0.05573052 0.80718125 0.77120374 1.39196616 0.71667275] [0.29357346 0.70718545 0.65993922 0.43286692 0.88314372 0.58376241] [0.56714128 0.01108688 0.96894004 0.74334423 1.62448502 0.93970426] 
107 [ 0.25625201 -0.17626556  0.80643445  0.45170529  0.99333526  0.33006099] [ 8.04217521e-01  3.72990529e-01  2.01412951e-01  1.43436925e+00
 -9.45405411e-04  5.55149369e-02] [0.91668809 0.25927773 1.09379562 1.11000176 0.93485591 0.48663661] [ 0.00745772  0.73203814 -0.49123139  2.36786828  0.62880588 -0.33257137] 
108 [ 0.32010198  0.70441865 -0.00962467  0.26732746  1.0732582   0.71135211] [0.07279558 0.77582389 0.83165826 0.12152504 0.73103649 0.26789763] [ 0.32403001  0.67483887 -0.05197597  0.26691819  0.98000714  0.63877112] [0.10256873 0.66508296 0.69393651 0.05960352 0.66312964 0.27676003] 
109 [-0.23178647  1.27078454  0.29879584 -0.45698573  0.16187991  0.08430786] [ 0.51320833  0.29050385 -0.03949512  1.11325128  0.28270989  1.57985517] [-0.27518589  1.02312454 -0.01514939  0.38760841  0.33877343 -0.11378331] [0.56345048 0.6989834  0.55352442 1.76160578 1.54717187 1.79671363] 
110 [ 0.21897283  0.66277707  0.93671425  1.2823312  -0.01082078  0.36462994] [ 1.10358306  0.3381959   0.16094124  0.65578449  0.92963723 -0.21527396] [ 2.11677095e-01  6.59804277e-01  9.32392575e-01  1.28173120e+00
 -4.22040911e-04  3.59161359e-01] [ 1.11609353  0.35909929  0.18125583  0.67772115  0.90405193 -0.23313501] 
111 [0.76834613 0.55988841 0.0121553  0.73033414 0.79168681 0.3613485 ] [-0.00523543  0.99240295  0.30635269  1.06959114  0.35065731  1.27663829] [0.24361136 0.3707187  0.60209643 0.9021597  1.19990338 0.41949685] [-0.73858929 -0.35334516 -0.21887673  1.54230499  0.07514636  1.43042903] 
112 [ 0.29545229  1.27436496  0.31653311  1.37143392 -0.04174705  0.20134165] [ 1.06264748 -0.1517834   0.21258517  0.22044799  1.24258191  0.1054866 ] [0.29389009 1.23911875 0.39919302 1.27140016 0.1511353  0.24219663] [ 1.09798267 -0.20089857  0.14531125 -0.06997105  1.40989426  0.13985228] 
113 [0.23747519 0.71671984 0.61780153 1.18979397 0.31872874 0.8320127 ] [ 1.05417505  0.15885842  1.31007958  0.01254899  0.04332611 -0.1104762 ] [0.25490476 0.67540335 0.52561975 1.20662151 0.27118185 0.85217352] [ 1.10164181  0.21206805  1.40439959  0.01108462  0.04945672 -0.21894335] 
114 [ 0.01522025  0.28339315  0.23974068  0.47504379  0.53478198 -0.00299018] [ 1.04341472  1.15313939 -0.02278117  0.2591137   0.77806196  0.78069934] [ 0.80549901  1.29685009  0.20912692  0.18431403 -0.6729393  -0.57556784] [ 0.01952015  0.68210096  0.47852578 -0.2795853  -0.27282203  1.69266041] 
115 [0.24590835 0.28258296 0.39100794 1.52703718 1.35101628 0.45859435] [ 1.12979052 -0.10309595  0.22151804  0.03097408  0.08830181  1.4002161 ] [ 0.21756498 -0.72353364  0.02349397 -0.44125949  0.18845771 -0.48678274] [1.0802754  2.72467618 0.50864028 1.60721691 1.75854106 1.37291329] 
116 [0.24643062 0.66360177 0.57794144 0.54522899 0.96230607 0.81350561] [ 1.08436897  0.18741079  1.3636127   0.02965645  0.0300884  -0.23153838] [0.25955594 0.67640499 0.5344574  0.52124932 0.97663386 0.81454016] [ 1.09262667  0.19318396  1.38134714  0.02191136  0.03731375 -0.27343097] 
117 [0.94398006 1.2986867  0.11469759 0.36158677 0.48939759 0.53491434] [0.14119815 0.33485902 1.95127889 0.34174276 0.33683952 0.2067689 ] [ 0.76662288  1.21959957 -0.68573672  0.61932084  0.65572381  0.573201  ] [-0.0015125   0.7924477   1.09609221  0.03562343  0.05037682  0.33428585] 
118 [ 0.55819327  0.61092223  0.0726425  -0.04739461  0.94111331  0.36467673] [ 0.19405636  0.38186036  0.29332438  0.68835275 -0.469159    0.4647766 ] [ 0.60377154  0.64760982  0.06878114 -0.04194319  0.93570238  0.35998201] [ 0.16752855  0.54145976  0.4168075   0.8556862  -0.43382465  0.45046516] 
119 [ 0.25085316  0.29716501  0.35230895  1.12116898  1.19975799 -0.10937495] [ 0.99970854 -0.12464597  0.28387639  0.04709241  1.3539106   0.49200597] [ 0.24793221  0.40909638  0.92372858  0.71109968  1.01776984 -0.52783605] [ 0.71178604  0.60667666 -1.18607369  0.01818783  1.21616538  1.76971351] 
120 [ 0.17770439  0.2273197   0.97165515  0.5016902  -0.2994275   0.65753395] [ 0.7586308   0.73818118 -0.08675821  0.5715031   1.40377043  0.24177281] [0.20553981 0.46286363 0.16257534 0.50032644 0.57293872 0.04313671] [-0.48090367  1.4294996  -0.20541488  0.1198974   1.13174417  0.07242568] 
121 [ 0.24052179  0.71831004  0.46949454  0.60453252 -0.20981965  0.41990184] [ 0.92255472  0.2201057  -0.17562582  0.07311903  1.49442725  0.0723584 ] [0.20716089 0.39486082 0.28048058 0.87721216 0.28563172 0.53009295] [ 0.71407437  0.44303068  0.19848169  0.61964191  1.22632066 -0.22583446] 
122 [0.86170931 1.13049167 0.23701795 0.74294153 0.56182727 1.14656425] [-0.04448337 -0.27514623  0.66983045  1.18464614 -0.1599832   0.18919379] [0.67818352 0.91941955 0.2989156  1.44528599 0.69649814 1.31407585] [-0.00640504 -1.46258396 -1.1071512   1.69888938 -1.40587995  0.20109516] 
123 [0.23813979 0.70159049 0.48081794 0.00606885 0.75706244 0.71575275] [1.05898875 0.197001   0.8907174  0.71740616 1.50628558 1.48628855] [ 2.41953951e-01  6.85163895e-01  4.86765430e-01 -7.02674664e-04
  7.67094762e-01  7.42597278e-01] [1.06179059 0.20378884 0.89892517 0.77417989 1.49800556 1.49453963] 
124 [0.18620559 0.30444968 0.83686054 0.87521293 0.19694751 0.49500312] [0.80278829 0.59715741 1.10813652 1.31945076 0.39015325 1.31768094] [-0.08384264  0.71645545  0.60793524  1.04858255 -0.44836473  0.12662162] [ 2.63114698  1.44716153  1.45291296 -0.0972855   0.22036851  1.24248055] 
125 [ 0.49943351  0.65527193 -0.34672276  0.90817684  0.57258882 -0.13750314] [ 0.23887556  0.09411137 -0.11879781 -0.17680419  0.8260794   1.11767874] [0.19231375 0.66825817 0.47924239 0.50790727 1.24464551 0.06144201] [ 1.09554072  0.35935021 -0.21126457  0.18847978  0.25448965  1.20314891] 
126 [ 9.41274377e-01 -4.70644702e-04  1.03708805e-01  8.77758405e-01
  7.21266762e-01  2.05176735e-01] [0.32707893 0.08479289 0.30709072 0.68796644 0.63444156 0.29535911] [ 9.41887222e-01 -1.98557537e-04  1.02558233e-01  8.80189313e-01
  7.22213010e-01  2.04059545e-01] [0.32950196 0.08820963 0.31169656 0.68768718 0.63484274 0.29490724] 
127 [0.26829832 1.03038765 0.95576442 0.31872728 0.37321012 0.12813004] [ 0.17202441  0.09691677  0.45566998 -0.02892452  1.24161744  0.11573172] [0.52670725 0.79971693 0.83458008 0.40717102 0.33223517 0.07956688] [ 0.18023233 -0.07085858  0.1302847   0.06565392  1.1881983   0.09050286] 
128 [0.27839931 0.66115173 0.19442883 1.16266868 0.56964061 0.12459241] [0.96222967 0.54979198 0.60066082 0.26390911 0.13788318 0.05027643] [ 0.23687209  0.70113905 -0.06437388  0.57628521  0.59680881 -0.33412475] [1.02917781 0.33222783 1.2665502  0.18042525 0.13367592 0.03832621] 
129 [-0.27381459  0.27742108  0.13476431  0.74948712 -0.30177978  0.70390571] [1.6580075  0.85742456 0.16993771 0.58917695 1.4119214  0.21433608] [ 0.22772384  0.22041045  0.49814204  0.60520915 -0.05427081  0.68615239] [ 1.01886384 -0.13215617  0.20796931  0.11066448  1.11942393 -0.05401744] 
130 [ 0.228114    0.66383124 -0.0114824   0.49211889  0.53367336  1.02069031] [ 1.04696724  0.40464941  1.17529684  0.18360179  0.11624071 -0.06231315] [0.22148308 0.25706337 0.42327128 0.58469877 0.59928168 0.9926108 ] [ 1.10383957 -0.09809947  1.68979286  0.1668821   0.09602894 -0.10940418] 
131 [0.27129642 1.21214154 0.96591926 0.98932578 0.17417543 0.49881202] [ 1.03209795 -0.27824495 -0.00494603  1.27217931  0.303615    0.12041807] [ 0.2404686   0.70105659  1.00508884  1.26099579 -0.08702308  0.47373275] [ 0.99003136  0.31205907  0.04728573  1.61808709  0.27136882 -0.19864956] 
132 [0.53437274 0.35807999 0.65252896 0.00485328 0.23079054 0.37554124] [ 0.07985684 -0.01718531  0.3696552   0.15549804  0.37970479  0.85672836] [0.53382313 0.35921825 0.65440647 0.0009899  0.22835826 0.3716999 ] [ 0.07982816 -0.02080267  0.36911452  0.15417874  0.37262323  0.85903569] 
133 [0.38563762 0.67952412 0.63875794 0.51880442 0.06154172 0.74755892] [-0.14971482  0.8803904   0.13648234  0.36550345  0.25771645  0.73219249] [0.3383863  0.6566665  0.58628757 0.51949316 0.06918    0.74085608] [-0.11125343  0.85813073  0.16771726  0.4263282   0.27944341  0.74490652] 
134 [ 0.92575869  1.33247701  0.69394435  0.28259407 -0.58814788  0.68851997] [-0.11218576  0.46615382  1.26516342  0.1713851  -0.16806153 -0.24552359] [0.88333899 1.19752716 0.65292221 0.31947402 0.48483713 0.53920812] [-0.17612505  0.66136254  0.62476854  1.16324465 -0.25935479 -0.1704533 ] 
135 [0.21229731 0.34839451 1.31694143 1.22279868 0.2723434  0.50799807] [ 0.78892136  0.53374273 -0.24257642  0.49445385  1.24123171 -0.22051347] [0.25063821 0.29051359 1.47391368 1.44771039 0.34410406 0.53494134] [ 0.89706347  0.60087121 -0.14281164  0.49837375  1.24218516 -0.20101504] 
136 [0.94239164 0.20433198 0.26213354 0.65001854 0.22312819 0.87044298] [ 0.47530479 -0.80519037 -0.21167052  1.2353504   1.17285381  0.92348342] [ 0.73807181 -0.11269195  0.0591863   1.09069846  0.54441307  0.57640607] [-0.31629251 -0.82901957  1.16313493  1.79049738 -0.34954343 -0.18704067] 
137 [0.24546223 0.52386571 0.21286328 0.29121525 0.95528279 0.45860283] [-0.52281434  1.30727183 -0.13519392  0.18409405  0.00479322  1.5136967 ] [0.21922018 0.63523078 0.47534956 0.47821536 0.92921018 0.8124655 ] [ 1.08314258  0.26222047 -0.13845727  0.0883258   0.04929585  1.54570706] 
138 [1.07324306 0.66166351 0.41641126 0.22668154 0.49530249 0.35907092] [0.53402839 0.64623049 0.54546981 0.48777266 0.17355265 0.77845142] [1.09243876 0.67501753 0.45089624 0.23603745 0.48842526 0.35622312] [0.53219874 0.71573813 0.60819051 0.42547067 0.18545688 0.76435694] 
139 [1.08739276 0.96809918 0.73330245 0.20577921 0.00734159 0.68968471] [ 0.80760825  0.6183696  -0.14335717  0.16240024  0.4571902   0.46562862] [1.08788313 0.96847429 0.73252028 0.20540054 0.00636205 0.68985717] [ 0.80766806  0.61961862 -0.14549263  0.1629612   0.45732113  0.46669833] 
140 [0.70492205 0.42819098 0.93343387 0.44114739 0.34611452 0.30198061] [-0.05030151  0.68531218  0.9298992   0.97351645  0.59504551  0.93749632] [0.69956447 0.43183486 0.93376963 0.44608343 0.35475574 0.30209997] [-0.05486339  0.6850256   0.92954444  0.97419915  0.60730813  0.93136281] 
141 [-0.05942265  1.31051102  0.95833555  0.75976683  0.4598595  -0.0422236 ] [ 0.78022504  0.03857379  0.51542477 -0.25191661  0.25378973  1.34360508] [ 0.27871951  0.76973281  0.51639381  0.59794488  0.06275335 -0.5702032 ] [ 1.10805687  0.23067067 -0.34025298  0.3550567  -0.13801081  1.80225336] 
142 [0.25502809 0.67907922 0.58726508 0.01557862 0.46043154 0.38567386] [ 1.05647453  0.21665117 -0.28051453  0.19119428  0.16813206  1.53898198] [ 0.18916926  0.69531066  0.51613202 -0.10018467  0.54845205  0.06982024] [ 1.03090426  0.18276064 -0.34461213  0.03234279  0.28208545  1.16477582] 
143 [0.26771902 0.62822188 0.95983773 0.54302705 0.75937476 0.28934599] [ 0.99432097  0.22067043  0.11776361  1.63654028 -0.02442646  0.15209635] [0.20596354 0.79737029 1.0423965  0.67522822 0.78353199 0.34093206] [ 1.099424    0.13611892  0.06415862  1.55725403 -0.02399954  0.12347588] 
144 [0.12210791 0.91183777 1.58048118 0.47172709 0.55247479 0.50592439] [1.08601799 0.01384472 1.89374309 0.32439949 0.26586908 0.17902914] [ 0.30900477  0.58362995  1.84310904 -0.02296635  1.13212296  0.77956134] [ 0.34289463 -0.09135483  0.58270557  0.91905457 -0.05921624  0.67580088] 
145 [0.53011472 0.00563696 0.69085679 0.49629162 0.7428557  0.21145333] [0.27983866 0.28037087 0.9767225  0.92744265 0.17454243 0.54005022] [0.51634281 0.04083748 0.74990066 0.48344774 0.72382078 0.19195306] [0.08694271 0.44319915 0.94733761 0.94303462 0.18435084 0.5556976 ] 
146 [ 0.19712748 -0.66228931  0.06206381 -0.41090279 -0.33625274 -0.06754   ] [ 1.13773211 -0.41306138  0.40053386  0.21646088  1.33325484  0.09134746] [ 0.28436723  0.35817464  0.35306472  0.55812498  0.7629615  -0.03376323] [ 1.12525489 -0.07613327  0.26277738  1.43596674  0.83902551 -1.11337731] 
147 [ 0.26206713 -0.68014007  0.45348669 -0.60695407 -0.58952273 -0.02004796] [ 0.92838457 -0.15755866  0.17733758  0.20591817  1.06371815  0.41058402] [-0.46590855 -0.5087364   0.5110637  -1.9002856  -1.66266652 -0.87265292] [ 0.51607049  1.76811047  1.02245302 -0.34296647  1.38506345  1.41538343] 
148 [0.96265909 0.29459047 0.07497023 0.27646276 0.43747959 0.10057341] [0.88068261 0.52662843 0.91705734 0.32265775 1.00327957 0.71920548] [0.96122764 0.29434176 0.07474786 0.27368375 0.43616517 0.10176434] [0.87931014 0.52571062 0.91888316 0.32133282 1.00332682 0.72336367] 
149 [-0.12836509  0.11438387  0.21362115  0.22769772  1.01478605  1.63716629] [-0.03519291  1.21930043  1.19673263 -0.06339431  1.4466581   0.18675313] [0.11010204 0.44554025 0.6177758  0.51474319 0.81801985 1.72460004] [-0.57843916 -0.3785383   1.29745192  0.17997468  1.61064227 -0.09152802] 
150 [1.13947742 0.82916271 0.42251459 0.42590229 0.72455307 0.38383985] [0.6629704  0.75695254 0.22172    1.00815918 0.98289063 0.91145116] [1.13960251 0.82862378 0.42504846 0.42299418 0.72347844 0.38412315] [0.66235871 0.75895546 0.22273088 1.00704238 0.98815713 0.90888572] 
151 [0.25432396 1.1454723  0.63174431 0.43320804 0.61343679 0.14144384] [ 1.06788963  1.38231402 -0.03296593  0.07557086  0.21444575 -0.12295331] [ 0.25527302  0.68550089  0.51407896  0.20155935  0.40339295 -0.28272712] [ 1.01600386  1.78383047  0.08700479  0.22743282  0.19047555 -0.05450311] 
152 [ 0.31158249  0.7096652   0.74069192  0.28255087  0.76204155 -0.07241039] [0.79288327 1.04197167 0.50106327 0.90444735 0.31579207 0.91792078] [ 0.30608096  0.71623277  0.79003223  0.23140017  0.70402508 -0.06636213] [0.79965869 1.00489648 0.48653725 0.99154799 0.26062542 0.92081893] 
153 [ 0.24333647  0.70931731 -0.07928591  0.75266774 -0.09581934  0.48167225] [ 1.01947456  0.32107479  1.33819428 -0.15786515  0.34292369  0.12736148] [ 0.25576179  0.7032737  -0.2383291   0.72313336 -0.10626482  0.4774186 ] [ 1.10507094  0.23921545  1.67446281 -0.11662597  0.28058966  0.0462199 ] 
154 [0.03306277 0.77084561 1.50267427 0.10938999 0.39786621 0.50050348] [-0.27094142 -0.11005175  0.44153511  1.63213136  0.36014029  0.18016736] [ 0.00921925  0.24993879  0.66962984 -0.16464931  0.58004058  0.54082122] [1.47470216 1.12917831 0.29340298 1.59285087 0.15607113 0.02240688] 
155 [0.77468106 0.58151526 0.799798   0.46929196 0.90123531 0.58847291] [0.99061646 0.56100849 0.59008233 0.79535599 1.07174498 0.12421375] [0.77134494 0.57688886 0.79865985 0.46737968 0.91042912 0.59580286] [0.99309849 0.56215359 0.59082238 0.80121213 1.08181679 0.12245027] 
156 [ 0.16507372  0.19674823  0.17961924  0.32209129  0.38899361 -0.41742394] [0.82538964 0.50919228 0.39724333 0.06547343 0.58764613 1.27575588] [0.23022188 0.37998269 0.62201347 0.72014179 0.2636881  0.61504458] [-0.64600538 -0.36623812 -0.17267246  1.21535864  0.09229446  1.45725015] 
157 [ 0.28917724  0.28057076  0.46532929  0.48105812  0.39102807 -0.44661089] [ 1.14346741 -0.00225098  0.22499874  0.7500364   0.06513399  0.8313863 ] [ 0.28497325  0.22591658  0.46585183  0.53875016 -0.40303343  0.40976068] [ 1.17111988  0.01764927  0.27052065  1.09270505 -0.02702501  0.5057391 ] 
158 [ 0.94113134  0.66207271  0.67333484  0.88152036  0.38424495 -0.03858602] [-0.02398989  1.73491872  0.98845335  0.31630199  0.81550396  0.506394  ] [ 0.93559349  0.69570604  0.65553328  0.86210998  0.37797248 -0.03878919] [-0.02899989  1.77454337  0.97447548  0.31473566  0.83489416  0.49678178] 
159 [0.23618604 0.27316055 0.73027402 0.48159086 0.4855567  0.43669192] [0.03843692 0.51008059 0.9524217  0.923703   0.04412773 0.65918015] [0.22461315 0.30651536 0.77799674 0.47525031 0.60265897 0.30104482] [-0.00350912  0.5633431   0.93611668  0.92549554  0.09303368  0.64553611] 
160 [0.91752529 0.01657513 0.94268586 0.67906174 0.15142195 0.48686045] [0.41005037 0.36920239 0.68197509 0.75288578 0.34014785 0.18554077] [0.9200704  0.01225498 0.94468174 0.67952403 0.15570343 0.48242183] [0.40914603 0.36807345 0.68106804 0.75255649 0.34353952 0.18684982] 
161 [1.03626344 0.99834423 0.08905274 0.56218855 0.57436708 0.56312157] [-0.01629994  0.35976649  0.19027012 -0.30382871  0.21235969  1.39325306] [ 0.76230944  1.22653797  2.45586313  1.70442497 -1.04646683  0.45646838] [-0.14522017  1.83953944  1.37348741  0.08125842  0.30965051  1.4619126 ] 
162 [ 0.30959464 -0.03204687  0.83919765  0.04549847  0.36540395  0.61983816] [ 0.75437695  0.30843113  0.25042336 -0.02467938  1.4515732  -0.06134017] [0.13944985 0.09325465 0.19936797 0.58791728 0.32578145 0.58676887] [ 0.68744695  0.38328936  0.14820354  0.48323311  1.24429232 -0.23901076] 
163 [ 0.2318914   0.45944436 -0.04148951  0.79272948  0.58254189  1.12393748] [ 1.07444619  1.47918694  0.42679383  0.19592925  0.0578432  -0.19225803] [ 0.22589864  0.45396328 -0.04848782  0.80209718  0.58393575  1.11858922] [ 1.06647273  1.5323941   0.40009254  0.19901753  0.04846841 -0.18398572] 
164 [0.63056598 0.65161978 0.07604306 0.2316788  0.68609937 0.41855363] [0.48342663 0.93264749 0.03552958 0.86335752 1.08378465 1.19777093] [0.7542056  0.66186315 0.1196503  0.26707305 0.68090574 0.30619986] [0.56605127 0.95420455 0.06203068 0.79203053 1.13728287 1.04999234] 
165 [1.0704672  0.5096056  0.35072821 0.5126028  0.69544066 0.36112287] [0.86276133 0.16357421 0.89439396 0.70742104 0.39174888 0.65908409] [1.05829383 0.5058043  0.3557593  0.51979098 0.7007741  0.35292394] [0.86578808 0.17127703 0.89421739 0.69071571 0.3873325  0.63502819] 
166 [0.31828076 0.70892075 0.28490682 0.8779908  0.30456401 0.55208269] [-0.76153376 -0.25430615 -0.90451237  0.38069207  1.2163854  -0.25109649] [ 0.11212378  0.77946361 -0.0812376   0.2003743   1.03004335  1.0321504 ] [2.99972829 0.91846402 1.96688873 0.94345338 1.39384028 0.11656109] 
167 [0.99034334 0.66436632 0.13924652 0.5166392  0.94945831 0.69053281] [-0.0582778  -0.3687509  -0.69143586 -0.18183451  0.00295285  0.35312833] [ 1.04804454  1.01899999  0.47219735  0.98860025 -0.36191741  0.76531232] [-0.02613543 -0.74227006  1.45534301  0.56137432  1.31794     0.26068125] 
168 [ 0.92987211  0.97316337  0.25425906 -1.11931017 -0.34588652 -0.60729652] [-0.02436461 -0.55344189  1.27824309 -0.50269535  0.41629763  1.38213625] [ 0.94806173  1.03543599  0.31957781 -0.73460327 -0.30286056 -0.61377241] [ 0.09199235 -0.46710173  0.90377296 -0.48737835  0.29350512  1.36346094] 
169 [ 0.17364293  0.39336763  0.58922921  0.61152028  0.37024978 -0.00940695] [-0.59777226  1.26365662  0.22288897  3.00507017  0.94265804  0.9712787 ] [ 0.12479667  0.33725405  0.43852237  0.44880742  0.90241459 -0.45202959] [ 2.37725131  2.62520997 -0.33284928 -0.25999888 -0.02774214 -0.14362224] 
170 [ 0.22693249  0.68746415  0.49315204 -0.02107402  0.75617786  0.29575542] [ 1.04356908  0.21814933  0.75636087  0.52209225 -0.06086193  0.07838781] [ 0.22269763  0.68108516  0.51836289 -0.0113573   0.74600688  0.2538263 ] [ 1.0284729   0.18749729  0.6488151   0.56368996 -0.06036715  0.0986903 ] 
171 [0.16656191 0.42324154 0.63259688 0.54731301 0.38032968 0.29645938] [-0.56588848 -0.32142247  1.34398431  0.19082643  1.4551799  -0.00303079] [ 0.11744566  0.45015833  0.61410784  0.51467672  0.42632499 -0.35247886] [-0.57045587 -0.36466302  1.2970444   0.21213872  1.46854051 -0.01678505] 
172 [0.21161229 0.42050702 0.60970178 0.9448268  0.61818989 1.1177492 ] [ 2.49572869 -0.29098285  1.38155559  1.50967905 -0.09927252  0.14306772] [ 0.77927033  0.01981509 -0.86224184 -0.84073332  1.22987725  0.6500972 ] [ 0.39121751  1.17843559  1.2925413   1.56820698 -0.42247647 -0.19128364] 
173 [ 0.72980984  0.13192796 -0.03824439  0.7644881   0.5225349   1.73298999] [0.26598635 0.52847732 0.8458508  0.13682569 0.38707697 0.41102234] [ 0.07474805  0.44738176 -0.36752771  1.04638306  0.54477993  1.09464023] [-0.26605259  1.42755454  0.35279341  0.17210818  0.13772725 -0.23077307] 
174 [ 0.27127002  0.28096894  0.40179437  0.55083693 -0.00474263  0.49189165] [ 1.13627926 -0.04218672  0.24927053  0.88329487  0.68110187 -0.10716376] [0.23207558 0.26550231 0.39084328 0.53600885 0.02481465 0.42281502] [ 1.06346105 -0.10853994  0.16025837  0.69617751  0.59555461 -0.04764039] 
175 [ 1.19533709  0.30167797  0.66890473  1.35918354 -0.45250085  0.76164054] [ 1.49222863 -0.01585244  0.25469484  0.19470936  1.50697938  0.49664599] [ 1.17461108  0.29021923  0.69099525  1.39110689 -0.51295653  0.68455861] [1.59162167 0.09238897 0.38126996 0.1773743  1.52932052 0.55414641] 
176 [1.02575521 0.77370312 1.15113731 0.20945315 0.91283658 0.46638974] [0.0057699  0.5779519  1.31487562 0.01991181 0.27993298 0.09592955] [1.08647593 1.138669   0.63066542 0.66873614 0.71493118 0.48005407] [-0.09447191  0.51243461  1.29102183 -0.13680492 -0.0682037   0.0917302 ] 
177 [0.95264361 0.11298675 0.61952267 1.03181608 0.70363193 0.69939366] [0.13543749 0.59460832 0.76065214 0.5028031  0.67134011 0.02571494] [0.95042122 0.11600146 0.61849954 1.03302288 0.69938687 0.69673123] [0.13996068 0.58952215 0.76051516 0.50259831 0.67165681 0.02031317] 
178 [-0.3739789   0.47132761  0.23039245  0.56347534  1.0104022   0.0141978 ] [ 0.69784491  0.29492148  0.65680307  0.22216354 -0.33162398  0.04222541] [0.31846522 0.2541244  0.35273257 1.51481961 1.23322708 0.60838542] [ 1.06601581 -0.08530929  0.2331159   0.05391593 -1.49881959  0.11730349] 
179 [ 0.2188171   0.25153452  0.43392042  0.12648237 -0.33336688  0.65010679] [ 1.04153223 -0.07289053  0.30386345  1.26893751  0.14191857  0.15876832] [0.22994735 0.26412743 0.38609439 0.54083643 0.02065676 0.45111272] [ 1.06492456 -0.10777792  0.16226692  0.62464564  0.66166763 -0.04478336] 
180 [ 0.23937569  0.70977194 -0.23840772  0.57000147  0.31174924  0.40287392] [1.09321284 0.21407077 1.66829488 0.16764403 0.04501083 0.02594957] [-0.21940836 -0.94431876 -0.44070644  1.03163132 -0.44380987  0.85309022] [ 1.97144864  0.08660307  1.50271455  0.2480083   0.21346491 -0.04353582] 
181 [ 0.23043536  0.64362905 -0.12070627  0.5163238   0.47587815  0.51542801] [0.96446823 0.70186176 1.04618301 0.29340424 0.2772345  0.13011636] [ 0.28104673  0.63878423 -0.06184405  0.52444478  0.47440948  0.53742638] [1.02869011 0.78609495 1.27536298 0.22361196 0.21513952 0.11778076] 
182 [-0.02888113  0.22535216  0.72090688 -0.12970776  0.03095574  0.55605259] [1.58426933 1.07407383 0.23270177 0.86325738 0.5927606  0.21111281] [ 0.21582868  0.69319916  1.01060295 -0.4762948  -0.02987863  0.38681689] [0.99444371 0.15271094 0.07330918 0.68676665 0.53428336 0.01118594] 
183 [1.43187902 0.08031891 0.71880747 0.78855424 0.30505222 1.07135914] [ 1.22239684 -0.06149105  0.95985445  0.46925333 -0.27627697  1.46317879] [1.98906222 0.11315536 0.83694783 0.52731538 0.54074065 1.3818778 ] [ 1.03109415 -0.09967903  0.17271852 -0.25692828  0.30317047  1.45453135] 
184 [0.33241834 0.57597356 0.08290017 0.90403745 0.51083275 0.34248776] [0.40261951 1.42444072 0.20475503 1.18076741 0.68611938 0.35310482] [0.25959942 0.81776269 0.21005248 0.98956719 0.47399252 0.53989547] [ 0.08547403  1.51600799 -0.02819116  0.66656275  0.32017549  0.21365699] 
185 [0.31987324 1.2899496  0.96256996 0.39301189 0.4066328  0.44164901] [-0.41617858  0.11075653  0.08442806  0.37105677  0.14689652  0.14855398] [1.62341151 1.41921272 1.13315502 0.29648868 0.52113812 0.56050636] [-1.60112108  1.56110365  0.70913688  0.41394077  0.29907807  0.15949425] 
186 [ 0.0346098  -0.18435986 -0.41166716  0.67934051  0.70387594  0.21964754] [-0.97353557  0.77660761  0.16414777 -0.13754515  1.36821268  1.80722357] [0.23066871 0.42476939 0.70733137 2.67045703 1.44473998 0.42821367] [-0.67968544  1.31781262  0.15856086  0.06420429 -0.03571826  1.64621276] 
187 [ 0.81817131  0.5153313   0.8534968  -0.08974117  0.53251954  0.73699004] [1.01472071 0.37523201 0.84724034 0.21368696 0.35809472 0.79406408] [ 0.92763763  0.39378621  0.93232724 -0.18995207  0.37341483  0.62860555] [1.19725935 0.26533718 1.0128117  0.13472045 0.11741521 0.67220045] 
188 [ 1.36845566  0.73788716  0.97831735  0.21193474 -0.24587707 -0.30823245] [ 0.00601666  1.05969654  0.46219012 -0.41406637  0.23396988  1.40040763] [ 1.42296799  0.56685902  0.42091416  0.65578649  0.421021   -0.02376459] [ 0.02682269  1.13875529 -0.25148461  0.3308125   0.58656556  0.6197147 ] 
189 [-0.22465412  1.06172454  0.28395703  0.33070538  0.79402687  0.60686625] [ 0.58880294  1.3688794   0.30197282  1.45075757 -0.18758208 -0.25196456] [0.15649233 0.42647851 0.63780704 0.37053351 0.34338806 0.25738872] [-0.47466544  1.27002331  0.18508125  1.35599859 -0.01365369 -0.03441829] 
190 [0.85926171 0.23403448 0.74404076 0.82107477 0.44393638 1.02504365] [ 0.68806337  0.38409927  0.59737587 -0.27961713  0.9798419   0.74135525] [0.85755591 0.23716452 0.7409345  0.81283306 0.44874295 1.02656984] [ 0.69887098  0.37451526  0.59503803 -0.27602957  0.97958066  0.7480071 ] 
191 [0.1003444  0.89050225 1.07023735 1.08818705 0.37400946 0.54796182] [-0.76932083 -0.00431461  1.04231084  0.41950292  1.24674643 -0.21975347] [0.26615587 0.40563248 0.62943397 0.53663944 0.44433495 0.73667795] [ 2.40894127 -0.34102584  1.34693086  0.18099188  1.49400879 -0.07847677] 
192 [0.86889342 0.60768011 0.87764876 0.69501271 0.46829247 0.47665138] [-0.0099384   0.03394652  0.49369168 -0.24436522  0.20273792  1.41460592] [0.57088402 0.36164701 0.38762511 0.6543671  0.25730483 0.66992017] [ 0.19024151 -0.04272153  0.11740057  0.14341196  0.155004    1.39286691] 
193 [0.23640551 0.68738566 0.53815034 0.93941943 0.46597783 0.57181121] [1.08479144 0.19371204 1.43979482 0.00218238 0.08018003 0.02200093] [0.22756374 0.71170631 0.50318699 0.84531696 0.451562   0.55765543] [ 1.09495323  0.22988222  1.43917939 -0.054078    0.05855377  0.02438358] 
194 [ 0.80645023  0.55586886  0.69417149  0.47987369 -0.02635339  0.64723356] [-0.08175099  0.48270124  0.64916622 -0.32140462  1.28457777  0.80844895] [0.82631143 0.62278043 0.68745921 0.55094034 0.00194451 0.65295236] [-0.06081455  0.47976134  0.70497959 -0.25447776  1.37412178  0.78925645] 
195 [ 0.32457287  0.73888505 -0.08652384  0.11098578  1.26336257  0.73084355] [0.11222993 0.80348605 0.37276609 0.59784947 0.71613046 0.23174818] [0.41348084 0.98571954 0.00155785 0.50924163 0.49862558 0.4996339 ] [ 0.64957067  0.81832561  0.59732613  0.55074469  0.24444765 -0.03928765] 
196 [0.27923826 1.32215038 0.88877696 0.37578479 0.3882455  0.42842414] [-0.38687614  0.0429714   0.05635934  0.41471927  0.16543784  0.12976766] [-0.16015121  1.52091757  0.91812391  0.41667529  0.57771556  0.54898765] [-1.07614887  0.0598893  -1.2214213   0.22850614  0.25448206  0.18115695] 
197 [ 0.23379626  0.25388069  0.52430187  0.899611   -0.1005967  -0.14684592] [ 0.72096936  0.22473617  0.25030331  0.41995174 -0.19192413  1.33994548] [0.26511596 0.39875162 0.66384997 0.46757191 1.17642293 0.92941871] [-0.73851124 -0.34513748 -0.27779029  1.55608349  0.01456315  1.62239251] 
198 [0.21997    1.28366841 1.18921389 0.55752548 0.51961028 0.40207543] [ 1.10158254e+00  1.28457600e+00 -7.59249471e-04  1.04826974e-01
 -1.61368051e-01 -1.43878305e-01] [0.25658079 1.14911264 0.75881248 0.42591526 0.46357727 0.36397847] [ 1.02704344  1.41660845  0.01882335  0.08616482  0.1665285  -0.03298132] 
199 [0.36297764 0.84347544 0.01190377 0.9628396  0.25081705 0.47330237] [0.46546236 1.02528532 0.77244291 0.53093531 1.06535354 0.97479958] [0.34744811 0.84705771 0.01798242 0.91870519 0.25269932 0.47435013] [0.44876332 1.04486496 0.7535769  0.50911861 1.05743304 0.95215152] 
