0 [0.29325855 0.39144071 0.739151   0.00370329 1.15467614 0.51316189] [1.07486153 0.07527159 1.05704299 0.43359189 0.07009502 0.19228031] 
1 [ 0.28241664  0.5159291  -0.61419223  0.03722275  1.19067263  0.55716487] [-0.69319306  1.2656704  -0.44220269  0.66633657  1.76873851  0.144535  ] 
2 [0.92418883 0.77493671 0.21556016 0.17196213 0.48081095 0.03000394] [0.79039177 0.10356496 0.42853527 0.22008442 0.42418717 0.32768765] 
3 [ 0.21886606  0.74112803  0.00702594 -0.20163198  0.51922412  0.03418291] [ 1.08959004  0.94244904  0.53346709  0.1349218  -0.71836948  0.94138176] 
4 [ 0.2666051   1.01770362 -0.38995508 -0.05121594  0.89515924 -0.4477148 ] [ 1.12456596 -0.04213548  1.38646419  0.52272495  0.02183552  0.08964098] 
5 [ 0.00835547  1.29817291  0.87056246  1.36213671  0.22507079 -0.02639952] [0.09255269 0.02763849 0.55925236 0.21557752 0.93816769 0.2013659 ] 
6 [0.94562501 1.19186531 1.49195854 0.80253503 1.47892937 0.297502  ] [-0.01966738 -0.536961   -0.0158121   0.08138533 -0.91355028  1.24295956] 
7 [0.77554664 0.604603   0.85141468 0.67861944 1.08846386 0.78071613] [ 0.04978537 -0.00981819  0.38097101 -0.0572613   1.47869263  0.20139729] 
8 [ 0.21715343  0.64549625  0.45247117 -0.56283014  1.08612937  0.46188358] [ 1.07069888  0.41565564 -0.16736421 -0.0704701   0.10470721  1.50901738] 
9 [0.26976322 0.70558299 1.46901143 0.46410765 0.71384441 1.19855057] [-0.51570147 -0.22991913  1.56259715  1.35426505 -0.10492434  0.06890046] 
10 [1.09765326 0.67056827 0.48458961 0.5141575  0.52723988 0.44260617] [0.58850875 0.32637199 0.8447667  0.21523605 0.07882491 0.59231389] 
11 [ 1.32156681  0.97653517  0.75252414  0.46345217 -0.00618685  0.414508  ] [ 1.59603612  0.48353617 -0.21477249  1.00530819  0.80858761  0.09961904] 
12 [ 0.78578832  0.78914142  0.61030061  0.72126642  0.46733252 -0.01937562] [-0.05191294 -0.02408977  0.46822215 -0.30121647  0.77448333  0.92267804] 
13 [0.25686512 0.62225995 0.00990625 0.4910329  0.91827562 0.59431661] [ 1.09528128  1.31037955  0.58172082  0.14803167 -0.00672255 -0.1126889 ] 
14 [0.1609566  0.39291149 0.57933811 0.58088177 0.80401434 1.73185296] [-0.61492252 -0.33052066 -0.22607757  1.38771445  1.48221737  0.09739124] 
15 [0.84557447 0.51410316 0.93882685 0.71562159 0.60454375 0.5579082 ] [ 0.00268442  0.01431618  0.43206736  1.34070294 -0.2090016  -0.09488802] 
16 [0.33093465 0.69690147 0.67354845 0.61358203 1.05468911 0.88177137] [-0.20897099  0.70206639  0.4029529   0.33049814  0.62140522  0.40121571] 
17 [0.21535625 0.28745352 0.46576505 0.51162226 0.50683598 1.12816687] [-0.75463497 -0.48069212 -0.35006324 -0.24262489  1.35418106  1.57558286] 
18 [1.02831196 0.00790996 0.84322715 1.02962306 0.51319219 0.06921003] [0.88103021 0.43977665 0.8468265  0.00513569 0.32432854 0.78371337] 
19 [ 0.79128088  1.34476336 -0.74884757 -0.25737808  0.08857018  0.49859127] [-0.03762852  0.62422247  0.37063668 -0.39650174  0.20437291  1.44911068] 
20 [0.23072439 0.66643938 0.43920202 0.73129139 0.56082635 0.45809609] [ 1.02528458  0.1527481   1.45149605  1.55511137  1.44621521 -0.0501827 ] 
21 [ 0.16244877  0.46576789  0.52272022 -0.12317887  0.51321205  0.46611893] [-0.51517611  1.30517016  0.39547     1.46142323  0.14546354  0.07599025] 
22 [ 0.23797099  0.64512716 -0.10926655  0.5723792   0.54019603  0.50350504] [0.98108313 0.61320136 1.175685   0.24236368 0.24950324 0.16237165] 
23 [ 0.24005832  0.63724453  0.1530387   0.52007165 -0.00966667  0.69044653] [ 1.06885125 -0.03513912  0.20593     0.98935238  0.4820398  -0.11246087] 
24 [ 1.08898753  0.47766668  0.66073956  0.60250611 -0.12373087  0.63600804] [ 0.0463251   0.02294164  0.5747393  -0.73524885  0.60673004  1.78319941] 
25 [-0.1484961   0.14081394  0.60266644  0.59888212  0.42951225  0.17520294] [-1.82379397 -0.55693418 -0.21804609  1.39481317  0.26264492  1.41698247] 
26 [ 0.24623346  0.64965913  1.03119149  1.1938143  -0.11020877  0.46191634] [ 1.09972416  0.45506751  0.06576428  1.50488566  0.12527016 -0.18119044] 
27 [ 0.21022079  0.39260678  0.61460271  0.5090159   0.53616993 -0.01714698] [-0.5373559  -0.35700128  1.36367522  0.19580353  0.86960462  0.9395442 ] 
28 [0.24623202 1.20902201 0.95947695 1.04361289 0.12861072 0.53680404] [ 1.08564881 -0.2843288  -0.04826531  1.13301355  0.36320021  0.13446823] 
29 [0.81000008 0.9159554  0.54860571 0.83167742 0.77495362 0.850166  ] [0.3719352  0.67518239 0.38657368 1.15467226 0.87369114 0.58133705] 
30 [ 0.21745219  0.65636481  0.91843013 -0.36446193  0.51008728  0.82684079] [1.0336564  0.21368032 0.10140848 1.43079041 0.05604657 0.03617729] 
31 [-0.27447638  0.29700092  0.16255733  0.83773243 -0.3109441   0.69936026] [1.62012675 0.79945691 0.1841744  0.62613069 1.37991216 0.20910308] 
32 [ 1.02532028  1.30765158 -0.94055246  0.44046617  0.65062108  1.60097712] [-0.00325651  0.38625751 -0.15709193  0.19324371  0.03805792  1.54842655] 
33 [ 0.22741048  0.70935293 -0.0334125  -0.02836948  0.53412815  0.52741585] [1.03697135 0.31283627 1.04932829 0.28268274 0.22510837 0.16780211] 
34 [1.08308327 1.05360704 0.85357516 0.34163928 0.96925032 0.71257876] [0.46515027 0.376891   0.365131   0.17459175 0.30318445 0.81759342] 
35 [0.9271048  0.39854944 0.53594152 0.96503454 0.39634286 0.51910787] [ 0.62008744  0.46113014 -0.15521171  0.89911104  0.004317    0.74805558] 
36 [-0.24283657  0.86105034  0.28773979  0.49490474  0.04019707  0.89493025] [ 0.46792674  1.33866251  0.229011    0.82922461  0.88023802 -0.03301528] 
37 [1.07805957 1.17722804 0.29070953 0.34659757 0.40247728 0.49624959] [1.55967129 0.60190082 0.39718398 0.21872305 0.18851364 0.10569261] 
38 [ 0.22255742  0.63984828 -0.05254172  0.58940536  0.45985397 -0.09716075] [-0.47281119  0.15917617  0.9850148   0.18819104  0.3645847   1.09462857] 
39 [0.05690035 0.87295762 1.39396926 0.13228996 0.34956699 0.48983178] [-0.41524838 -0.14119235  0.5213356   1.55877745  0.35395908  0.16374643] 
40 [-0.02830485  0.93761755  1.38211423  0.66141582  0.49531052  0.49038089] [ 0.48688012  0.01463861  0.50782642 -0.24426862  0.18182666  1.43701063] 
41 [0.74728812 0.56503806 0.6247925  0.55722728 0.46986689 0.25569912] [0.98128433 0.39755416 0.32170693 0.03381915 0.37986597 0.56700353] 
42 [0.2343527  0.75248151 0.37435449 0.84828083 0.43398455 0.94678743] [ 1.07765447  0.24972222  1.43492435 -0.07145855  0.01725827  0.02930685] 
43 [ 0.99319078 -0.0161701   0.36983197  0.88688681  0.34886922  0.58486669] [0.45366101 0.88596598 0.00252578 0.61970319 0.33959797 0.2623963 ] 
44 [0.20886743 0.43587278 0.18092011 0.33172423 0.54257135 0.61158122] [-0.49053612  1.32819583 -0.15915516  0.2006365   1.48062986  0.00173763] 
45 [ 1.77457472e-01  4.77036460e-01  5.25729268e-01 -3.34458414e-04
  4.76807841e-01  4.54824021e-01] [-0.54437331  1.26702623  1.29086966  0.57664543  0.15627153  0.07400938] 
46 [0.24926531 0.2599154  0.4691303  0.12997148 0.45460807 0.0232022 ] [ 1.05814474 -0.11366921  0.25127537 -0.20183267  1.02458353  0.31320192] 
47 [-0.26086746  0.07517678  1.14394263  1.96115195 -0.04924128 -0.41623751] [-1.72023683  0.8360573  -0.09281756  0.57107296  0.94650125 -0.20925923] 
48 [ 0.27475388 -0.03197689 -0.60141262 -0.25045371  1.16753694  0.39939029] [ 0.71892131  0.3995668  -0.09611794  0.08667693 -0.07514535  1.70376931] 
49 [ 0.19851712  0.28117044  1.04093483 -0.28478749  0.61995488  0.55223015] [0.86905463 0.55228985 0.52028491 1.33610809 0.35415662 0.16228461] 
50 [ 0.23341179  0.69260548 -0.10237861  0.30071321  0.17382825  0.55863838] [ 2.67312062  0.05039244  1.13731115 -0.18817796  0.27710445  1.45700101] 
51 [0.24337274 0.28472643 0.89246179 0.52017724 0.66993431 0.47891589] [ 1.14240775 -0.00538802  1.43416907 -0.02007341  0.03069723  0.19437389] 
52 [0.74052078 0.52454825 0.92432752 0.74780245 0.98358998 0.72975244] [ 0.45569737  0.11903104 -0.01423873  0.94536135  0.8444679   0.97169673] 
53 [0.92366452 0.10766065 0.61420537 0.31836382 0.83480996 0.74039934] [0.23194376 0.46329771 0.13025749 0.54023268 0.65720126 0.18213983] 
54 [ 0.24371732  0.28013477  0.42661239  0.16797314 -0.33348221  0.67812517] [ 1.15903557 -0.01111036  0.37036538  1.47377897  0.17492036  0.12919239] 
55 [0.85318761 0.66700539 0.78700913 0.42675551 0.83095586 0.81665722] [0.89284226 0.01933927 0.71729144 0.39378345 0.80396007 0.93972647] 
56 [0.22292953 0.80422679 0.53515714 0.82939175 0.62188745 0.56394572] [ 1.10841547  0.15921356  1.5136972   1.49179794 -0.11090471  1.66806543] 
57 [ 0.21036884  0.49204994  0.64369992  0.53161508 -0.86635626  0.0502906 ] [-0.54046184  1.34203468  1.74593817  0.14983289  0.29763026 -0.47990511] 
58 [0.9626183  0.7355914  0.24248929 0.77326236 0.5709436  0.55903402] [0.67365918 0.90541033 0.1176397  0.28368068 0.04224321 0.76897851] 
59 [-0.04051509 -0.05846863  0.22795419  0.70576387  0.42500431 -0.02332383] [0.72457911 0.88671278 1.01549103 0.22405649 1.144003   0.17587125] 
60 [ 0.240045    0.66057189 -0.06326126  0.0745019   1.04454488 -0.39651803] [0.99050389 1.40205225 1.30074605 0.52176579 0.16854554 1.36442509] 
61 [0.69980604 0.59382708 0.67429053 0.78050359 0.30032352 0.51662848] [ 0.01294539  0.03348678  0.71901303  0.64031109  1.18832501 -0.2335191 ] 
62 [0.21541901 0.33024036 0.36207407 0.55276857 0.422397   0.03369875] [ 1.01618331 -0.05954715  0.22763444 -0.23243053  0.61689022  0.8784836 ] 
63 [ 0.78931354 -0.01819688  0.4086842   0.56994688  0.14159289  0.1198426 ] [ 0.63650572  0.98082252 -0.02008523 -0.15514262  0.63561929  0.43070959] 
64 [ 0.25691282  1.20834026  1.12536138 -0.22258526  0.43330855  0.07833453] [ 1.00523354  1.48718981  0.04360286  1.61070017 -0.06267032  1.42679644] 
65 [ 0.20230046  0.63141959 -0.11598345  0.46957469  0.52455095  0.54858914] [1.13571359 1.55489426 0.46301405 0.24101056 0.12584201 0.03237547] 
66 [ 0.86116613  0.79054477  0.47445794  0.07169656 -0.29593366  0.67901171] [ 0.0336468  -0.21182516  0.63165597  0.27681755  1.37685739  0.50347623] 
67 [ 0.24314327  0.69898008 -0.04841236  0.51721326 -0.01210242  0.67544482] [ 1.10364896  0.25233341  0.07293648  0.27723007  1.25927135 -0.11477373] 
68 [ 0.99601024 -0.02279012  0.80069676  0.43329488  0.31998121  0.59594267] [ 0.70590821  1.06619386 -0.07550729  0.55990457  0.33417685  0.27499072] 
69 [0.16733769 0.46517329 0.56938173 0.18075044 0.44339965 0.0329424 ] [ 2.59394273  1.29520748 -1.46347158  0.1074778  -0.56959427  0.50340193] 
70 [-0.11827321 -0.32466017  1.0288377  -0.04529416  0.3824039   0.27019447] [0.75508114 0.30801953 0.54799254 0.93439103 0.28493705 1.40413246] 
71 [ 0.06956163  0.24135315  0.7278817   0.4810932  -0.06461827  1.20150586] [1.12281489 1.08941387 0.22573971 0.38664411 1.05839599 0.06143349] 
72 [0.82902719 0.51104506 0.51226067 1.14895414 0.3288259  1.4555073 ] [-0.01116702  1.39482086  0.64637563 -0.17069795  0.27605556  1.45879966] 
73 [0.24244579 0.24357182 0.37315472 0.53319824 0.66245585 0.81659353] [ 1.09124277e+00 -1.12512347e-01  2.28367271e-01  1.42504641e+00
 -4.15342797e-02  9.57396101e-04] 
74 [ 1.08958185  1.083458    2.93855705  2.04396817  1.64754982 -0.11698106] [0.00865971 0.47254866 0.21482686 0.2041058  0.24667081 1.20325491] 
75 [0.25863142 0.39831048 0.43294044 0.19605233 0.38274274 1.03250439] [ 1.07833856  0.02410565  0.27594716  1.2427823  -0.05140226  0.03928546] 
76 [0.83162182 1.17083422 0.65638374 0.28392575 0.49469039 0.53268827] [ 0.1843423   0.73636814  0.67598264  1.16184957 -0.27177919 -0.18117278] 
77 [0.18239741 1.64424146 0.76677958 0.50012189 0.46472347 0.42826477] [ 0.91454742  1.64372968 -0.3493694   1.36237487  0.20283735  1.36083131] 
78 [0.3053888  0.70836324 0.64429803 0.38862884 0.41986841 0.30715956] [0.77837662 1.07852151 0.37802895 0.86059323 0.20837662 1.24552887] 
79 [1.04152106 0.40932489 0.33343029 0.33116968 0.45932483 0.83465958] [0.99999258 1.28544274 0.73102278 0.24074699 1.04058332 0.21260398] 
80 [0.28182381 0.26665592 0.42593151 0.50120514 0.149579   0.68753505] [ 1.12843161 -0.05149398  0.29129    -0.11651181  1.66147793 -0.12177266] 
81 [0.23628228 0.60283864 0.638262   0.01730379 0.49086622 0.78054018] [ 1.05307586  1.81615106  0.38818151 -0.35712956  0.08611035 -0.05234041] 
82 [0.68867611 0.33476211 0.14269592 0.8633587  0.88079936 0.67087146] [0.68405683 0.55506862 0.41444804 0.68294212 0.92327426 0.88413885] 
83 [0.74038927 0.03236254 0.89029779 0.01907979 0.6144865  0.85521526] [1.23873573 0.402548   0.6585298  0.92677209 0.65418105 0.30531936] 
84 [0.79323428 0.13457352 0.19470681 0.72048162 0.81722067 0.63649716] [0.17824071 0.41064562 0.11873008 0.19938803 0.11787645 0.41436368] 
85 [ 2.43994069e-01  2.47285095e-01  3.95912441e-01  1.50348214e-01
  4.46756892e-01 -4.21276936e-04] [ 1.04956616 -0.11664441  0.09977943 -0.02884074  0.81264033  0.49491427] 
86 [1.10417785 0.62304287 0.63287454 0.92476128 0.81893408 1.11523024] [0.98166057 0.75026166 0.65258941 0.05182537 0.11125125 0.82213235] 
87 [0.40270166 0.98084165 0.03427956 0.48207855 0.48601128 0.56048747] [ 0.66327887  1.18547782  0.22598838  0.55510075  0.23195258 -0.05360823] 
88 [ 0.22889824 -0.67477749 -0.28264414  0.07919871  0.57718871  1.00624335] [ 1.05309172 -0.08569363  0.35607528 -0.26070943  0.10232275  1.64425064] 
89 [ 0.97647499  1.23018488  0.5987915  -0.4221935   1.17927385  1.18382253] [ 0.01216232  0.6144582   1.30764397  0.2967277  -0.12270411  0.26088575] 
90 [-0.02276532  0.08170732 -0.27635141  0.90130276  0.33718319  0.47492423] [2.00473349 1.58525494 0.54466424 1.32196964 0.2280222  1.49944608] 
91 [0.68848921 0.06293529 0.39563556 0.15424795 0.24597247 1.08521571] [0.91481185 0.10005602 0.43192942 0.17732416 1.0207455  0.6900629 ] 
92 [1.42807409 0.04684205 0.68629918 0.75638239 0.31193999 1.03055515] [ 0.58561409  0.94257023  0.77990965  0.47105734 -0.28636288  1.42232786] 
93 [ 0.90525692  0.42856946  0.79019177  0.90343147  0.14552597 -0.07367275] [0.83674424 0.13986038 0.85570917 0.85916886 0.68158623 0.46416484] 
94 [ 0.52714737  0.52905445  0.62069468  0.28091841  0.43662461 -0.31214494] [ 0.06766386 -0.02836159 -1.43191758  0.58697371  1.3388902   1.78784095] 
95 [0.58071122 0.97647296 0.50954821 0.27011044 0.34773996 0.47645837] [ 1.60713542 -0.0073501  -0.21809277  1.01710926 -0.30880293 -0.19481928] 
96 [0.0188363  1.33922814 0.99194137 0.10976387 0.46381363 0.53552485] [-0.47322148  0.07084841  0.35428225  1.77043117  0.25338874  0.19779887] 
97 [0.41946496 1.0455951  0.34634928 0.12936212 0.17282732 0.11871467] [ 0.49136821  1.09538307 -0.08248254  0.30766415  0.26557113 -0.07493452] 
98 [-0.17361865 -0.65180716  0.06309342  0.81727398  0.88301     1.12507338] [ 0.51993263 -0.39317442 -0.80955422  0.09144878  1.7109992  -0.12918099] 
99 [0.67929468 0.7015932  1.00706178 0.49252694 0.49681614 0.67069929] [1.0089128  0.71442311 0.60879137 0.50865721 0.03674743 0.39469001] 
100 [0.25714693 1.32212613 0.87838044 0.41012803 0.42404821 0.41393088] [-0.5178065   0.10212521  0.08992115  0.32019609  0.22710521  0.06624354] 
101 [0.59780134 0.74931027 1.07894381 0.71012349 0.49167602 1.10939965] [0.76994396 0.84163528 0.65310208 1.01994892 0.5180744  0.40705757] 
102 [ 0.18310507  0.46615924  0.77509899 -0.06819584  0.46653293 -0.26995239] [-0.60217685 -0.25275152  0.29021575  0.93771626  1.70967433  0.00563856] 
103 [ 0.2074262   0.63080339  0.59550553  0.3838335   0.88476933 -0.00354897] [ 1.05871606  0.22313775 -0.11954976  0.09319945  0.69194941  0.82039542] 
104 [1.03772613 0.9030483  0.08679375 0.74015301 0.34148943 0.46085611] [0.8388559  0.68668051 0.00859056 0.37830092 0.51929264 0.48799581] 
105 [ 0.1599711   0.34054978 -1.01682565  0.08696544  0.96514305  0.36016268] [2.6089994  2.82363948 1.20858587 0.33773912 0.10368827 1.4966779 ] 
106 [0.2915462  0.65401804 0.62109767 0.38454818 0.861259   0.53808718] [0.57942059 0.05573052 0.80718125 0.77120374 1.39196616 0.71667275] 
107 [ 0.25625201 -0.17626556  0.80643445  0.45170529  0.99333526  0.33006099] [ 8.04217521e-01  3.72990529e-01  2.01412951e-01  1.43436925e+00
 -9.45405411e-04  5.55149369e-02] 
108 [ 0.32010198  0.70441865 -0.00962467  0.26732746  1.0732582   0.71135211] [0.07279558 0.77582389 0.83165826 0.12152504 0.73103649 0.26789763] 
109 [-0.23178647  1.27078454  0.29879584 -0.45698573  0.16187991  0.08430786] [ 0.51320833  0.29050385 -0.03949512  1.11325128  0.28270989  1.57985517] 
110 [ 0.21897283  0.66277707  0.93671425  1.2823312  -0.01082078  0.36462994] [ 1.10358306  0.3381959   0.16094124  0.65578449  0.92963723 -0.21527396] 
111 [0.76834613 0.55988841 0.0121553  0.73033414 0.79168681 0.3613485 ] [-0.00523543  0.99240295  0.30635269  1.06959114  0.35065731  1.27663829] 
112 [ 0.29545229  1.27436496  0.31653311  1.37143392 -0.04174705  0.20134165] [ 1.06264748 -0.1517834   0.21258517  0.22044799  1.24258191  0.1054866 ] 
113 [0.23747519 0.71671984 0.61780153 1.18979397 0.31872874 0.8320127 ] [ 1.05417505  0.15885842  1.31007958  0.01254899  0.04332611 -0.1104762 ] 
114 [ 0.01522025  0.28339315  0.23974068  0.47504379  0.53478198 -0.00299018] [ 1.04341472  1.15313939 -0.02278117  0.2591137   0.77806196  0.78069934] 
115 [0.24590835 0.28258296 0.39100794 1.52703718 1.35101628 0.45859435] [ 1.12979052 -0.10309595  0.22151804  0.03097408  0.08830181  1.4002161 ] 
116 [0.24643062 0.66360177 0.57794144 0.54522899 0.96230607 0.81350561] [ 1.08436897  0.18741079  1.3636127   0.02965645  0.0300884  -0.23153838] 
117 [0.94398006 1.2986867  0.11469759 0.36158677 0.48939759 0.53491434] [0.14119815 0.33485902 1.95127889 0.34174276 0.33683952 0.2067689 ] 
118 [ 0.55819327  0.61092223  0.0726425  -0.04739461  0.94111331  0.36467673] [ 0.19405636  0.38186036  0.29332438  0.68835275 -0.469159    0.4647766 ] 
119 [ 0.25085316  0.29716501  0.35230895  1.12116898  1.19975799 -0.10937495] [ 0.99970854 -0.12464597  0.28387639  0.04709241  1.3539106   0.49200597] 
120 [ 0.17770439  0.2273197   0.97165515  0.5016902  -0.2994275   0.65753395] [ 0.7586308   0.73818118 -0.08675821  0.5715031   1.40377043  0.24177281] 
121 [ 0.24052179  0.71831004  0.46949454  0.60453252 -0.20981965  0.41990184] [ 0.92255472  0.2201057  -0.17562582  0.07311903  1.49442725  0.0723584 ] 
122 [0.86170931 1.13049167 0.23701795 0.74294153 0.56182727 1.14656425] [-0.04448337 -0.27514623  0.66983045  1.18464614 -0.1599832   0.18919379] 
123 [0.23813979 0.70159049 0.48081794 0.00606885 0.75706244 0.71575275] [1.05898875 0.197001   0.8907174  0.71740616 1.50628558 1.48628855] 
124 [0.18620559 0.30444968 0.83686054 0.87521293 0.19694751 0.49500312] [0.80278829 0.59715741 1.10813652 1.31945076 0.39015325 1.31768094] 
125 [ 0.49943351  0.65527193 -0.34672276  0.90817684  0.57258882 -0.13750314] [ 0.23887556  0.09411137 -0.11879781 -0.17680419  0.8260794   1.11767874] 
126 [ 9.41274377e-01 -4.70644702e-04  1.03708805e-01  8.77758405e-01
  7.21266762e-01  2.05176735e-01] [0.32707893 0.08479289 0.30709072 0.68796644 0.63444156 0.29535911] 
127 [0.26829832 1.03038765 0.95576442 0.31872728 0.37321012 0.12813004] [ 0.17202441  0.09691677  0.45566998 -0.02892452  1.24161744  0.11573172] 
128 [0.27839931 0.66115173 0.19442883 1.16266868 0.56964061 0.12459241] [0.96222967 0.54979198 0.60066082 0.26390911 0.13788318 0.05027643] 
129 [-0.27381459  0.27742108  0.13476431  0.74948712 -0.30177978  0.70390571] [1.6580075  0.85742456 0.16993771 0.58917695 1.4119214  0.21433608] 
130 [ 0.228114    0.66383124 -0.0114824   0.49211889  0.53367336  1.02069031] [ 1.04696724  0.40464941  1.17529684  0.18360179  0.11624071 -0.06231315] 
131 [0.27129642 1.21214154 0.96591926 0.98932578 0.17417543 0.49881202] [ 1.03209795 -0.27824495 -0.00494603  1.27217931  0.303615    0.12041807] 
132 [0.53437274 0.35807999 0.65252896 0.00485328 0.23079054 0.37554124] [ 0.07985684 -0.01718531  0.3696552   0.15549804  0.37970479  0.85672836] 
133 [0.38563762 0.67952412 0.63875794 0.51880442 0.06154172 0.74755892] [-0.14971482  0.8803904   0.13648234  0.36550345  0.25771645  0.73219249] 
134 [ 0.92575869  1.33247701  0.69394435  0.28259407 -0.58814788  0.68851997] [-0.11218576  0.46615382  1.26516342  0.1713851  -0.16806153 -0.24552359] 
135 [0.21229731 0.34839451 1.31694143 1.22279868 0.2723434  0.50799807] [ 0.78892136  0.53374273 -0.24257642  0.49445385  1.24123171 -0.22051347] 
136 [0.94239164 0.20433198 0.26213354 0.65001854 0.22312819 0.87044298] [ 0.47530479 -0.80519037 -0.21167052  1.2353504   1.17285381  0.92348342] 
137 [0.24546223 0.52386571 0.21286328 0.29121525 0.95528279 0.45860283] [-0.52281434  1.30727183 -0.13519392  0.18409405  0.00479322  1.5136967 ] 
138 [1.07324306 0.66166351 0.41641126 0.22668154 0.49530249 0.35907092] [0.53402839 0.64623049 0.54546981 0.48777266 0.17355265 0.77845142] 
139 [1.08739276 0.96809918 0.73330245 0.20577921 0.00734159 0.68968471] [ 0.80760825  0.6183696  -0.14335717  0.16240024  0.4571902   0.46562862] 
140 [0.70492205 0.42819098 0.93343387 0.44114739 0.34611452 0.30198061] [-0.05030151  0.68531218  0.9298992   0.97351645  0.59504551  0.93749632] 
141 [-0.05942265  1.31051102  0.95833555  0.75976683  0.4598595  -0.0422236 ] [ 0.78022504  0.03857379  0.51542477 -0.25191661  0.25378973  1.34360508] 
142 [0.25502809 0.67907922 0.58726508 0.01557862 0.46043154 0.38567386] [ 1.05647453  0.21665117 -0.28051453  0.19119428  0.16813206  1.53898198] 
143 [0.26771902 0.62822188 0.95983773 0.54302705 0.75937476 0.28934599] [ 0.99432097  0.22067043  0.11776361  1.63654028 -0.02442646  0.15209635] 
144 [0.12210791 0.91183777 1.58048118 0.47172709 0.55247479 0.50592439] [1.08601799 0.01384472 1.89374309 0.32439949 0.26586908 0.17902914] 
145 [0.53011472 0.00563696 0.69085679 0.49629162 0.7428557  0.21145333] [0.27983866 0.28037087 0.9767225  0.92744265 0.17454243 0.54005022] 
146 [ 0.19712748 -0.66228931  0.06206381 -0.41090279 -0.33625274 -0.06754   ] [ 1.13773211 -0.41306138  0.40053386  0.21646088  1.33325484  0.09134746] 
147 [ 0.26206713 -0.68014007  0.45348669 -0.60695407 -0.58952273 -0.02004796] [ 0.92838457 -0.15755866  0.17733758  0.20591817  1.06371815  0.41058402] 
148 [0.96265909 0.29459047 0.07497023 0.27646276 0.43747959 0.10057341] [0.88068261 0.52662843 0.91705734 0.32265775 1.00327957 0.71920548] 
149 [-0.12836509  0.11438387  0.21362115  0.22769772  1.01478605  1.63716629] [-0.03519291  1.21930043  1.19673263 -0.06339431  1.4466581   0.18675313] 
150 [1.13947742 0.82916271 0.42251459 0.42590229 0.72455307 0.38383985] [0.6629704  0.75695254 0.22172    1.00815918 0.98289063 0.91145116] 
151 [0.25432396 1.1454723  0.63174431 0.43320804 0.61343679 0.14144384] [ 1.06788963  1.38231402 -0.03296593  0.07557086  0.21444575 -0.12295331] 
152 [ 0.31158249  0.7096652   0.74069192  0.28255087  0.76204155 -0.07241039] [0.79288327 1.04197167 0.50106327 0.90444735 0.31579207 0.91792078] 
153 [ 0.24333647  0.70931731 -0.07928591  0.75266774 -0.09581934  0.48167225] [ 1.01947456  0.32107479  1.33819428 -0.15786515  0.34292369  0.12736148] 
154 [0.03306277 0.77084561 1.50267427 0.10938999 0.39786621 0.50050348] [-0.27094142 -0.11005175  0.44153511  1.63213136  0.36014029  0.18016736] 
155 [0.77468106 0.58151526 0.799798   0.46929196 0.90123531 0.58847291] [0.99061646 0.56100849 0.59008233 0.79535599 1.07174498 0.12421375] 
156 [ 0.16507372  0.19674823  0.17961924  0.32209129  0.38899361 -0.41742394] [0.82538964 0.50919228 0.39724333 0.06547343 0.58764613 1.27575588] 
157 [ 0.28917724  0.28057076  0.46532929  0.48105812  0.39102807 -0.44661089] [ 1.14346741 -0.00225098  0.22499874  0.7500364   0.06513399  0.8313863 ] 
158 [ 0.94113134  0.66207271  0.67333484  0.88152036  0.38424495 -0.03858602] [-0.02398989  1.73491872  0.98845335  0.31630199  0.81550396  0.506394  ] 
159 [0.23618604 0.27316055 0.73027402 0.48159086 0.4855567  0.43669192] [0.03843692 0.51008059 0.9524217  0.923703   0.04412773 0.65918015] 
160 [0.91752529 0.01657513 0.94268586 0.67906174 0.15142195 0.48686045] [0.41005037 0.36920239 0.68197509 0.75288578 0.34014785 0.18554077] 
161 [1.03626344 0.99834423 0.08905274 0.56218855 0.57436708 0.56312157] [-0.01629994  0.35976649  0.19027012 -0.30382871  0.21235969  1.39325306] 
162 [ 0.30959464 -0.03204687  0.83919765  0.04549847  0.36540395  0.61983816] [ 0.75437695  0.30843113  0.25042336 -0.02467938  1.4515732  -0.06134017] 
163 [ 0.2318914   0.45944436 -0.04148951  0.79272948  0.58254189  1.12393748] [ 1.07444619  1.47918694  0.42679383  0.19592925  0.0578432  -0.19225803] 
164 [0.63056598 0.65161978 0.07604306 0.2316788  0.68609937 0.41855363] [0.48342663 0.93264749 0.03552958 0.86335752 1.08378465 1.19777093] 
165 [1.0704672  0.5096056  0.35072821 0.5126028  0.69544066 0.36112287] [0.86276133 0.16357421 0.89439396 0.70742104 0.39174888 0.65908409] 
166 [0.31828076 0.70892075 0.28490682 0.8779908  0.30456401 0.55208269] [-0.76153376 -0.25430615 -0.90451237  0.38069207  1.2163854  -0.25109649] 
167 [0.99034334 0.66436632 0.13924652 0.5166392  0.94945831 0.69053281] [-0.0582778  -0.3687509  -0.69143586 -0.18183451  0.00295285  0.35312833] 
168 [ 0.92987211  0.97316337  0.25425906 -1.11931017 -0.34588652 -0.60729652] [-0.02436461 -0.55344189  1.27824309 -0.50269535  0.41629763  1.38213625] 
169 [ 0.17364293  0.39336763  0.58922921  0.61152028  0.37024978 -0.00940695] [-0.59777226  1.26365662  0.22288897  3.00507017  0.94265804  0.9712787 ] 
170 [ 0.22693249  0.68746415  0.49315204 -0.02107402  0.75617786  0.29575542] [ 1.04356908  0.21814933  0.75636087  0.52209225 -0.06086193  0.07838781] 
171 [0.16656191 0.42324154 0.63259688 0.54731301 0.38032968 0.29645938] [-0.56588848 -0.32142247  1.34398431  0.19082643  1.4551799  -0.00303079] 
172 [0.21161229 0.42050702 0.60970178 0.9448268  0.61818989 1.1177492 ] [ 2.49572869 -0.29098285  1.38155559  1.50967905 -0.09927252  0.14306772] 
173 [ 0.72980984  0.13192796 -0.03824439  0.7644881   0.5225349   1.73298999] [0.26598635 0.52847732 0.8458508  0.13682569 0.38707697 0.41102234] 
174 [ 0.27127002  0.28096894  0.40179437  0.55083693 -0.00474263  0.49189165] [ 1.13627926 -0.04218672  0.24927053  0.88329487  0.68110187 -0.10716376] 
175 [ 1.19533709  0.30167797  0.66890473  1.35918354 -0.45250085  0.76164054] [ 1.49222863 -0.01585244  0.25469484  0.19470936  1.50697938  0.49664599] 
176 [1.02575521 0.77370312 1.15113731 0.20945315 0.91283658 0.46638974] [0.0057699  0.5779519  1.31487562 0.01991181 0.27993298 0.09592955] 
177 [0.95264361 0.11298675 0.61952267 1.03181608 0.70363193 0.69939366] [0.13543749 0.59460832 0.76065214 0.5028031  0.67134011 0.02571494] 
178 [-0.3739789   0.47132761  0.23039245  0.56347534  1.0104022   0.0141978 ] [ 0.69784491  0.29492148  0.65680307  0.22216354 -0.33162398  0.04222541] 
179 [ 0.2188171   0.25153452  0.43392042  0.12648237 -0.33336688  0.65010679] [ 1.04153223 -0.07289053  0.30386345  1.26893751  0.14191857  0.15876832] 
180 [ 0.23937569  0.70977194 -0.23840772  0.57000147  0.31174924  0.40287392] [1.09321284 0.21407077 1.66829488 0.16764403 0.04501083 0.02594957] 
181 [ 0.23043536  0.64362905 -0.12070627  0.5163238   0.47587815  0.51542801] [0.96446823 0.70186176 1.04618301 0.29340424 0.2772345  0.13011636] 
182 [-0.02888113  0.22535216  0.72090688 -0.12970776  0.03095574  0.55605259] [1.58426933 1.07407383 0.23270177 0.86325738 0.5927606  0.21111281] 
183 [1.43187902 0.08031891 0.71880747 0.78855424 0.30505222 1.07135914] [ 1.22239684 -0.06149105  0.95985445  0.46925333 -0.27627697  1.46317879] 
184 [0.33241834 0.57597356 0.08290017 0.90403745 0.51083275 0.34248776] [0.40261951 1.42444072 0.20475503 1.18076741 0.68611938 0.35310482] 
185 [0.31987324 1.2899496  0.96256996 0.39301189 0.4066328  0.44164901] [-0.41617858  0.11075653  0.08442806  0.37105677  0.14689652  0.14855398] 
186 [ 0.0346098  -0.18435986 -0.41166716  0.67934051  0.70387594  0.21964754] [-0.97353557  0.77660761  0.16414777 -0.13754515  1.36821268  1.80722357] 
187 [ 0.81817131  0.5153313   0.8534968  -0.08974117  0.53251954  0.73699004] [1.01472071 0.37523201 0.84724034 0.21368696 0.35809472 0.79406408] 
188 [ 1.36845566  0.73788716  0.97831735  0.21193474 -0.24587707 -0.30823245] [ 0.00601666  1.05969654  0.46219012 -0.41406637  0.23396988  1.40040763] 
189 [-0.22465412  1.06172454  0.28395703  0.33070538  0.79402687  0.60686625] [ 0.58880294  1.3688794   0.30197282  1.45075757 -0.18758208 -0.25196456] 
190 [0.85926171 0.23403448 0.74404076 0.82107477 0.44393638 1.02504365] [ 0.68806337  0.38409927  0.59737587 -0.27961713  0.9798419   0.74135525] 
191 [0.1003444  0.89050225 1.07023735 1.08818705 0.37400946 0.54796182] [-0.76932083 -0.00431461  1.04231084  0.41950292  1.24674643 -0.21975347] 
192 [0.86889342 0.60768011 0.87764876 0.69501271 0.46829247 0.47665138] [-0.0099384   0.03394652  0.49369168 -0.24436522  0.20273792  1.41460592] 
193 [0.23640551 0.68738566 0.53815034 0.93941943 0.46597783 0.57181121] [1.08479144 0.19371204 1.43979482 0.00218238 0.08018003 0.02200093] 
194 [ 0.80645023  0.55586886  0.69417149  0.47987369 -0.02635339  0.64723356] [-0.08175099  0.48270124  0.64916622 -0.32140462  1.28457777  0.80844895] 
195 [ 0.32457287  0.73888505 -0.08652384  0.11098578  1.26336257  0.73084355] [0.11222993 0.80348605 0.37276609 0.59784947 0.71613046 0.23174818] 
196 [0.27923826 1.32215038 0.88877696 0.37578479 0.3882455  0.42842414] [-0.38687614  0.0429714   0.05635934  0.41471927  0.16543784  0.12976766] 
197 [ 0.23379626  0.25388069  0.52430187  0.899611   -0.1005967  -0.14684592] [ 0.72096936  0.22473617  0.25030331  0.41995174 -0.19192413  1.33994548] 
198 [0.21997    1.28366841 1.18921389 0.55752548 0.51961028 0.40207543] [ 1.10158254e+00  1.28457600e+00 -7.59249471e-04  1.04826974e-01
 -1.61368051e-01 -1.43878305e-01] 
199 [0.36297764 0.84347544 0.01190377 0.9628396  0.25081705 0.47330237] [0.46546236 1.02528532 0.77244291 0.53093531 1.06535354 0.97479958] 
