0 -4.788438578233143 -4.6693946720172095 
1 -4.624603926513327 -3.556781458117225 
2 -0.6848403209742995 -0.6975361365719682 
3 -4.9055643888748195 -2.65192045786129 
4 -5.0681897046855235 -4.908816681962675 
5 -4.058493314272913 -4.81047039885738 
6 -3.4778628221570744 -5.3256046523101475 
7 -4.876971640280265 -4.167304255382159 
8 -5.277606004003868 -5.330200662680919 
9 -5.656146264507881 -4.446584284164124 
10 -1.0393792246801072 -1.029669210540622 
11 -4.2785261016200336 -4.907947027149322 
12 -4.517778850791105 -4.412768046589101 
13 -5.310002247916059 -5.069221357142592 
14 -6.883189340050939 -5.195560547037294 
15 -4.911650706143299 0.3032954177322967 
16 -2.0936676091018747 -5.373310064907966 
17 -6.087106643739388 -2.3774603196901514 
18 -2.1641370257341412 -2.3065305220810766 
19 -4.505747382374066 -5.00955037236972 
20 -5.406805765179274 -4.405639529314632 
21 -5.657628149193923 -6.08085896576072 
22 -5.499763041406235 -4.947363820959233 
23 -5.014671602216248 -3.7366384013249863 
24 -4.5611803983835 -5.384796306818407 
25 -6.378921514126265 -5.108227406526323 
26 -5.2593710028509815 -5.04925270458744 
27 -4.462880158039206 -5.062790526514424 
28 -5.213940995686225 -5.155455463210103 
29 -1.5191906685393008 -1.4375692063762637 
30 -5.549307483905219 -5.264167977659846 
31 -5.276461845964417 -4.565487865859954 
32 -4.470249322296934 -4.978311218079098 
33 -4.884990151610326 -3.42239228854935 
34 -1.5352510745143944 -4.137760634603118 
35 -1.6846901913243786 -1.5658173948527967 
36 -5.34697389893411 -5.128476610126555 
37 -4.04875397757538 -4.4494048716902865 
38 -4.956786953236174 -4.8750237098646085 
39 -5.1775171821778345 -4.894006734646283 
40 -5.2437077265350185 -5.760475083464663 
41 -1.157363464944406 -1.1608773782841082 
42 -5.5881612193801535 -5.5989687122564895 
43 -2.8928252387100963 -2.6609434327380814 
44 -5.966201429369556 -4.954525036939163 
45 -5.803433255453872 -5.5099825522179335 
46 -4.617833349250889 -5.963513854173671 
47 -4.553812818846224 -4.426576043930788 
48 -5.508347417534455 -1.306391142801498 
49 -4.730175660837884 -1.0848935979250796 
50 -5.349133124661027 -3.964771832531819 
51 -5.251921217293973 -4.882629463677291 
52 -1.3495818800794717 -1.3401083502617726 
53 -0.9407540322713168 -1.3098921747650731 
54 -5.120804906417991 -4.584553004100222 
55 -1.1244457206901137 -1.1253999788760958 
56 -4.922357713162454 -3.822336713044044 
57 -5.1300501094010045 -4.751517927374405 
58 -0.742527853856405 -1.2086735353770914 
59 -5.262215057523973 -5.558525535896534 
60 -4.776201723525664 -5.112669256981985 
61 -5.211586235174359 -4.060129140138851 
62 -4.722395228508893 -4.113886551901959 
63 -2.4815900932270805 -2.7123434721937767 
64 -5.110192968756604 -2.887966565430527 
65 -5.027002627249543 -4.65951485492992 
66 -2.317244810134151 -5.7394952797188346 
67 -5.012982504253099 -5.4043623652843324 
68 -2.7060185086568707 -2.4028123780822384 
69 -5.326503869549179 -4.24195922860686 
70 -5.895625404048409 -5.935059863384835 
71 -5.224646480888006 -5.157724867359214 
72 -3.6161873804213314 -0.547671100112498 
73 -5.517359971847998 -3.191820999344532 
74 -3.2018905778557714 -3.7125922321896714 
75 -5.218006311836752 -4.045392558987022 
76 -4.745171484940186 -4.967518544291586 
77 -5.951695442877356 -5.306919541397877 
78 -2.8147477133916254 -2.822521414934914 
79 -1.5950664748372598 -1.5975394093996762 
80 -5.114968527952219 -4.6810475893158445 
81 -5.482658720543723 -3.0880008891419273 
82 -1.3338587111607472 -1.4550157423135808 
83 -3.2928186678363964 -2.7749922683266757 
84 -0.43568198406435693 -0.4408888898081339 
85 -4.500704063678423 -4.51506051104423 
86 -1.0019315435181602 -1.0033261200318562 
87 -2.679025744246314 -5.042570895882738 
88 -5.179630753477118 -4.570362060226521 
89 -5.252977972325 -3.919129764923424 
90 -5.760553690110451 -5.0998189303531625 
91 -1.0721100409842765 -1.052601522946522 
92 -4.90605036257518 -2.467611348078291 
93 -0.822676305830669 -0.8269321560445384 
94 -2.364606349503997 -2.8505731411531126 
95 -5.63910921016597 -4.567349973411219 
96 -5.686671574028388 -5.468143585678808 
97 -1.7776197188649254 -1.7857954766822979 
98 -5.125459859822587 -5.213974677696 
99 -1.0769724041088264 -1.077144489518059 
100 -5.818501424086892 -3.8776586332259675 
101 -1.498208239910411 -1.500541846323674 
102 -6.272025376497166 -3.798244047250552 
103 -5.242248954706989 -4.396986156234302 
104 -1.0269701319469249 -1.0290174407964643 
105 -5.4138332333665575 -4.803051497000617 
106 -1.3421512469176686 -1.9915579637617904 
107 -4.328543508708455 -1.7727770399840421 
108 -2.742548465623752 -2.6053845606008075 
109 -5.792832329915994 -5.118815290716551 
110 -5.179118812643426 -4.871963554652003 
111 -1.4776989012177597 -5.737608685891448 
112 -4.5026017493182335 -4.894827513500816 
113 -5.431972156266041 -5.0311484116469245 
114 -5.034471008947177 -2.895825325305132 
115 -5.561555304042498 -4.924426277876855 
116 -5.333004464201051 -4.917211364111957 
117 -5.463647232416881 -2.8443858397353123 
118 -2.3816497557171052 -2.237034694072341 
119 -4.430607185166386 -4.4828964593465805 
120 -4.244035527439188 -4.596253798668402 
121 -5.1231931899799035 -3.509633698307443 
122 -5.053244484182775 -3.6502508398738462 
123 -5.23722399442819 -4.768501376132838 
124 -5.126017570795365 -2.2462418123138277 
125 -3.727669054861486 -4.573065365721316 
126 -1.0429257584448128 -1.0362218327126231 
127 -3.679392635529038 -1.460183406628344 
128 -3.1929970739440128 -4.618881774305351 
129 -5.0080402833453315 -4.62675189977747 
130 -5.0995616243643624 -5.525740355365515 
131 -5.188370565219581 -4.966729515141511 
132 -1.5609095075472827 -1.5673740689646618 
133 -1.1373862815818456 -1.0338696210643123 
134 -4.376998936673496 -3.7717358687816582 
135 -4.216842211326329 -4.784927526399091 
136 -1.697014985189883 -4.878334455505562 
137 -5.999877388790355 -5.501692572146737 
138 -1.3428202452048916 -1.3375866317977707 
139 -1.1501474629741402 -1.1508092701799308 
140 -1.5624877843574643 -1.5739729392681023 
141 -4.776385474886135 -4.831679511781638 
142 -5.585407430160191 -3.9081795354760738 
143 -5.032381435380063 -4.493901231022664 
144 -5.628495849254249 -2.237850715377182 
145 -1.2662606417431912 -1.2925951183628983 
146 -4.790240226776455 -4.702753344951349 
147 -5.219726545197531 -0.5254291010598101 
148 -0.4103824690644892 -0.41352991571992065 
149 -4.779856106381387 -6.192505112497236 
150 -1.4955296914583398 -1.497909561422489 
151 -5.0716356283865816 -5.179324938963507 
152 -2.783662756327083 -2.8645802948442505 
153 -5.014840888462622 -5.144053834917141 
154 -5.487690422469548 -5.346525145690158 
155 -1.736825865195659 -1.7481579204722444 
156 -4.12276645840768 -5.57750038089229 
157 -4.589008923023881 -4.542443491953881 
158 -4.891823633959089 -4.3475334077906425 
159 -1.3814861473053772 -1.2074378453111112 
160 -1.0005129480375297 -1.0052071475979822 
161 -4.349949699202928 -3.9306575350510795 
162 -5.325819130071055 -4.80085582604009 
163 -4.536151235588267 -4.283337857273425 
164 -1.331199120137236 -1.4822170710595424 
165 -1.3405513243137936 -1.3335156338080703 
166 -3.2958739769333576 -0.4120313048341513 
167 -4.784226973803607 -4.760719711093181 
168 -4.250076707964362 -4.024146313894602 
169 -5.078380957971433 -6.938944659311994 
170 -5.162529608588066 -4.561739445664988 
171 -6.807230835465413 -6.208010985767737 
172 -6.192334574301446 -5.136598370870199 
173 -3.2197195174781257 -4.029919277622144 
174 -5.067305760382067 -4.938775185877387 
175 -2.803435459945453 -4.074428801947506 
176 -3.8638403966735075 -4.8048493581932386 
177 -1.0992977829614548 -1.104016380615353 
178 -3.198906001372742 -4.9757549723101775 
179 -5.147112788882218 -4.932975117662774 
180 -5.309034448959216 -5.040388801207282 
181 -4.945588448165423 -5.25970382870035 
182 -5.407005646679319 -4.5764269843457255 
183 -0.45658948090009915 -3.896110475619108 
184 -3.294648946683135 -3.558225416471237 
185 -4.491844489159721 -5.250272232384496 
186 -6.26844599281445 -5.465722347323495 
187 -1.0624959904205318 -1.9946598658647885 
188 -4.418296040694021 -4.341819280844657 
189 -5.6476771615941255 -5.781263888862663 
190 -1.5327570915930402 -1.5446852976250387 
191 -4.63358379142739 -5.796515405702058 
192 -4.981067664214442 -3.3645304385818258 
193 -5.569337096395351 -5.5649683330811115 
194 -1.7776032011076182 -1.232650418075923 
195 -2.5334285383489417 -2.596995207376237 
196 -5.036389771563422 -4.458614567619292 
197 -3.5991649352256423 -5.532484399869336 
198 -5.115428949728031 -5.014894120815601 
199 -2.9590687067332735 -2.9247604341044733 
