0 149 83 77 62 83 83 41 59 80 68 83 199 199 199 
1 89 68 44 59 77 65 59 53 65 56 68 80 155 199 
2 125 83 41 50 59 53 62 29 101 122 98 83 149 199 
3 125 44 65 50 32 74 110 68 71 59 50 98 199 199 
4 199 149 80 92 80 80 65 62 65 101 62 68 89 199 
5 113 95 68 89 59 59 107 8 80 68 86 74 110 199 
6 116 83 119 65 71 83 77 80 65 80 65 146 92 199 
7 101 80 68 35 71 98 59 59 47 68 68 50 199 199 
8 167 140 74 116 74 50 56 62 65 68 80 116 199 83 
9 176 65 65 68 65 74 71 71 89 59 80 113 83 199 
10 65 56 41 68 98 62 74 56 77 128 5 122 167 199 
11 199 98 53 47 59 26 65 74 113 62 59 89 199 199 
12 104 116 65 47 53 62 56 74 80 71 101 71 71 199 
13 199 161 74 56 71 50 68 62 62 74 41 92 170 158 
14 80 77 71 86 71 59 23 56 74 101 80 101 77 185 
15 56 56 47 35 26 62 32 56 59 155 50 77 32 199 
16 137 68 35 29 68 56 59 65 59 17 80 137 152 199 
17 113 80 65 62 74 53 53 95 59 80 77 74 89 47 
18 83 44 92 68 98 59 59 68 62 65 50 41 125 199 
19 89 62 74 65 50 65 59 44 59 23 74 98 89 199 
20 199 107 62 50 59 20 92 62 77 80 77 68 119 199 
21 80 92 65 62 83 68 47 107 71 71 62 95 68 199 
22 74 71 53 53 74 59 44 56 68 110 68 62 71 199 
23 80 38 59 17 65 74 74 65 59 59 62 71 98 199 
24 199 68 35 71 59 104 62 50 98 74 119 32 167 199 
25 44 56 65 59 71 53 38 77 77 47 38 113 68 65 
26 77 29 62 59 65 50 59 56 71 44 80 128 80 199 
27 176 59 74 56 65 71 50 59 65 59 59 68 74 199 
28 107 77 38 65 23 50 38 62 47 68 77 122 119 199 
29 182 134 71 68 65 101 71 47 68 62 74 122 155 199 
30 131 62 44 128 68 53 104 53 53 86 65 74 170 199 
31 86 65 68 83 62 47 53 50 59 80 95 59 199 199 
32 140 62 50 143 65 59 98 65 50 68 59 68 68 98 
33 98 65 98 53 53 56 80 44 86 41 83 77 173 199 
34 199 62 68 44 71 74 65 56 77 65 155 92 199 131 
35 86 65 80 65 50 80 65 74 74 59 92 83 47 140 
36 71 56 53 56 56 74 50 65 86 140 77 71 62 199 
37 104 59 56 68 53 65 59 56 74 56 65 62 98 143 
38 199 65 53 119 137 59 47 65 68 62 62 65 68 199 
39 197 65 83 59 74 83 59 50 35 95 86 92 143 92 
40 116 119 65 62 86 62 74 59 17 68 101 77 74 137 
41 119 59 41 71 56 53 20 68 74 62 65 65 119 199 
42 182 74 38 68 68 68 83 101 131 71 50 56 199 199 
43 107 59 41 59 47 44 35 68 65 59 74 68 131 199 
44 155 92 65 29 62 68 56 59 59 125 77 86 140 89 
45 110 59 65 71 83 68 59 56 56 62 77 80 167 199 
46 122 86 98 62 74 92 47 62 71 65 89 47 199 199 
47 89 38 56 98 56 29 62 59 50 50 44 80 199 122 
48 188 83 65 86 89 74 74 65 71 11 77 113 101 41 
49 119 77 59 53 50 92 56 44 47 68 65 101 137 59 
50 59 38 62 59 47 74 44 65 50 68 104 92 199 134 
51 199 128 62 65 62 53 68 65 56 128 95 77 199 188 
52 101 74 62 62 86 59 44 53 74 74 155 59 199 199 
53 199 134 77 65 53 89 47 59 62 77 32 74 62 131 
54 199 71 56 74 77 32 59 68 74 104 86 74 83 199 
55 83 56 38 62 53 59 59 68 68 53 161 92 77 199 
56 77 74 47 47 62 71 65 65 53 86 86 101 199 199 
57 107 104 80 68 71 62 62 56 53 80 149 86 92 199 
58 179 56 56 62 59 83 44 59 59 65 68 110 199 161 
59 101 74 62 53 80 68 68 62 56 62 59 68 199 199 
60 113 29 71 44 47 53 50 80 77 59 56 74 95 92 
61 140 59 59 86 56 65 74 80 59 53 80 77 199 199 
62 74 59 53 62 62 92 77 83 41 53 113 107 68 164 
63 197 38 56 38 53 20 74 41 86 68 122 86 199 199 
64 199 56 65 68 77 77 74 65 68 62 77 95 149 199 
65 188 77 62 56 56 56 68 74 56 50 74 68 65 199 
66 125 77 53 80 41 74 62 56 56 56 62 101 77 194 
67 80 71 32 38 71 71 68 65 104 62 80 98 199 199 
68 122 68 29 68 77 65 56 65 74 59 83 68 191 199 
69 113 92 68 71 77 68 59 50 47 44 50 92 158 199 
70 199 80 50 44 77 65 47 62 59 68 59 62 77 199 
71 131 59 44 74 65 53 47 44 74 74 56 62 179 182 
72 95 68 65 59 62 92 44 68 77 77 68 80 173 199 
73 86 71 56 74 53 68 83 56 68 95 74 83 199 199 
74 95 47 50 62 50 56 50 65 53 128 62 56 95 199 
75 95 68 59 29 122 68 68 41 104 71 77 92 92 146 
76 152 86 68 65 68 59 74 74 59 68 71 125 62 199 
77 65 56 56 62 71 86 32 56 41 95 50 199 47 199 
78 199 71 89 65 44 50 68 50 53 95 62 62 68 199 
79 199 47 125 77 65 53 80 65 59 89 68 101 199 199 
80 199 122 71 59 71 53 65 56 44 65 71 199 167 77 
81 41 62 65 74 95 68 47 71 71 77 50 71 199 199 
82 119 74 50 53 77 101 80 92 68 77 98 95 104 199 
83 17 56 56 68 77 74 53 53 116 68 80 71 50 199 
84 125 65 59 62 59 50 68 80 32 68 71 50 199 199 
85 110 95 74 77 68 44 62 86 41 74 65 65 110 199 
86 71 59 74 35 68 71 83 77 65 95 47 131 68 125 
87 152 59 59 62 62 62 92 71 89 116 98 89 161 199 
88 131 107 74 80 50 71 56 62 62 80 77 50 199 197 
89 110 74 53 59 53 65 41 65 53 62 77 71 86 140 
90 199 56 68 59 71 59 62 20 62 56 56 56 71 128 
91 199 71 56 41 65 41 101 74 35 56 89 23 146 199 
92 92 71 44 71 92 74 92 29 80 77 68 77 199 116 
93 119 89 125 17 56 35 86 59 68 83 101 32 199 199 
94 113 53 77 53 74 71 8 32 74 62 77 107 98 119 
95 199 128 74 62 68 77 65 56 74 74 71 71 62 199 
96 134 35 53 77 35 59 53 47 65 65 68 98 199 199 
97 116 68 65 65 74 65 77 89 74 56 80 86 199 199 
98 199 83 77 59 59 59 50 65 50 68 134 122 164 92 
99 199 65 68 47 53 50 71 62 35 53 86 110 199 199 
100 77 62 38 62 68 56 74 53 68 77 62 122 119 158 
101 199 80 74 98 98 53 68 77 59 77 83 74 188 199 
102 80 50 32 53 62 71 44 65 56 56 65 65 68 199 
103 167 83 74 50 38 80 47 95 50 68 80 176 146 199 
104 95 83 83 68 56 11 53 65 59 80 53 101 155 199 
105 199 101 92 83 68 8 74 53 8 80 68 128 125 199 
106 107 71 98 53 59 89 62 44 59 53 74 83 98 199 
107 179 101 59 68 44 56 86 65 71 128 80 71 199 92 
108 199 68 68 59 74 77 53 68 71 74 101 128 83 62 
109 80 71 77 74 56 62 71 71 77 71 92 110 179 125 
110 146 125 86 92 53 77 41 68 68 59 86 131 101 199 
111 80 44 74 74 74 38 59 71 53 68 41 56 146 199 
112 116 62 131 83 56 65 62 29 68 68 41 86 23 199 
113 199 131 110 71 80 59 68 53 50 35 56 68 191 199 
114 125 68 74 77 53 56 59 89 44 86 56 47 92 199 
115 83 95 47 80 59 68 59 56 62 53 71 116 199 199 
116 65 47 65 50 83 68 23 56 77 59 41 125 119 199 
117 199 119 74 77 83 50 65 74 80 89 71 107 104 199 
118 95 68 62 77 44 59 68 62 107 77 131 107 98 199 
119 95 68 29 77 65 86 53 62 68 104 71 161 197 152 
120 140 146 77 53 56 53 56 71 74 53 83 62 74 119 
121 83 101 86 65 68 71 68 50 68 80 59 62 134 113 
122 199 68 65 62 68 41 71 59 77 68 59 92 98 199 
123 95 53 59 29 62 59 26 62 59 77 71 62 113 199 
124 173 65 80 62 74 53 68 47 71 95 74 101 199 199 
125 113 62 44 56 62 65 62 47 62 44 77 68 62 113 
126 98 59 89 68 65 59 56 56 38 74 107 125 199 53 
127 199 86 65 92 62 47 44 44 74 65 83 71 152 199 
128 71 65 80 38 59 53 38 77 86 77 74 92 74 199 
129 152 146 65 56 65 62 92 53 65 98 65 74 110 199 
130 137 71 98 86 95 59 62 56 110 77 89 113 125 199 
131 199 71 29 104 92 59 86 47 104 56 71 152 199 199 
132 161 77 89 41 65 41 59 71 35 68 38 104 152 77 
133 80 62 53 62 62 50 65 71 65 68 65 89 95 188 
134 199 98 71 71 71 56 65 44 83 62 86 80 62 199 
135 143 65 59 68 65 47 71 56 68 35 89 199 199 107 
136 199 80 86 59 68 56 86 62 68 74 83 170 199 199 
137 80 83 98 38 86 68 62 53 74 41 77 56 62 199 
138 176 74 59 62 65 47 41 92 56 50 68 98 199 199 
139 199 98 50 20 71 65 62 50 77 65 71 140 50 199 
140 80 38 50 56 62 71 59 59 56 56 107 134 176 199 
141 173 86 92 83 65 41 50 74 56 71 53 65 122 199 
142 113 71 62 62 65 53 59 80 68 59 95 83 77 199 
143 199 125 83 32 44 53 59 62 62 92 68 110 98 173 
144 86 41 53 74 107 128 59 53 56 65 62 152 104 199 
145 199 68 47 62 59 95 53 71 83 74 59 101 199 199 
146 167 77 83 80 83 77 59 44 68 116 80 77 95 199 
147 199 110 62 65 110 62 53 59 59 71 104 86 92 199 
148 199 77 65 77 56 53 62 65 47 71 83 83 149 199 
149 199 59 68 59 83 20 62 38 74 107 125 86 74 53 
150 122 59 134 65 38 92 32 65 50 89 158 107 65 199 
151 194 104 56 65 71 68 23 50 113 56 71 89 158 199 
152 116 56 50 74 71 65 71 50 83 59 71 74 199 199 
153 158 65 50 47 92 68 65 65 77 35 50 131 199 199 
154 134 71 59 65 74 47 68 71 59 62 62 110 194 152 
155 98 47 71 101 71 98 53 65 77 65 128 47 199 199 
156 134 95 83 74 86 116 50 53 47 77 41 80 182 140 
157 199 65 41 71 68 53 62 62 74 74 80 65 128 197 
158 104 17 47 68 56 47 53 68 41 62 68 89 104 199 
159 199 77 59 65 56 62 47 59 83 68 98 104 182 199 
160 161 92 59 59 71 71 68 92 41 89 86 80 191 199 
161 86 65 56 74 80 23 68 53 80 128 83 119 199 199 
162 83 68 119 62 65 44 74 116 89 56 83 83 137 199 
163 173 95 74 62 68 47 62 65 50 59 65 83 62 137 
164 167 56 32 65 74 62 53 29 47 65 122 80 199 199 
165 89 119 74 50 65 20 56 44 65 44 59 107 20 199 
166 89 62 98 68 65 71 80 77 74 65 47 92 101 17 
167 107 77 86 62 68 56 65 62 56 86 80 86 199 5 
168 191 83 77 59 53 62 53 56 71 68 86 65 170 199 
169 199 146 68 59 89 56 62 68 62 56 113 65 131 11 
170 107 65 68 71 71 71 53 77 65 74 68 92 125 199 
171 199 74 50 92 62 74 59 86 56 74 41 47 113 199 
172 143 62 68 56 38 62 38 44 59 23 56 71 86 199 
173 80 59 44 56 53 35 62 89 77 77 68 89 167 199 
174 199 59 53 80 83 62 50 62 56 68 83 62 83 199 
175 119 53 56 65 20 50 65 53 59 47 23 56 62 74 
176 50 53 53 68 83 56 74 65 59 83 125 74 176 199 
177 161 68 38 56 68 44 83 59 62 47 35 83 98 199 
178 152 47 59 56 59 62 59 62 68 74 62 131 110 199 
179 92 56 74 53 77 41 59 65 83 77 83 170 199 199 
180 101 56 41 53 62 71 80 83 62 56 59 95 53 199 
181 164 71 68 89 80 65 68 107 62 74 119 86 161 128 
182 110 62 59 41 53 20 71 56 65 113 98 143 182 199 
183 95 44 86 56 62 74 77 53 68 77 77 62 137 199 
184 104 68 23 62 68 29 74 80 59 38 56 59 53 199 
185 173 62 56 50 59 98 65 71 65 65 56 92 80 199 
186 134 83 65 50 65 56 71 59 59 59 62 53 71 199 
187 199 47 59 59 74 50 53 59 74 83 65 170 199 199 
188 182 98 71 62 68 92 77 80 71 86 71 80 47 199 
189 173 59 56 80 56 59 35 83 68 65 68 149 86 191 
190 68 53 68 65 86 71 71 65 83 65 65 101 164 164 
191 199 59 83 86 47 5 47 89 74 65 59 179 95 191 
192 199 98 68 68 47 83 14 68 80 74 62 110 83 199 
193 113 62 62 32 68 62 65 68 155 65 65 62 199 199 
194 199 53 38 47 53 5 77 71 50 65 68 86 137 86 
195 95 53 71 74 41 68 68 62 74 53 83 161 59 199 
196 83 59 56 59 86 59 56 59 68 89 83 164 182 199 
197 199 80 68 71 77 56 47 80 56 71 170 89 199 199 
198 101 53 62 56 113 71 80 59 59 59 110 199 199 191 
199 134 95 86 74 50 71 50 68 65 74 59 199 164 161 
