0 0.26110810727412437 0.2239939018996242 0.19626948370051078 0.25603478608058516 0.0003901337584260034 0.19075530903383253 0.1980146469416988 0.1913861317215293 0.18754902342458513 0.0019772036455720787 0.0033933723667496363 0.013614201070116794 1.9306639578409928 0.3164996365426902 
1 0.22438925476699723 0.2242415122027801 0.24477100461129675 0.016932767511251834 0.19026999724024019 0.0059007694405186495 0.2254355297292978 0.007255856184143816 0.0011328664564749236 0.21922524516996367 0.002633935301174617 0.19206284051047873 0.0012595489483699929 2.7576112024302364 
2 0.42712008778016464 0.0010067402590143715 0.22347802625321322 0.014365796863683 0.004067127990610597 0.19574077532345835 0.1936638389431642 0.2775615026464182 0.0015173140650512895 0.1973820701148601 0.005859938219286098 0.21408072960890845 0.007440937466320241 1.6002180571511522 
3 0.23104066101056597 0.21138174983485136 0.19301859541967814 0.19582952400735687 0.23551259777706024 0.12654300874017999 0.00019929227213588696 0.0012495322788748098 0.19228755673298004 0.0033726940865519417 0.018345644753971824 0.0027586781204020916 0.18742291918501275 2.553215566151931 
4 0.11176854465409103 0.0010444776056950378 0.0010109132789464237 0.0009504316341675256 0.004751875051272947 0.003992344298311634 0.21646634357668026 0.44399786773644623 0.012747602295206883 0.0006260942849323214 0.003431142072815696 0.002186085185412745 0.0013085605376674803 0.008174112321543303 
5 0.26088348114101834 0.2530841011077478 0.003877991022209981 0.0009115240767052502 0.38350110460467723 0.381565821787603 0.001482618506257305 0.8732513409396732 0.0009252548498954738 0.0010890032294106344 0.007034989840271733 0.21329177001781185 0.0126632818205763 1.4370542913373856 
6 0.41396168467073724 0.38189795973152796 0.22267193002685648 0.22493669710864816 0.219352457591667 0.001315616422889132 0.0014393098913334512 0.00032601495547512904 0.0021939614806207874 0.00434116163256415 0.19517975708625235 0.002449953596636467 0.0015118551661634783 0.4209895772896619 
7 0.19392372036068606 0.19299805602776443 0.005313600937561391 0.2262255674713869 0.0010632200996505414 0.002182994109792613 0.0036292243400779522 0.1931005877173555 0.21777017060889037 0.21249966004726817 0.0012066226603957286 0.0082609201468129 1.4056857683280692 1.8668409167938247 
8 0.22797960446841414 0.21718521951009584 0.32676994829742756 0.0013668520129863637 0.0021474123899760666 0.009734873647047504 0.19339427662630926 0.18898908262856295 0.22835864481615942 0.22706722759028541 0.19613697044825584 0.003221712448377767 2.157364402523098 0.07992899723942615 
9 0.22604215036143338 0.22397499923191955 0.22447840234092742 0.004697262111815315 0.002854672635602462 0.0019936654262706632 0.0011422754989278694 0.0011022947652390425 0.0005980414805197842 0.04231328605546092 0.007141340552711428 0.19165322938183338 0.0008880592510356333 1.7062362635176078 
10 0.20120014880277615 0.1949065453886003 0.21067171556330933 0.19313720161138992 0.002368647639775512 0.22425406802471493 0.18839793100716973 0.22696005917984285 0.22348460355935895 0.0010021780551567883 1.5046756606915062 0.19154324609066053 0.002543948233405091 2.202354868257923 
11 0.24224680370142093 0.1899785332861088 0.1975344462140054 0.1973608936750424 0.19238399759410107 0.26551066963478287 0.0014893892145793064 0.0005023579374194842 0.0014233407656412123 0.19181742576479643 0.20332645239519098 0.005869321040761433 1.2935235247290315 1.70412533890832 
12 0.22798800855820667 0.19131951862446828 0.19311811483728225 0.22844521992299072 0.1971310019347443 0.1937870386021152 0.00933282117627976 0.0010297740703830716 0.0015755918249518164 0.001889366816270277 0.19171074174884217 0.008207413314801792 0.014042141289939858 0.09629021311816421 
13 0.2657881739062411 0.0014450861530019843 0.0051259486395929255 0.0050242255866963514 0.005382714748293216 0.2279689535957563 0.19410727232684732 0.21292214576346402 0.1908350293636467 0.0022320659050392155 0.3258081268087054 0.07884857323952033 0.011114682160368039 0.20397341114445244 
14 0.22639146533891874 0.22391117888147094 0.00245967056087526 0.015336816271080078 0.192902632708702 0.0050382736900791425 0.18309791491442207 0.01635971778708334 0.0019582256379748753 0.001457583308784871 0.000977144442996014 0.0002866345078493815 0.0037235063469647223 0.22944481314646104 
15 0.26176113899389986 0.2605600046491585 0.21608810556979674 0.2177038411852128 0.25489034030651014 0.19244972560932117 0.26620371444785174 0.0013937577591212058 0.1887438951283673 0.000681226966179338 0.008359239071239255 0.0005406491633428434 0.2406930336349098 1.2616352641744673 
16 0.22796534922956013 0.001623750608753749 0.05682391705629364 0.0924962962923026 0.0014820644401847272 0.003524196559054893 0.0029357988060669804 0.1954379921665501 0.19590057159809038 0.6599733771291232 0.0022639349536894837 0.0027483640945704657 0.0030965701752241337 1.858746170079555 
17 0.25890083686338494 0.2199889180322232 0.0035486801503255005 0.0021043246825640516 0.00038368676236943955 0.19161106287697005 0.2575325856455597 0.0003634188186840692 0.4071586571359904 0.19081320733023244 0.18808880004272166 0.002519670414372399 0.0011102110322849246 2.00579045678509 
18 0.20391772144850617 0.21147353616299824 0.003848902298032364 0.001885664552033095 0.0001620786786660222 0.19047933506277404 0.00306548057720768 0.0007308189232846374 0.18920964627305947 0.0041066286680362385 0.22195959630067863 0.2501388500898707 0.2953292895070463 1.3419035520113836 
19 0.42496794952182215 0.011127534691933283 0.0008488816183500614 0.002078842517542201 0.008640801843853518 0.0025142875847221635 0.22498306299646043 0.03376608040950568 0.19194931052709108 0.38208752931058587 0.016305712034034414 0.004192415876919098 0.20910078078400463 1.9879762773559146 
20 0.023208947709456362 0.000284212771517689 0.18903188696488793 0.19103168238533996 0.18911021737840095 0.3914740931228857 0.0021601882771549175 0.0021421924195454967 0.0011795310345992238 0.1909656032447551 0.004078710996458623 0.012590188761976817 0.0022799769092960442 0.061440672315873135 
21 0.19844001603839145 0.0002277039720441909 0.21542797115301737 0.19372729940228428 0.0013135692966443901 0.18862451797730562 0.02557657878585351 0.0010295972444780421 0.0030010185554325552 0.0012388805663761104 0.003621202144718838 0.004550639637892484 0.05657798122993496 1.8203326387132268 
22 0.1964395560177261 0.19237049079956559 0.22928361368754224 0.22203197706023348 0.18713865991862066 0.18923512747335947 0.20511635138412632 0.19446834237548982 0.192694433885352 0.19215334060489853 0.0043679802052414285 0.004997979829438837 0.0012904914285258862 0.46679311434333703 
23 0.22596269863813623 0.24602546135426584 0.2240521627433738 0.4416932129391238 0.22433389722542096 0.001198969185448151 0.19333855846943226 0.21282876970030018 0.008093471089737792 0.2253109914478375 0.002777446412209228 0.003754579995033147 0.0037832715884342782 2.4654071872273855 
24 0.07115652135871642 0.2483003738930707 0.27509522617217885 0.0014415954932107677 0.1926220531605045 0.0013149927155187147 0.0037720836961572246 0.23413099089291878 0.0045974047612442615 0.18838000769176078 0.18860168757373197 0.36081967686620553 0.002010558810995766 1.5897987373536997 
25 0.2472917942459818 0.22534379825026596 0.22382071051092023 0.22481563079086775 0.22314469503469803 0.22693309251240157 0.24673646946792194 0.2246289690158596 0.0019382180343401334 0.19935308800559293 0.04570682081217692 0.19336187520303727 0.027916318290136743 0.254007466384053 
26 0.22788331092412184 0.27653404952879757 0.2250434155189862 0.22693728597317642 0.0035888453673647014 0.26416572661491133 0.007574874770788442 0.19578082346484238 0.1903507381832239 0.023390375208234948 0.1885680494013715 0.0014111031895411852 0.003088673455043711 1.5316856420755478 
27 0.0051638822934969575 0.008516377458049229 0.0017837192000580426 0.19619723441046633 0.19331727563886325 0.0012455451727397815 0.2161891466722221 0.21424324222631363 0.001813442513874275 0.0046085759107499236 0.21513599217476198 0.002814093223868497 0.002704929512338028 0.0039820598513662375 
28 0.2280338826460948 0.22318365843453702 0.2658709328391182 0.010725438602430915 0.3044898199665649 0.2007766229105692 0.22303070692612836 0.0012402498824526376 0.014613365676511059 0.18868464088797965 0.1926454610699435 0.1880478201123148 0.0016917012269532794 2.2198635353843885 
29 0.1988719092954594 0.2583308351754585 0.25766103949240793 0.2214742726461889 0.00723353499373891 0.0014277861160361116 0.001404221645552317 0.1973673081439553 0.0019458512606993494 0.0037193127408390314 0.0017399234087467352 0.0029342565839516332 0.012218404361329593 0.2875082457341809 
30 0.2289188724832929 0.22505745960771617 0.23218753425076444 0.0006114895407998144 0.3800198623468898 0.38280672799422 0.00017183977975898657 0.2567863271424913 0.21782587926811692 0.004916543252466932 0.21368723377985055 0.005075030094893851 0.20134436317913162 0.04338191331568275 
31 0.4299963487938714 0.19388236637020273 0.19468867721313865 0.22002785511967948 0.18970232524761577 0.26545429342222215 0.006762485227063797 0.19959359895949036 0.19535743122793825 0.0007872748648261041 0.0024094437269235325 0.1352140650111926 0.3876226890390069 1.4429348380559355 
32 0.26502387180857845 0.2256608733633203 0.22958038940497905 0.0006049509366070627 0.19215889905264216 0.1929957279656851 0.19181234398928915 0.0016384528387496378 0.2017558476449035 0.0016003344265806962 0.40767725600252325 0.004884133132194934 0.00414288344310032 0.0021079660408422907 
33 0.23187347017605964 0.2238807571672239 0.0037395746012469644 0.009370445551108553 0.005068011434820718 0.002385036550297537 0.0006509371449339163 0.02766077088776009 0.0010377635098697269 0.22549959418838172 0.0007656298732023892 0.22710681705321734 0.0016668251324858385 2.0817290448343884 
34 0.22934834814803606 0.22511222742172654 0.0037028341218912075 0.2037687442714331 0.0011961077570463718 0.1875897520932277 0.003173578868761462 0.21633401533829777 0.19062018949942017 0.1968515442288894 0.0011459250984029445 0.24506488750666344 0.2397918491560087 0.19124844989541634 
35 0.22596187878702745 0.2239382302723476 0.18720175325966926 0.18812169462812545 0.19324613694747428 0.0003493836477048706 0.005076792580210876 0.0024141581428340775 0.003221362609419298 0.0037617804912806196 0.0060802160375388326 0.0006234508134836947 0.08332670016820543 0.002036116900820284 
36 0.41214890365191525 0.41055863761086475 0.23076630797568032 0.22975752363582513 0.2192710973174974 0.2144625208791906 0.23049610107541318 0.01860920208756567 0.19204309026205912 0.21195052967939065 0.002244316669468338 0.004463301797025254 1.0735230295784421 2.577817648305227 
37 0.22687227670656407 0.22524998517708528 0.22582881532390453 0.22327616488930935 0.010055061533182252 0.0018847487891446857 0.19358409084548311 0.004881525641575513 0.0005700865755717821 0.007748808829183718 0.22668189017777118 0.014467628337521798 0.0033680650211795893 0.21358696517711206 
38 0.3201120214847819 0.0030930824612780405 0.004768226471179249 0.000773946654977653 0.002504932944434435 0.22395119748567272 0.23566580880146026 0.22390658670337005 0.0015584215821382585 0.010236469137766768 0.22880464336374873 0.19384591274463325 0.0029117695116607223 0.6537830908672448 
39 0.20824362270905117 0.23059569769612165 0.0009223370556283861 0.0028451705096910196 0.0005081643452304885 0.0029500376017665975 0.0057410721108672735 0.012662893023764887 0.2619436662906429 0.0030629810681064296 0.3801631928235105 0.004174501861867519 0.0021525892300708893 0.0025272959340487677 
40 0.3340034302416417 0.22361612219231497 0.4418784037520742 0.22608766841702232 0.0009032752703699298 0.21826355505855344 0.21835986837433863 0.004252187899359772 0.5436729226839845 0.19698147088769202 0.002458126897541879 0.17472777934253236 0.1959951814284675 0.0012374908615431224 
41 0.22896085541969313 0.2271850468944796 0.2468025479145779 0.0017363782854644683 0.03237958016748266 0.22578824968566913 0.483747088904142 0.1936143475412775 0.00469322248267523 0.1292959989504472 0.0020095318670212414 0.004665380615742842 0.011784736288846576 1.0987980552583703 
42 0.2748652107923124 0.19287772471431608 0.23429245260353415 0.18845999618522802 0.0013265364400461 0.19230966437811992 0.000566083657739469 0.0008168756289252954 0.22317952419763598 0.21307846666603947 0.007495017042727481 0.19425079629561326 1.2362318195514752 1.9954717098095567 
43 0.22729613262509352 0.22454135615310955 0.23366069933316402 0.005766570228278978 0.2046072823086682 0.20392045946446924 0.2314352807646447 0.0011012166808808121 0.002264440542160795 0.005183448719923156 0.00116208950551977 0.002189811635020522 0.0009158403342630628 1.7281632722590223 
44 0.004171379179100043 0.0005730403829302677 0.006580492428022389 0.2715896394142667 0.002679056423977144 0.22405344840783026 0.2570195435340057 0.004967759219848045 0.004199871662204924 0.0015694591578452322 0.0008834268740147699 0.004111713773508274 0.005498574930118849 0.19326850068026968 
45 0.2729010979195243 0.2613312624988686 0.25829189631717986 0.0015781946796185053 0.19020594145537428 0.002380878751677029 0.25488416774480194 0.18986559232393252 0.005373486440330977 0.22542324795030133 0.0061979436263599474 0.19251641116257634 0.0027861814606677804 2.0012517946837396 
46 0.006932131937841701 0.0012906691369440892 0.0038841997354395197 0.21382652165496463 0.21283217501668172 0.21381755206739306 0.23453170375921428 0.22523086761465927 0.00037779243652802386 0.22413841997454087 0.003378767895038326 0.012045038700610577 1.3633327294755873 2.2653354697929515 
47 0.2591681381635682 0.2882212873754022 0.25191199229388417 0.19119558569678707 0.22436835763867835 0.2657665708637402 0.1877384582415651 0.006115363499286319 0.19619279070211815 0.012260390060691906 0.03245901624552339 0.0030770278322449496 0.08791062399080563 0.004888146440551244 
48 0.008948580345775614 0.00045344717892303876 0.002993242686929909 0.0005190372274848087 0.0016112348260148845 0.0010530646226030171 0.1264548320819936 0.2132084631575235 0.21545112881089112 1.1279574796389717 0.0020091304000882104 0.0012961712556578409 0.2021433903345471 1.699647439244984 
49 0.22616982243922634 0.223126333996446 0.22439006866126232 0.22769036233236206 0.22997785856194852 0.0013766942568975704 0.2270305525566949 0.235316107958774 0.1987276457009095 0.22406388825052304 0.22500825614489894 0.25211256524909964 0.1985966884623973 0.018249809980687814 
50 0.22927705499570816 0.24814869837357745 0.22395311168733945 0.22451829725964445 0.23314453527283452 0.0011935654844377197 0.015237848939781529 0.001873616733411465 0.19832070216339748 0.0019348598797928052 0.0028441362042059826 0.009249303450631352 0.18827696064999677 0.002626127176591053 
51 0.23124537549015867 0.00016699471379300057 0.005424925466337438 0.002314133729044432 0.00305304631423553 0.015335812448467712 0.1923627754303714 0.003040194498578508 0.1946662624927029 0.2124519123024704 0.00028697826105550384 0.0035840221805889527 2.4493978257618556 0.0008235682211661377 
52 0.19925291960899494 0.19324057904297676 0.19424343153290202 0.1936771551901788 0.18937202324623947 0.0022031377355644644 0.23431168192574003 0.01148451156599628 0.18817115587139743 0.0021290912391163097 0.0041796391723503135 0.2218066158118024 2.711561406056158 1.951790795662752 
53 0.2795310157783897 0.2231027010807689 0.19033399598314427 0.19388468583024054 0.1952408412427704 0.1914206663378013 0.019099115511451048 0.19445877511272625 0.00823438200203519 0.01067027723995162 0.25853418525266525 0.0021158820043714055 0.005495236113914892 0.19029811205260994 
54 0.20766457215414236 0.18922502488990078 0.008363683301783054 0.0011481698597719525 0.002006483196239417 0.2705248186835567 0.19540961299661208 0.0014070464909601288 0.0004478506078631206 0.0005338086709252288 0.010458747266295365 0.1941884694867413 0.0025275453228053024 1.2561402458160758 
55 0.008541935476378937 0.008885577424708302 0.059955507432068345 0.005199714769974939 0.011058721958734141 0.005937951133374364 0.004131816099096852 0.2532555245790662 0.002141441877473671 0.21095315325942132 0.0002456243172046513 0.0005956714646719874 0.030498091422917373 0.8228249280619349 
56 0.25914747614444145 0.256634769542476 0.26707861629829277 0.24909256467072494 0.19288905461986472 0.19097654953645726 0.1929135859573925 0.21318109918429617 0.21843291028880207 0.001497609130900912 0.0013601201901090043 0.19123042125969025 0.4467882919521722 1.3955027092082286 
57 0.2583546153942635 0.12618085341039986 0.001299239714003031 0.002825397876293101 0.000872175004666742 0.19254680141683567 0.2257940966778098 0.1961533714621615 0.23862826978471996 0.2258841303037229 0.005112966089195314 0.01227329916995723 0.0005928898014451178 0.90615083873982 
58 0.006877922976566309 0.0063966167493147985 0.007909686197689503 0.004532511516730731 0.00266113430529602 0.001517957757938726 0.19120979622845424 0.19316983362285756 0.13029721296954833 0.1930939190102403 0.0037173526898823805 0.001278403537039896 1.7581807840003358 0.4497177124788445 
59 0.19322475676875817 0.1919538442203088 0.1933486362810901 0.19971484760479274 0.00014501000629518757 0.18877164125113133 0.007737631649766374 0.0015166751205388795 0.21497012834163165 0.00403897413998866 0.0022235029852970545 0.014441276529233438 1.0192600995242995 2.287988430843951 
60 0.22711845980435585 0.35259732896444795 0.1920733531023029 0.20413776551162255 0.20773632703006495 0.4107807237219987 0.21596279412699482 0.19144192945578564 0.0017362395652631424 0.1946715290274612 0.0062756025664114645 0.00389110067203724 0.026686526763928242 0.0049434194857189695 
61 0.2270207326106024 0.226686015749324 0.2247317780647491 0.2557327995119596 0.25970196559111924 0.002318656537014352 0.0017721244502608702 0.002518145640094671 0.22465614428497083 0.2004341647540353 0.0023746832828765996 0.001367784269388217 1.3125852140713608 2.641620186092676 
62 0.1973176525357585 0.19525147836309875 0.1996574977434895 0.0031922431346746993 0.0022031659492842692 0.001433934121152225 0.00042841048260156 0.0005994106329685334 0.29951648651447105 0.026092981108466917 0.001257568202935433 0.2121893020476695 0.009240327090628941 0.005279476778578873 
63 0.20198259477578429 0.2376895551584035 0.19771394750495364 0.21148356769552645 0.19527535445982802 0.3892796598698238 0.0011157750758690188 0.37594584283282617 0.0017567788352230718 0.19172548326664796 0.002612528201143327 0.19244890602280562 1.0757551399358067 1.9107524728982108 
64 0.3105631257920032 0.015088509851308274 0.0025632476779005042 0.003211489213767349 0.2235418233680695 0.000982336517842075 0.3798385986840005 0.18978080009350862 0.0020960417418400823 0.19301762439203451 0.21349876977032256 0.22308881885445664 0.23791681747041493 2.9133609427727576 
65 0.00891977106340236 0.2246020987210171 0.22543107748329483 0.19372878668743576 0.19321882208965402 0.007085449848750258 0.22353958238579974 0.1899371403669774 0.19450807260962866 0.1987896474080464 0.19240510313764192 0.0031784811752768594 2.2296880422230867 1.828120913867009 
66 0.26411442675910535 0.19222912590823715 0.19888711504689227 0.0003354680701825874 0.022555296307265715 0.0004723118589173847 0.0023040610956899243 0.00628697414730639 0.011834891631985034 0.19653326712694819 0.0009443053373363597 0.0011763735318270907 0.00409754508904725 0.3812098961093291 
67 0.4259919728714967 0.22113756425332332 0.32137953675672937 0.24454778457144677 0.2530412821667545 0.0022012896993339748 0.0011216687187118879 0.003350558215229116 0.0017883751523988245 0.016928160160490258 0.1941903492800272 0.22453547392707862 1.5925406471285668 0.059314823272005546 
68 0.224365903237159 0.22450863310655556 0.3838526316782038 0.22329122581375405 0.2235461180348215 0.22345121423620018 0.2242939760692606 0.19215688138824283 0.0006938196977528399 0.004425225435068958 0.0027248834869686434 0.20379304890919658 0.003909768518670864 1.2263643933581694 
69 0.19816105251275418 0.19800687985089893 0.19094081430626275 0.0011815594593456158 0.0008816763510874903 0.0016644722699401537 0.0038086486429953492 0.003021441946390757 0.008475810098358183 0.012170015109028265 0.012036853226401023 0.0033844074369029364 1.4747429610221274 1.7260318679901439 
70 0.26925998051210387 0.19024792786436517 0.19600188863487866 0.19590895662288288 0.0020386403253382923 0.0012581183732380818 0.007406963263265176 0.0012610291615060554 0.0023111729529443625 0.000788155638725696 0.0035115549487150233 0.002400345475818133 0.0030050654519901965 1.267695804960674 
71 0.0029706177210961915 0.0033516628119640846 0.01940398703709212 0.0037774289662615423 0.19143448876386437 0.19167444354809282 0.19684466792889532 0.27242211374545544 0.009754410160547344 0.0021518789249221904 0.2211245073391157 0.044404051135202405 0.22536227516116458 0.006464384060576922 
72 0.22528598731061011 0.2231670137707802 0.2245056188017931 0.1931347880302534 0.22087046727954718 0.12390377169320987 0.01421144093058846 0.19133690541231307 0.003167365280321466 0.005180804374070425 0.19326055959633504 0.012799386011909775 0.45160743843932827 1.3076600560752318 
73 0.42611610364717545 0.0013904250224177073 0.006140649961082101 0.0006729800646998463 0.20317291502785073 0.18950678388271514 0.007358320156499509 0.19290478333265026 0.1949915058328322 0.0011880660807739307 0.0015114355167520355 0.18963559149923026 1.1864246948744253 1.551270398401419 
74 0.22442763960779377 0.23135261777761862 0.2447163301613442 0.0052001088428994535 0.19801220448461465 0.0019224903593133558 0.1977625303466073 0.003848791776959848 0.002586158828022933 0.00021647803239654984 0.0013838763115223696 0.018951380838604592 0.010608098680462641 1.4035031556063555 
75 0.22597696028507164 0.22340224505217243 0.22485385069304686 0.3157351472325103 0.00015342166948473235 0.002118528501027672 0.0015809634538199724 0.2585217893486138 0.0005327744218561747 0.0026543843147923685 0.00289554087155941 0.1999441435183973 0.004714217216172489 0.2004195601517147 
76 0.00396428596017806 0.0013544794158661944 0.19014939579817702 0.19140668829402196 0.22402106339269245 0.19744010843168125 0.0011258753993661497 0.2170677306905171 0.008467147967825106 0.002192093776283821 0.2013069054618144 0.0013482538757860763 0.23001281633648896 1.6670595907980497 
77 0.23309470489733597 0.22590021893169654 0.22603389085092984 0.2243792080159357 0.005489912554505372 0.000534802513474153 0.07572004304115132 0.004818135334942131 0.4388727337380829 0.00028629627275789105 0.22845855746298338 0.9241579750224196 0.4202243403512813 2.3636613385524203 
78 0.2595256042873708 0.006038573275268355 0.18909117265513165 0.1936645893569846 0.2121086098589351 0.007390238326180798 0.0017947099594324278 0.23361216175064214 0.1940329890863397 0.004334312091022863 0.21523400966532624 0.19203573866563506 0.17382390007331394 1.9239020428106521 
79 0.24514055561786918 0.21078214188304 0.000227122944429059 0.0010335043372413644 0.002327633822094999 0.20059204433627165 0.0014396947488493073 0.00286323959851309 0.013894568888687564 0.00197293395883813 0.02736535244028393 0.0017233603328783431 0.03298847172568564 1.5647435528467484 
80 0.25683179066922257 0.19488782367539104 0.18905900602687842 0.21645970688205018 0.18791010874409375 0.19531923433393406 0.19195618061738462 0.003918038353868614 0.01777275805263412 0.213497277152501 0.0020286423948883137 0.16067776386579058 0.25745495984786904 0.003958882278229936 
81 0.45713595650480743 0.19925876155698563 0.19349642162657732 0.0011834269579886758 0.00011052035691738737 0.19236404022764986 0.013853161521282242 0.0011203281144356314 0.001807258563370162 0.0032417881939830195 0.08486310749687287 0.2150743916834703 0.27994278322239174 1.4352469833370645 
82 0.19487196392785822 0.19495135836768052 0.20106315767062544 0.007929178293817118 0.0006692599868367566 0.0018411833507729902 0.0010864696638333005 0.0008052519858361418 0.21545814478791514 0.18917086538529349 0.001325479373151417 0.001625540933986258 0.004454593431497456 1.46649218410966 
83 1.0239406024569164 0.23454273919042268 0.015134542060860623 0.22402830704639864 0.1874420051376955 0.00030067314585480176 0.017109241458930224 0.19858913322514282 0.00917881436144663 0.12807007058018938 0.011404179055094943 0.0037634675897249004 0.3784765022964367 2.621574503215747 
84 0.19593171422552746 0.003390970382113778 0.005193221028388484 0.002424490346926822 0.0025581966476075912 0.2273274386358446 0.21347897942798744 0.02184311597339761 0.2801409102637553 0.0022440232605167587 0.00200528687971957 0.01575708800260367 0.6185168083036872 1.7508695907254852 
85 0.29787366452672637 0.19180760642467365 0.00357104493251148 0.19162955634025725 0.19280613301671945 0.017240343328334573 0.00152522725851445 0.0060711048191830486 0.12946292529764403 0.1920736923733135 0.0011968825438175568 0.20025574422538384 0.008392010541701467 0.9872242388835598 
86 0.19915371497464518 0.19659242710839964 0.1921345653191162 0.29187655398254186 0.1922584458950547 0.1874383531678061 0.18712395991067532 0.0037951702915852703 0.18793969116009546 0.0015894227911947834 0.20846417285889607 0.0019032945266075352 0.22940233007947097 0.0026540331558433383 
87 0.19801858809699913 0.19750260873749115 0.1950589073006308 0.1935560049562539 0.19279575856210163 0.0024424354850367536 0.1928162117331309 0.012842633930063574 0.19140618860719805 0.00037695722305230994 0.22405996627457947 0.004358077304476238 0.22478566434020508 2.024925439890653 
88 0.22823160028998024 0.0005459261968383533 0.22322803874412256 0.0005813459090902029 0.19506772752539003 0.0013566504488404796 0.1963856749673203 0.22304932955046386 0.002227250745658216 0.0029344780074589405 0.004542198783682672 2.969565419356439 1.8008005592052723 0.18801927186963718 
89 0.22707599950634694 0.2240754308977555 0.01040813296748233 0.005735254901698461 0.009577275566917676 0.0021415303438754307 0.021131675413946116 0.0013557960108221412 0.020358738588043934 0.198689988400365 0.2175994168349087 0.008128613928995998 0.0035075245570088676 0.1898821038914622 
90 0.03510424869214179 0.01505587324680735 0.22463798426102066 0.22555640988108006 0.2228694940490008 0.005161223473510779 0.005933916459097688 0.18486440934114778 0.004059269057953951 0.004526603861442879 0.015982499172791265 0.3819447930579096 0.25661454583717536 0.0006743070403745222 
91 0.010102165865450319 0.003915637394852789 0.011754294659241493 0.23555357631795482 0.19053577266111543 0.23576963078255808 0.0010535059017167114 0.00029157979929661515 0.06183348302031799 0.19493437355869725 0.023704966375319936 0.557251118895395 0.1902797175709603 2.3801716934888275 
92 0.19430905056105097 0.19264950166047212 0.21395440568366908 0.19302105166860595 0.0015094566422977351 0.18792137066255288 0.0008689586425838502 0.26251147825017407 0.01420111952952352 0.0012349269597655699 0.22489445274424646 0.22265635884031276 0.9477468542575448 0.0008295014893024977 
93 0.23091195221839023 0.18794669489708338 0.18917819375522815 0.5437067824335846 0.19113436312561372 0.2584888675863526 0.0006732702813010416 0.19368861673275917 0.1889538846372365 0.0006573399123186441 0.0005325680353447382 0.16494950998212854 1.7998062898764817 1.8307690955003195 
94 0.2243652962987952 0.23824048192940994 0.0021637397669076464 0.013405122067840836 0.0018508304204676307 0.2124197193692008 1.2245389389905894 0.14312220931740116 0.0018944973828833866 0.22990287930964137 0.1965627913338457 0.005475117784460748 1.5157390780875934 2.133479244970929 
95 0.23975050624107297 0.0010304828321339166 0.0024078387293149373 0.003000969786245644 0.002580467696915445 0.0004192166135204012 0.22443727141112846 0.008353813879367955 0.0016873185694823434 0.0011504313464312244 0.002619857192569519 0.20773406619857093 0.22667073980761243 0.9110725185764444 
96 0.22502317857291576 0.2515891991542638 0.00824738923806878 0.000566975394647784 0.04870320965558417 0.003035951055134767 0.0060220534747514876 0.009492051097428567 0.0055183811952228545 0.3804690912575246 0.2535955527163891 0.002374086170122247 0.5823003618801554 0.8936012411106109 
97 0.19796502817034778 0.1933388336761075 0.19376330983002465 0.19322876530595057 0.001504922239303541 0.18833950698553936 0.1910607925893073 0.00026907017696586877 0.0006734833379016258 0.20241667830837295 0.21402575798766432 0.20086053431334028 1.2489192240892977 1.467030705134797 
98 0.23488876024703775 0.00212527723778555 0.0011357262369777743 0.004532523153333967 0.006383244871533522 0.13225001993969987 0.2677875216904013 0.007308112415884027 0.2097694814341271 0.0014911219000151021 0.22355469791853788 0.2568931207508711 0.004589084158409751 0.2329125703767323 
99 0.19344658522427371 0.00328627318128194 0.0011305816136715219 0.012803740468077862 0.0071544507531511314 0.2171516267908793 0.22312980686062645 0.1945766795205306 0.32443562205316345 0.014452033391836983 0.2144020785390126 0.003536626448303215 0.00712794886206658 1.4883845144771037 
100 0.22596184425192356 0.22502920958456007 0.23836047323705656 0.22446961905047003 0.22340279354756643 0.0035381519295043518 0.0015162771005126086 0.21048953076004273 0.0017601120253769587 0.0009959245800297278 0.2153637688763439 0.47767884294076013 0.011148293228741224 0.22321446352393481 
101 0.0051381587898895464 0.0040540804653173 0.19104769988195391 0.002315696811365564 0.19128229232286342 0.23250888574252238 0.0012908185962756669 0.1896370094485913 0.19793238218695364 0.18780835233342952 0.004359154261619702 0.005671041849252045 0.007579429810076199 1.8268546640896444 
102 0.22611957126599203 0.2267453523191847 0.256447616462107 0.22608652873983415 0.22397120505917179 0.21256962970446303 0.22324605623424443 0.000912159414630187 0.0059579581883437704 0.006489972449410963 0.0042213711274958765 0.0029806920509392043 0.00329908917924282 2.053929151736903 
103 0.23088505217958155 0.1887485953846404 0.1881818562433215 0.1996111224353101 0.22137540499289088 0.0022053545900986293 0.19677749898166885 0.0004348480201994409 0.011751244565344932 0.193457298763688 0.188467336707846 1.1591706923272163 0.0027462496983723383 1.7416781178056724 
104 0.19548692583064375 0.000898921029738986 0.0020672542811881467 0.001993413263908117 0.012173056801838555 0.9256095326090614 0.3363089875982712 0.19041931952538493 0.19647856612439663 0.1922592245505701 0.013148836919382179 0.1929517321175196 0.0009979875480374822 1.5134086654286403 
105 0.003699488850605004 0.20510516921509736 0.22513537557530894 0.00043404986737693996 0.21408782180067898 0.9794010421037925 0.1890392728668826 0.2607021561573364 1.2061224281935736 0.049802186825422146 0.21723333637389142 0.00019284522126605808 0.0007555293389405193 1.4623732537011942 
106 0.0020456385020861667 0.0019969260792169763 0.1929228668677767 0.19187630141662737 0.008768342248804517 0.0005376105689742783 0.0021471868330482646 0.02649238664465181 0.003351252124210502 0.20004576705285504 0.22312051407153177 0.00043862043552822527 0.017702388175383943 4.643845337467491 
107 0.34193041315313266 0.0012705967361599235 0.005781864131010339 0.001641743735313117 0.19504157507949738 0.1928921788476199 0.0023162887378138652 0.0022406511075685476 0.005187422262618702 0.0025652252786221297 0.0028941635669901267 0.010807845003402594 1.1132535016730576 0.0015497919133373728 
108 0.1946526488125757 0.006309427304775017 0.001696320221127312 0.0030610107844317724 0.0007186644739745063 0.0025461551619159195 0.008655730678219786 0.001484012453635719 0.002631828818023374 0.21338158018059095 0.0008127177795562712 0.0012112644724178168 0.0014264826170578004 0.8422514750427761 
109 0.22320140842729086 0.22333111254201587 0.2181314249748909 0.0033035881083907093 0.007863504883768524 0.1931226610023955 0.18782486513862962 0.002283519197599837 0.00297565201037453 0.37984609931699675 0.004027309526507761 0.006603873229751089 0.18904175937945156 0.001977951642550879 
110 0.22695764798416262 0.00027002324857305915 0.0009403526721454281 0.0015698465093345604 0.029441155272103225 0.18731870130067851 0.027806666088666 0.001300078683103001 0.1962095050140742 0.00817321141508165 0.0033976113683227283 0.004398194946351852 0.00043438348500934865 1.7014068766110029 
111 0.19591121405556966 0.2172629908869348 0.191909037642779 0.0011052810625893361 0.0012308370942557545 0.23191434666280464 0.004844466065497377 0.0013474317591399831 0.005764691900439489 0.0019260556625295688 0.24936591386375806 0.21292945877696412 0.0005775402619367931 1.4787133568864008 
112 0.23199608989938958 0.4190238181194852 0.00046388351746751155 0.0018282801532898407 0.007266126492598612 0.0018249154260903122 0.2251215065640504 0.24458539875922636 0.18939683451536893 0.0022050188786164604 0.3951764993075424 0.1882020894289167 0.8515375455787157 0.0021104432143013163 
113 0.2738648236209569 0.002181444451637482 0.18990143625184808 0.1880721868749764 0.19188319636420115 0.1938898154619655 0.00457184574536762 0.19823577658656832 0.24180407021287031 0.07505437193939946 0.19270853985631087 0.03619934790006574 0.014855173723595572 1.4352462573714087 
114 0.005145283420161073 0.0014755492329727726 0.0010998798609320737 0.09375893745023856 0.19133538015778062 0.1903711743981924 0.1911566674121914 0.0038273494678053854 0.02747168737812067 0.0035086457644275537 0.015284090660843574 0.016140594728962565 0.005514721483153684 0.6880734763356389 
115 0.4130671956872196 0.2238801917784774 0.023965925856214598 0.0005959487635660565 0.004095210530705051 0.1880376863484623 0.0038476893682208857 0.19238975421685467 0.19012472230950173 0.003908015846363577 0.0009922372189006268 0.011755084683326533 1.661585906138789 1.7946297324392708 
116 0.19885747536167697 0.211116808998993 0.19353247357682002 0.013534731504301067 0.0008259627930828906 0.00330926945112453 0.22345826981987327 0.2230199633894583 0.002332628852575569 0.007820686374126806 0.053322267177505545 0.003987425434788472 0.001175467622128723 1.5836123636208506 
117 0.35961879525168805 0.2561413455133994 0.1923041810847459 0.0016505322758328944 0.1930900981472714 0.02852633289718587 0.0027318747087856643 0.19221308272291382 0.22335077388276203 0.21434830422223405 0.19859082499734226 0.0011315192660212858 0.0059086222500466246 1.8293420693920512 
118 0.27695294252874936 0.19439021647782728 0.19399010570352804 0.0010249145547036598 0.2004805587825167 0.005504638953265584 0.002049781093130809 0.0032775407447196425 6.25829990927862e-05 0.0012286047421488089 4.574019807401797e-05 0.0450267872411132 0.006851749734864576 1.6734001361851223 
119 0.22986503809084735 0.22462673534043875 0.32219991089980593 0.21279370659348062 0.21328348710807266 0.21291071668681827 0.2558532904402375 0.2274433801235345 0.18846283236923322 0.001008050292971463 0.00811434370065478 0.012059577680796352 0.003539168541492277 0.19107211745657549 
120 0.19288702989565643 0.0004296054129215854 0.18792030107737623 0.19128477366631902 0.19094656834573875 0.19003711871121376 0.18964866113449874 0.0014733417309809038 0.002667528821125975 0.004541308998433635 0.0007233218057651758 0.002270921609201615 0.22530685007307572 0.001789169561039472 
121 0.39992045413094024 0.22309817151755862 0.00011711457486196508 0.0015884020180239045 0.0011587809108983826 0.0007805986911522123 0.001208753030357279 0.0076730589223972245 0.0015894221978995926 0.0008640802830459648 0.19696633883816905 0.003194779207992715 0.00630244551201109 0.19384892394311315 
122 0.0024779030697397175 0.19007595683040202 0.19132746978415716 0.005680117827068898 0.001998105783396431 0.04224648811047782 0.19103365902307345 0.22908035740817012 0.0012701180912695342 0.24343704151163248 0.012405142461108687 0.0023021798130689053 0.0021788428277502714 2.5831640373068625 
123 0.19513583903568188 0.19885803872267038 0.19384807769978862 0.25293067526076873 0.224133375166099 0.19621770318605836 0.33544322748757094 0.19384232725597572 0.18886860084721802 0.005142031143918979 0.0006683623758041435 0.002150621422856158 0.22341900168401274 1.9671258366822675 
124 0.22990002696626988 0.19418499838558745 0.0026846257716810484 0.0018873674760131465 0.0016404155567706358 0.009732663406478936 0.19027360794044124 0.2304523475669249 0.0017271482437355434 0.0033000129034623793 0.19302466651018269 0.22328539266414782 0.3108780700246052 1.689946717864 
125 0.22999413025464022 0.22458955870085662 0.23314003419151574 0.22564361390359133 0.224140833763961 0.003852103770185966 0.002104804579579289 0.01714459127622603 0.0019992103130346273 0.018341738532355656 0.002032138948556028 0.19038424284113908 0.1924703671222232 0.0009228952587914119 
126 0.3379596740220858 0.3291565995778529 0.00036897326632145955 0.22369533102679307 0.2138604763145604 0.2257561095674776 0.19790794844817405 0.005106308487161426 0.06336641642286356 0.12844365185042061 0.0030624672079886395 0.004248296719415512 2.930806792059383 0.2536740841840377 
127 0.19422954655366942 0.004890263834117059 0.002609581584181564 0.001348580529484833 0.0022007500772274202 0.02244249399093068 0.20576144132241625 0.20458279307930183 0.0025379263902807203 0.41920385474267086 0.003850408368278657 0.017264331230800956 0.0012416600000013656 0.6195679008252797 
128 0.19646667276640395 0.19242004455532702 0.0003591353069480885 0.07036161625599213 0.1946225577014533 0.19938180766281755 0.24790867539839279 0.008855151086681001 0.2232683052781954 0.19476158162434665 0.22524382519127317 0.000995728723521605 1.6007082748438752 0.006181721626792758 
129 0.23615496206090913 0.18920465123324037 0.22146749430818624 0.19061221681944907 0.19223388840214595 0.0019387195584907868 0.0021698583880724875 0.195268043795356 0.0017408982656021976 0.010720281610522298 0.21941600764961433 0.0009525981840883269 0.0013364331921663641 1.4525045227919695 
130 0.22316351275541657 0.006096921517601883 0.003088819480263183 0.19159660154477431 0.12976079367669424 0.003453477330946475 0.0029858523763424127 0.009312954884810543 0.0009094638215398909 0.001001025311093251 0.19775573746510466 0.0012528937074245405 0.18931163625740233 1.4759668329542748 
131 0.30492490128320204 0.22039115761192574 0.2675612264238034 0.00012617429217964826 0.015563610958111873 0.19188871871831603 0.001411751738034539 0.1939021395136582 0.0004806973072040144 0.22224139308713453 0.005239353016575743 0.004860330286761361 0.008530939410246408 0.8041173946081108 
132 0.19598360399670112 0.19316159598182692 0.19393418882500923 0.20636638889988745 0.12834505416851827 0.4453655039459339 0.0035543159993707274 0.0013216097665174065 0.06064573431861087 0.0015475895089276381 0.0517077934955843 0.005317515748139101 0.0017301725000260504 0.21395029884680894 
133 0.27100195845902797 0.19436687714792567 0.1969257017540793 0.1936173496154716 0.3810477405381889 0.38492380467534915 0.1909211288854411 0.002393255389883109 0.18876817251543088 0.0017590286727369175 0.0029773738138334505 0.0097153364577387 0.190558186575023 0.9387033330215723 
134 0.08133075434612791 0.002024753731881157 0.22184267500212163 0.22285019909733106 0.2132799206475473 0.21698221336456935 0.2133514851656546 0.22915962788187083 0.001231944439010313 0.2271145948937734 0.0018093798690232976 0.004169304706470367 0.26406679687970946 4.637880309597084 
135 0.22886805106943697 0.22538540895107984 0.19904271865850287 0.2247722829235177 0.005825076878437363 0.015740359108108004 0.0009404222739177737 0.19383611412281998 0.1894548658514048 0.14190524786474557 0.001762055490444503 0.5258096381704305 1.171194608096956 0.008237863247275712 
136 0.3057363382312699 0.22399903390022624 0.2226587705839702 0.007440765826547402 0.0018068501440784424 0.21630855025645013 0.00032169109380464356 0.003490784004283487 0.22337829633116657 0.19238499347987936 0.19295103994484641 0.0020725995291062116 2.771459764619343 2.981575819794393 
137 0.3384423132172032 0.252185718347125 0.1880680263553569 0.26416612449342325 0.003174411776170283 0.002084228689592349 0.002872194571412301 0.2248040086610943 0.21249520565746383 0.20517332226672913 0.0009077700446611381 0.005543684684649941 0.008822034527786737 3.085088250696927 
138 0.1969710993932967 0.19624904128339704 0.01592691174916827 0.005746067730027171 0.0030187335667331006 0.22494344396578203 0.023320284524219304 0.0003907361696486866 0.19536412771408207 0.013726301364602289 0.002294291148002836 0.0006137674728521336 0.7304427281512165 0.12083861453860556 
139 0.045506910034119885 0.0015820693351353832 0.13929212674593483 0.6315672296879622 0.000814450757914642 0.002855501452013076 0.0038032215495333865 0.008222950183147892 0.001810323373958811 0.003915563508761544 0.2246218949110701 0.19630126380183244 0.10088456334952389 1.2165906446849848 
140 0.19300711627536127 0.23111530816691261 0.2028452567854495 0.19619177150365452 0.1931459361580139 0.19205217104866312 0.1940366015439503 0.19374624166695442 0.19503894603302863 0.20496336771321255 0.003454786914066199 0.00023717149312130203 0.19129973144692203 0.2259497743258836 
141 0.003201372377684919 0.1922313768281998 0.004701884449068494 0.0006324962334112172 0.0015207847329727908 0.05033622159951978 0.015412835620735699 0.1918159318403403 0.19760975113634038 0.18776528099113055 0.19331027504919374 0.21326908414681522 0.0007917555224123962 1.43963074729791 
142 0.00817698488992713 0.0031343279200264362 0.22399785143219475 0.004477984473194363 0.02715832484460501 0.23259853129626396 0.1326653260076045 0.0012460181820062033 0.21767004445394922 0.01576778138632373 0.001375415185937312 0.004108286762431801 0.2251551423688647 2.27395239525501 
143 0.2475370344240908 0.0020246482106378583 0.00451971451842792 0.41481008526360874 0.2084358163418678 0.010350408685488866 0.0035603681336575654 0.001989236120467641 0.19226674347007489 0.21138142678784355 0.19475092973372288 0.0017288603844960448 0.03443923607209398 0.0011316442043198816 
144 0.22439793459799118 0.24190597990757245 0.23078139400501363 0.22347847109485452 0.1895269427268398 0.001338168591534572 0.18919626502369136 0.19633254227715358 0.0025718935193477233 0.0036249995461488105 0.005046661813201014 0.0009569310882926452 0.0015305725043717189 1.5362700146287505 
145 0.23332763866501072 0.002328764050886667 0.021623117823023508 0.0021390357756667644 0.008877008684907706 0.0012695756139380343 0.01052803438087202 0.004650418024809699 0.0011618181408243888 0.00154290975949678 0.023883573468290953 0.19224702047099784 0.3897197489555533 1.2936209909325989 
146 0.19410780817616913 0.0015189855584256673 0.19303384972563986 0.0022556409907441566 0.00507269503009411 0.0009717430269176042 0.004025048136824916 0.2125529750604811 0.0023343499665979817 0.00031259440477238165 0.0009778297397990965 0.01543847648878982 0.003723672777801612 0.5117936278699402 
147 0.21073424031324128 0.2511431292984101 0.010930765017080901 0.18802319651780053 0.00024934086921835075 0.18844850768836952 0.01001135888821203 0.005973891426070299 0.21930527177551884 0.008745210133959347 0.18988361715458413 0.0012388639630336318 1.3449644223970991 1.2327268894314252 
148 0.007795576512009461 0.0005340958700159604 0.0025916056036383583 0.18774190840882365 0.19210854390014243 0.41357999288110814 0.22471083881958975 0.223397772266422 0.0256737830089786 0.003449004493197405 0.1268579887535477 0.0012097706215994375 0.1916586986094191 1.691762615124733 
149 0.22046121520351925 0.011465069175106812 0.0021025651822428326 0.0041071583936691525 0.0029270015954609985 0.39135689011081176 0.004174572303605739 0.21487445788240378 0.001412189650804585 0.002473632811733184 0.00040978343074860035 0.0013191122251268173 0.029019050364568644 1.6806539072283164 
150 0.21545370055304747 0.2144029201059161 0.003422176382126496 0.19013093482504861 0.042662964694978545 0.00023020297556919367 0.07199630460975315 0.1879568413117778 0.11196317544820111 0.0020923799166507884 0.010645578095939134 0.19765831621089824 0.2384772573105287 2.3779649011562745 
151 0.2290076472447664 0.0016374773812817267 0.009686040370104454 0.0025259996586914912 0.002970807853398316 0.18904743485267939 0.30935952274265377 0.19587070441074483 0.19275983749074577 0.00237574625635828 0.2824333499793934 0.0007949328282492729 0.21449189236162058 0.8735452784718234 
152 0.22527473875778736 0.2269755537346667 0.23492676184346384 0.001068008208003901 0.18895023217186258 0.19072279051483898 0.19217034089616014 0.1978018720269772 0.00016305889975098964 0.03322380332990682 0.21908682365239862 0.0018984633817660246 0.0011354965336349832 2.524148161706426 
153 0.22890177106266174 0.18898645570210681 0.1957437302789098 0.20011010330100443 0.0016561631063625182 0.18866550656140268 0.21292095087765128 0.22352896917215537 0.21321524890292043 0.06832791410097472 0.2296917836392236 0.0052160391178042165 0.005820198052258974 1.683938057715303 
154 0.229936224038074 0.22646026724018964 0.00585698216730024 0.0035218265818641736 0.005117199955264384 0.014814395925901724 0.003852556319714928 0.0013212673079798787 0.1946660786020158 0.18963861156042627 0.1928600287549016 0.1986773736352192 1.6792223948631615 0.0023900214811725107 
155 0.20596137432862882 0.23412481701990595 0.2192489937104316 0.18805738274499473 0.0020535018165435126 0.0008281069838800281 0.19686532166755222 0.1908397027268851 0.001177037355414079 0.19653057111054406 0.0017569048150631872 0.5812554733241264 2.565413028659764 2.3685347054038104 
156 0.1950537401269341 0.1991367657237595 0.4210464238356346 0.001349988236706734 0.0011073354617174846 0.00016044685917138146 0.2236265319601085 0.013198023012752191 0.23411737261985444 0.21906372374869076 0.27061865308564204 0.190277179414577 0.004939049626735192 0.0026440176325712716 
157 0.1972408975472022 0.22064148487324675 0.06068221502663462 0.0012591551024292436 0.21981176701591476 0.22639738450368885 0.0008900345112474728 0.253672803139243 0.002114933425076959 0.0014067773102826031 0.0009474059299587889 0.014798480140703063 0.001140548510101036 0.0010972769331931698 
158 0.31396058200576427 0.7781595196556905 0.2666848928408425 0.2565253204919944 0.22747252763392645 0.2278036708443747 0.20413874720801295 0.01674617085064045 0.20196111438117326 0.1906209592806536 0.0035798893556311384 0.003155010063554453 0.19683356517808193 1.7552569617006173 
159 0.22675623080519092 0.0003784966092845732 0.0032549126494694214 0.0017175308983854443 0.007442566790309302 0.0045846830378935 0.19468562189181848 0.18921156628326607 0.19153349615919302 0.0016604111401035127 0.19756390967617388 0.0010446736237677001 0.18798471406147987 1.6623347353781162 
160 0.24692742942627288 0.22373970444064706 0.22624252459784522 0.003051983091583832 0.0007072980722406808 0.21811762261999523 0.21310969700857618 0.0014435166230242213 0.32887097271225896 0.19149214228065392 0.25644097499077745 0.004161476271212994 0.001737233693612561 1.055542345955414 
161 0.19605720928405512 0.1935613968103833 0.19473876671113644 0.1917740876738725 0.19193744715306105 0.3293538103461242 0.21398445762603768 0.010556180099360324 0.001409716738178135 0.005050834941744409 0.0032754027604220415 0.1916705566108432 0.15757175300413118 0.01999819377013723 
162 0.25707633355930226 0.25629788330094105 0.1932560483056951 0.19327396271464004 0.19230431483485066 0.2015033516074356 0.1928199390507026 0.002666469973072738 0.19244881926940538 0.47532843315105144 0.18958186263261023 0.015206702384998882 0.19448168274420174 1.5176420964054236 
163 0.2591507514854119 0.0004759976798311971 0.004824386873807152 0.009678040514405462 0.005332387445749154 0.2245883456979647 0.002963433516557812 0.19055262154797115 0.19102190099834648 0.0032672460230311895 0.008811099917985121 0.0015444450780650598 0.0029454095059435748 0.0010476468530349337 
164 0.19410001986478154 0.19192838359619935 0.2393956275471807 0.18827862576178656 0.00041655387911165853 0.0022740863081296414 0.004742339640482429 0.050413723902377416 0.011670726674036125 0.0010670828379282238 0.0003574744930745499 0.0009815722626489443 1.6592909630320698 1.82691197097188 
165 0.43320267208105667 0.00019120538499795003 0.001300140209409495 0.22452403396371445 0.19086908052374674 0.42115845524086937 0.0071503752309673985 0.062403290086210594 0.1936988998930549 0.21702142973288385 0.38063937825913197 0.23191173590036107 1.079680752792275 1.0021637523212643 
166 0.22609613804329198 0.22518280511227173 0.1234520286278149 0.18843368838479324 0.19058622165707906 0.19133104827689662 0.18988346117488697 0.0015529860895791003 0.19025314813048166 0.0019740053548373826 0.025679877242481775 0.0009755839614251638 0.004234461710886928 2.860428312975225 
167 0.26118341163503067 0.25804857148991256 0.2549194010441034 0.004482033523211193 0.0011092439490105743 0.005473378139784657 0.0024574133457244685 0.19329096630937737 0.2318962487695324 0.0007058759198312892 0.016046738958950035 0.000933087828654422 2.09632327807699 1.7165642876387004 
168 0.2618637989128465 0.0022243711064700022 0.0008556380615856174 0.006371494008795553 0.2166960991205782 0.21400881912014835 0.21887729339588624 0.0034938220585880586 0.0012215509851349893 0.22424588647453758 0.005570591034596228 0.01696414972790472 0.0016702937218684433 1.1249275376674008 
169 0.28029304286944945 8.670084886608365e-05 0.0038650731094236335 0.0035812274682665013 0.007307869330700489 0.19744871259288632 0.224460646180201 0.0004781779353346671 0.189189532472108 0.2085567153341099 0.0024234630228252563 0.014334308591889888 0.18786927965430178 1.4371164943049877 
170 0.19593764956913273 0.19270643577870672 0.1904018894978814 0.010267136889948514 0.22352944922247198 0.003513188444401294 0.00863695658156538 0.0012201434464969019 0.002745964352533825 0.002709115285784547 0.007466733467078379 0.003214101322385643 0.06948855691593137 0.03730173325393027 
171 0.26734264429662935 0.0045759550018844575 0.02012101330284488 0.004575141207090461 0.005156400076906875 0.25618835896350367 0.22460217542507088 0.0004268606924031637 0.00629989829441957 0.00134839874378323 0.21316701871160793 0.22645117525234415 0.016260198269661075 0.6761761390149292 
172 0.005904035264514107 0.003481066007923861 0.0009762179133112614 0.002272526980166667 0.01731528336600685 0.001107552518657906 0.008455709382310106 0.009787417852643365 0.002266949358407544 0.33974561353553256 0.009700365111233511 0.0019424475434148825 0.2234524107528144 2.464351370107868 
173 0.2640790861615181 0.2610004615228161 0.4265655245927824 0.2658773379629895 0.2766120966900445 0.27978562245776173 0.3823772804055099 0.0005136852288072369 0.19244584227352335 0.1921224516481277 0.004161106832711425 0.19415762038224882 0.12949108957204802 1.9134587301316246 
174 0.18850254940267464 0.19386465837765 0.2266536305121063 0.18924093320059976 0.017876096323846458 0.2131536463371151 0.21884378698263407 0.0031534512487101374 0.005561538702720359 0.002088229274714637 0.00378123865767388 0.21665508360144758 0.23010795097449588 0.7157604308434999 
175 0.22709833018162873 0.22955988916094383 0.22536368033004628 0.22361874400141635 0.350283153963179 0.22644265686625342 0.22306409516167292 0.22643540893413894 0.2233910289067298 0.23046821030746023 0.28523255321318763 0.009447963337456677 0.22478834498109745 0.1936518191001344 
176 0.2403544006076339 0.2266620292738979 0.22692575217208666 0.22360817103007613 0.0006708048668071509 0.1958257935739265 0.19399363470699216 0.19213887114320816 0.004619127491387598 0.0018301059930072583 0.21294064372753696 0.009055084536586655 0.0038220815371181605 1.530284457574444 
177 0.1949082396623001 0.22230844508596026 0.2168733283175439 0.22491399687440428 0.188730636558869 0.20131356146629042 0.0015250932609618406 0.004602559046168686 0.1911114670668308 0.016635902211550313 0.6843907609312692 0.190225585854487 0.0034017831687462863 1.4305507505605777 
178 0.22586380873792988 0.199274346229813 0.0025401318920574845 0.22550215415124408 0.19445774398922433 0.0032362912287673407 0.007186749269126214 0.19564580440209411 0.004377593372576927 0.00286729344941139 0.006709662175333975 0.010012420941660771 0.001947118830995187 0.07704744671071162 
179 0.26150434816823775 0.23014787110596657 0.2233777778859325 0.22832763872718864 0.0014391743245558697 0.23173232940836241 0.005149597844357423 0.001354296113018183 0.002018651988127562 0.21375720915011898 0.19273058922884778 0.0027609319385222264 0.1860856685697143 1.0770850119554898 
180 0.1940386428969343 0.1961433776355359 0.20699866684633728 0.1959731930565598 0.1928425305809658 0.006537405225863768 0.0004974659912790891 0.000997885187730363 0.0032466499554899553 0.011814170124052392 0.19436689851699818 0.0015624865731576065 0.19752020910674517 1.2969473226982715 
181 0.011889470937638702 0.18819689885359026 0.18928478431919826 0.18824315720061335 0.1893898513924226 0.001810535575124561 0.19014258738880185 0.0003970204853276371 0.014989297030510329 0.0014290312579237074 0.05698691462358374 0.0011531427721060972 0.07767198259126262 0.1942613558856503 
182 0.2559407418765416 0.21762936108090325 0.22232981637579785 0.2398838196870654 0.26156135404210334 0.6609859462249663 0.008936696357770169 0.1938959564881897 0.2550169741809931 0.0011175533405287652 0.003149430053854374 0.0013350796534477016 0.001643496456779081 1.5845390544416358 
183 0.2270314619052629 0.37642359183586116 0.22881343090348127 0.005694665003721289 0.22524370788935966 0.002133684791160606 0.1871324996463939 0.20025306765826123 0.224875880742764 0.18817729639729452 0.004687684644326007 0.0033542109362048045 0.18798387361887792 0.9710113234150693 
184 0.012049633685713212 0.001096722428248098 0.14100791744371266 0.0015107662289592927 0.0007865328999634436 0.07862616912152176 0.19063969695353755 0.18736860575646297 0.19011961240054442 0.05117401063575833 0.018384731567097523 0.0036983024071275405 0.030687695229167034 1.3375635705389546 
185 0.22689590461171671 0.2542745207799888 0.0347739108041496 0.009719667045342772 0.003253673340952723 0.0011212258132209385 0.0017278025366012084 0.001217972474177209 0.0012323275762669006 0.003485313024349068 0.19829661944893018 0.005469751333673001 0.0016070324753929555 0.6302642583510265 
186 0.22201938090744755 0.004058500432057244 0.002881632781371435 0.006718495659699952 0.0019368640104824308 0.0025996059053239318 0.0009579442763949508 0.001975234719119756 0.003138550808957863 0.00904478237067563 0.0028609984217917717 0.21699110219709272 0.0030911536362858705 1.645023030481523 
187 0.2364835718086018 0.4452497390377388 0.19206527647706095 0.19319144406982236 0.2238211815016775 0.012639493949289538 0.007419249638574321 0.003924034562178047 0.003439826780461619 0.0021359570832879538 0.2250409867690022 0.0020045829603525522 0.0038895594899166497 1.5241736637905259 
188 0.27294305462538726 0.25228614307515973 0.0014897024261237846 0.001894686933361145 0.0010986257549709944 0.0002446349184865859 0.0019437081068078843 0.0017337103388168629 0.001288559135798284 0.0003086917924903787 0.002385163679265556 0.19528844872347095 0.7774593175614617 1.5735407239380657 
189 0.19601111358164935 0.19769651794714949 0.19710383328127135 0.0004146323626266213 0.004943544815032563 0.0020157638759712437 0.24588716111869213 0.19251943636547253 0.0015352272581306003 0.19346088105513393 0.19237598899949937 0.002340543316066812 0.0072677265798588575 0.18937577730539812 
190 0.23086382959799523 0.23204106894855125 0.005178805085415128 0.1953987963711865 0.19135526549564075 0.19186789861441134 0.18920562381510764 0.19344717567691405 0.18766842156238583 0.013814813241899149 0.004029920079339222 0.0011781534652632875 0.0011156478414635629 0.004807498276406363 
191 0.33590317069592346 0.1281331808236159 0.000721589729201888 0.0016028082826706758 0.23216505610580462 1.2373733391269295 0.2391148013817379 9.955311591269833e-05 0.0006506388587332879 0.19452751947754865 0.017278918418470735 0.21420315306744753 0.005514717797524771 0.006109633851700158 
192 0.23860250374898184 0.005245730618502531 0.1922840688389651 0.0014262030800322734 0.23231158198159285 0.0018043010210815336 0.5524928873001507 0.19249515934036832 0.0007343696271331357 0.004685535414621356 0.0013408473838543156 0.000927992345220785 0.19518254099701737 1.5682736909090529 
193 0.2071630279965735 0.19222822515793614 0.19247784191762962 0.24093067241835575 0.0021398880584904134 0.0035282824145346225 0.2141325158262768 0.001741967349788709 0.1881823319578868 0.1947901016733966 0.18796307823740865 0.19647741594981238 1.4741381592460776 1.161065742095127 
194 0.07015049251987548 0.22940297214661798 0.24108446521797355 0.22633094196686154 0.1944331145302658 0.9826616811841077 0.0005832980450564129 0.00032760870442150036 0.008723621105462431 0.18799266525050062 0.0025091506868362146 0.4454806674451768 0.0050015451959495305 0.018682822551836287 
195 0.22710932279424978 0.22916978144703704 0.2246166740205615 0.1874893682627341 0.1992112074529142 0.1882004695633568 0.18743821362858037 0.0009621256759462238 0.000654876563679796 0.1910748465716452 0.1978377440519543 0.0013022597283449677 0.012185619462277586 0.0010247108072809485 
196 0.2234740386594085 0.22601096498725615 0.22699631734121106 0.22490219509918363 0.001707670258613847 0.010727432109456148 0.21800639774995 0.19667479602736138 0.002044713165922918 0.0008025482735283251 0.001697080300565812 0.0022655559857018837 0.19200955092336125 0.8415538732416457 
197 0.09434307499843864 0.002092323962987974 0.002174164398913714 0.1926104897526839 0.1875189433317519 0.0067152399781580385 0.1996816701037254 0.0019846777920933256 0.005473370934136357 0.3803131618266711 0.0005531887164151872 0.004129905074673257 2.361086836287183 2.0743762525664975 
198 0.22789484412974148 0.2264963582809829 0.22414902626100486 0.22701699615932203 0.000492689798577306 0.18761104447417654 0.0008743933041248653 0.008027055987565701 0.19406605054563686 0.22743050815173316 0.001595765450657538 0.2321622721812766 2.095617766262829 0.2850646928798619 
199 0.23497370284933372 0.0014641441268987698 0.00038913922631045317 0.0008708361028963996 0.012015894492847234 0.0010960299567768228 0.009556768603205201 0.002191696218178274 0.011949058121532463 0.0018460317937190052 0.008188647436935925 0.2271751175347423 0.0009314722771853745 0.06586877250890466 
