0 [0.24717629 0.57181502 0.6671164  0.01422902 0.98915941 0.46871873] [1.11420858 0.08886816 0.87548665 0.57496153 0.05743873 0.11505849] 
1 [ 0.20086341  0.54685009 -0.08743378 -0.04885895  1.16384238  0.50276704] [-0.54246737  0.90449861  0.03035637  0.4161624   1.53784117 -0.07619266] 
2 [ 1.1188316   0.83311875  0.30843096  0.08004236  0.71269677 -0.06640464] [0.96861969 0.01803651 0.43669122 0.2868204  0.41226909 0.31279405] 
3 [ 0.37710372  0.84075207 -0.00791746 -0.02032249  0.83332061  0.40860985] [ 0.61884626  1.00028775  0.66610736 -0.0636484  -0.03315885  0.70914911] 
4 [ 0.23472317  0.66374219 -0.13345534 -0.02068608  0.75053086 -0.14574868] [1.06571311 0.32822177 1.00882516 0.45008733 0.01834156 0.1753485 ] 
5 [0.53099189 1.01970459 0.69905287 0.73278017 0.45372746 0.20072988] [0.21002084 0.85291939 0.35135009 0.75083193 0.58495835 0.16988036] 
6 [ 0.91129974  0.99107357  0.3471505   0.22020824  0.83677344 -0.15186049] [-0.02302722 -0.1664388   0.45367928  0.23855933  0.28338154  1.22148217] 
7 [0.80380944 0.36485565 0.84250634 0.87367006 1.09732865 0.55939152] [ 0.07778216 -0.04966131  0.08623829  0.02891578  1.26869997  0.25803259] 
8 [0.24810813 0.12265966 0.24104873 0.01360849 0.85588682 0.4124963 ] [0.54234411 0.20756844 0.12545313 0.10922608 0.0157921  0.97399564] 
9 [ 0.10795019  0.27204186  0.80893496 -0.05442788  0.11591645  1.22594548] [0.29094768 0.3303281  0.85246156 0.46863976 0.21206516 0.51608691] 
10 [1.10506633 0.66987263 0.45522438 0.44869151 0.60650558 0.40896517] [0.62752386 0.37106648 0.82982114 0.20120109 0.14854176 0.63243917] 
11 [ 1.45506226  0.91003814  0.59994081  0.5071085  -0.02263811  0.41330663] [1.38719829 0.00557677 0.05454191 0.89746176 0.52862837 0.60534086] 
12 [1.04143425 0.93665822 0.3680631  1.10017848 0.34190611 0.11701273] [-0.00622423 -0.23342043  0.54702093 -0.06579121  0.7365707   1.01585087] 
13 [0.3727534  0.89488913 0.03862592 0.57415333 0.82295481 0.81180823] [ 0.67888514  0.67765727  0.80009689  0.72261248  0.01893433 -0.27803184] 
14 [0.15175205 0.32523125 0.34192984 0.38867059 0.71466925 1.46979303] [0.69018553 0.41924456 0.1706539  0.23163001 0.88206828 0.2594038 ] 
15 [0.94296372 0.06119652 0.92111255 0.46767689 1.03983047 0.50027768] [-0.11333797  0.10042329  0.31617948  0.69028001  0.14868765  0.17461778] 
16 [0.30084759 0.71629084 0.76642866 0.66081602 0.92239905 0.76912803] [0.07559361 1.07255481 0.16603166 0.5102762  0.59177303 0.51771719] 
17 [0.06482713 1.04041402 0.05159042 0.90307294 0.24038212 0.72139826] [ 0.04334847 -0.04423937  0.07199617 -0.08790696  0.54347248  1.3652283 ] 
18 [ 1.04927211 -0.00404001  0.81294287  1.09369307  0.41203811  0.01178117] [1.06351223 0.5012108  0.9740253  0.14450954 0.35062679 0.88912694] 
19 [0.34769078 1.249228   0.08002871 0.46802021 0.9881603  0.54198887] [0.2657449  0.63650982 0.20402562 0.0881484  0.70134816 0.72772458] 
20 [0.66322376 0.7797407  0.84562804 0.02097107 0.05389851 0.73880098] [-0.0337256   0.02384778  0.79571097  0.54175353  0.6663474   0.25184694] 
21 [-0.22363192 -0.24078666  0.65137902  0.67288494  0.98812896  0.63385672] [-0.03273694 -0.16473069  0.76145817  1.04966268  0.25453797  0.21710507] 
22 [ 0.12310101  0.2600519   0.37141662  0.94212933  0.76965295 -0.47212673] [ 0.90144724  0.85905813  1.37194082 -0.10516101  0.34273746  0.25933593] 
23 [ 2.38651712e-01  5.64750770e-01  8.12494207e-02 -8.64870612e-02
 -3.92089549e-05  6.23303287e-01] [1.07708892 0.00172275 0.41508853 0.87892639 0.48659276 0.15294995] 
24 [ 0.71370295  0.24526378  0.60387608  0.68770364 -0.01705128  0.79422304] [0.34021619 0.34785516 0.52355862 0.37856391 0.72087914 1.12102547] 
25 [-0.06871524 -0.18224713  0.67674141  0.44407386  0.10984652 -0.06871722] [-0.50453484  0.64573003 -0.15995191  1.22617012  0.83689047  1.03669183] 
26 [ 0.0270153   0.3034517   1.04688474  1.03851709 -0.01890673  0.5127048 ] [0.66904808 0.20319153 0.02114996 1.36203878 0.80526924 0.23790945] 
27 [-4.58059038e-02 -5.46344900e-04  2.96217526e-01  8.82782439e-01
  1.82817142e-01 -7.45082208e-02] [0.0024812  0.07079638 1.10590981 0.53194411 0.55936005 0.58032143] 
28 [0.13355357 0.78608528 0.81406479 0.88369518 0.41519017 0.83346992] [ 0.80892301 -0.07092807  0.05669727  0.68342267  0.21296276  0.18652144] 
29 [0.83144308 0.91444936 0.59180329 0.80759738 0.83162932 0.75733529] [0.0899012  0.66974539 0.48016778 0.9513002  0.9841199  0.6423359 ] 
30 [ 0.18648316  0.29674118  0.96189565 -0.00460501  0.60767289  1.11489158] [ 0.82821968  0.47333891  0.38028528  0.59395027 -0.11616697  0.33652278] 
31 [ 0.14263308  0.22310299  0.28140061  0.91264962 -0.30301614  0.68189917] [0.73429477 0.51557314 0.38629804 0.65246589 1.34235871 0.24111249] 
32 [ 0.81921091  0.69973836 -0.03951376  0.40505996  0.66207188  0.41316528] [0.03451411 0.86377953 0.57102319 0.64984424 0.17590812 1.3873347 ] 
33 [ 0.24167716  0.64013778 -0.07996915 -0.042009    0.52716925  0.5036292 ] [1.01596613 0.34288863 0.96285939 0.4888669  0.17922824 0.14856177] 
34 [1.18005663 0.96509263 0.81808272 0.38088678 1.07323486 0.7607873 ] [0.58244914 0.19186813 0.35907482 0.0652164  0.26950773 0.87736013] 
35 [0.89462435 0.28137812 0.55824792 0.91138744 0.22274683 0.26730324] [ 0.86164414  0.86073298 -0.0076894   0.92358099 -0.25120382  0.79209082] 
36 [-0.23158909  1.13166981  0.21548358  0.22715977  0.05198406  0.83101902] [ 0.53567465  1.32053443  0.30718098  0.89339148  0.66711762 -0.07824388] 
37 [-0.10509479  0.77307151  0.54104221  0.43492884  0.17352088  0.71431811] [0.82619269 0.60091621 0.67560721 0.20590619 0.19880506 0.54243063] 
38 [0.37643651 0.91865246 0.29758469 0.46135012 0.9143272  0.49330131] [0.32594246 0.20412458 1.1807355  0.20593667 1.0351016  0.66682905] 
39 [0.35389655 0.63921504 0.79175511 0.37533841 0.25108591 0.69917727] [-9.59306518e-02  1.10877591e-03  3.27186775e-01  1.16527094e+00
  4.11898009e-01  2.39065307e-01] 
40 [0.37765657 0.52563224 1.00848141 0.51251372 0.9779076  0.34985997] [0.07000302 0.030249   0.55988932 0.06747387 0.31411222 1.25015593] 
41 [0.82522841 0.60196158 0.62293357 0.56990642 0.43625386 0.25392061] [1.02361203 0.2581003  0.34561075 0.08961436 0.2906741  0.74381342] 
42 [0.10014877 0.24518103 0.18494865 0.43937241 0.54115551 0.83175752] [ 0.98820734  1.18432187  1.29216954 -0.32341915 -0.17891732 -0.07607395] 
43 [1.0022975  0.00420725 0.2318071  0.96539029 0.34855809 0.55108079] [ 0.63796765  0.90047401 -0.0549967   0.89753557  0.50079153  0.28717206] 
44 [ 0.19519268  0.51862613 -0.1162756   0.64307293 -0.02449077  0.74412901] [-0.56258844  0.94810364  0.34010394  0.75072052  0.95647401  0.09746764] 
45 [-0.20667172  0.50529472  0.5695653  -0.05479012  0.53956546  0.56568391] [0.23946637 1.23097677 1.10392164 0.69713587 0.14743289 0.10426143] 
46 [ 0.36116385 -0.09703593  0.81404837  0.03211077  0.27102223 -0.01252287] [0.45737447 0.64329975 0.04566262 0.17468704 1.23098423 0.18978032] 
47 [ 0.18136176  0.53017954  0.37017223  0.77252444  0.83326899 -0.05469631] [1.07132168 0.18564574 0.01315447 0.10708657 0.73164777 1.03801875] 
48 [0.72365833 0.16087885 0.26409759 0.39504245 0.88438307 0.33704682] [-0.1044668   0.09934755 -0.06589022  0.13431588  0.48815444  0.27098952] 
49 [0.84962063 0.30227454 0.68495532 0.22386724 0.83568396 0.33777293] [0.28676478 0.65871519 0.75724124 1.01272582 0.57473051 0.61891804] 
50 [ 0.22292856  0.568468   -0.07010016 -0.00987677 -0.07733287  0.00802062] [1.10581208 0.22175756 0.27727673 0.12539114 0.31715123 0.7169514 ] 
51 [ 0.26788421 -0.06118228  1.2172022   0.24165591  0.52828542  0.88039569] [ 9.29004445e-01  1.60722146e-01  1.42107360e+00 -1.06558180e-04
 -2.08327867e-02  1.80032856e-01] 
52 [0.74342383 0.49708179 0.90236594 0.72779552 0.97742882 0.66844151] [ 0.51001567  0.15607855 -0.03620306  0.91385312  0.90987688  0.88967348] 
53 [1.13431994 0.12703475 0.71209359 0.35368526 0.83539807 0.72270787] [0.40247088 0.54024432 0.12286343 0.69665131 0.80182885 0.23236277] 
54 [ 0.25739008 -0.05459844  0.68195852 -0.07868663  0.00611223  0.62030584] [0.98800773 0.07000468 0.48646326 0.96718525 0.33523533 0.19983689] 
55 [0.76448965 0.62087077 0.79295132 0.49309612 0.69316224 0.84937649] [0.88613982 0.07880166 0.90636155 0.3526904  0.78085718 0.92915001] 
56 [0.22425307 0.63408328 0.4048068  0.85005171 0.84755339 0.36382977] [ 1.03446294  0.10245185  1.56031144  1.54368819 -0.237396    1.76041553] 
57 [ 0.19946402  0.49797632 -0.09215526  0.06488436  0.00765005 -0.1221193 ] [-0.53282164  0.77346196  0.69771251  0.7612941   0.57048692  0.08178097] 
58 [0.82602313 0.75380688 0.23235709 0.93690154 0.46420083 0.48247697] [0.77008803 1.00035081 0.12377449 0.44628219 0.0146379  0.75636361] 
59 [-0.13449384  0.29546638 -0.09633803  0.74389214  0.15583489  0.00119594] [0.87746212 0.47914972 0.67662639 0.28440084 1.26715528 0.10285089] 
60 [ 0.12264501  0.28978203 -0.39451354  0.14160086  0.67583349  0.50422853] [1.06501243 1.12950206 1.34653841 0.23863839 0.26575374 0.17881881] 
61 [ 0.25418619  0.96483691  1.11430961  0.70992949 -0.05858163  1.26900189] [0.40786404 0.00701353 0.70909237 0.4196343  0.9840973  0.13892135] 
62 [ 0.28962679  0.39440785  0.38236927  0.66825517  0.70408398 -0.03111484] [0.25211801 0.14278214 0.14252099 0.39258184 0.80081522 1.0065556 ] 
63 [1.08604359 0.00649674 0.5746089  0.55757111 0.2013714  0.46894972] [ 0.68792981  0.84556298 -0.1157446  -0.01985006  0.56680186  0.25298745] 
64 [0.24277473 0.62141823 1.45908839 0.03720471 0.42494114 0.17868436] [0.91632175 0.78157619 0.34865194 1.17368891 0.26277594 0.80171668] 
65 [ 0.21304543  0.55235389 -0.09581958  0.09028203  0.58191454  0.60630796] [1.04001544 0.90577198 0.86487681 0.10212124 0.15684208 0.15544364] 
66 [0.99970768 0.75963276 0.57887929 0.29576057 0.35696436 0.45942598] [0.78715676 0.41738099 0.20189183 0.82229234 0.75450684 0.65795389] 
67 [0.22147021 0.70706341 0.08141892 1.01684625 0.09951374 0.75768381] [ 0.96400319  0.12424992 -0.01236414  0.42834765  1.18819929 -0.12745257] 
68 [ 0.98278996 -0.01073905  0.59002046  0.4939963   0.23569449  0.57352934] [ 0.83348693  0.69241243 -0.03092849  0.2216141   0.67796848  0.36922142] 
69 [ 0.17844308  0.25305446  0.24695723  0.38269565  0.50455528 -0.14977674] [0.72309845 0.52683112 0.46501292 0.80499049 0.28095442 1.04016371] 
70 [-0.11975239 -0.20764847  1.30196133 -0.01503444  0.32119674  0.14463303] [0.39037465 0.3492866  0.64912062 0.75020127 0.55058061 1.29962859] 
71 [ 0.23039829  0.34483269  0.95158071  0.71480009 -0.13210663  1.17843902] [0.8038256  0.63989044 0.46749508 0.4751074  1.11784826 0.10918067] 
72 [ 1.06058617 -0.02532365  1.28181562  0.38168925  0.23970944  0.48505791] [0.46045537 1.09616895 0.59254634 0.21851848 0.13735531 0.19520036] 
73 [0.59440179 0.24479733 0.70759472 0.80679822 0.34817606 1.47295161] [-0.04469627 -0.01988147  0.11024396  0.55264007  0.34564336  0.20719232] 
74 [0.82813203 0.68367755 1.00322148 0.65355715 1.09544527 0.21936335] [ 0.41616921  0.86090099  0.1333778  -0.22767725 -0.2421173   0.46176972] 
75 [ 0.10881403  0.27324585  0.70920317 -0.19178424  0.84034968  0.47865477] [0.99385622 1.02131356 0.30716896 1.42560685 0.1426446  0.08296377] 
76 [0.77541756 1.24576222 1.08671215 0.29349446 0.11812138 0.41820534] [-0.01694105  1.0047214   0.44873412  1.19007017 -0.01292231 -0.20206944] 
77 [0.33483872 1.32232445 0.21430443 0.26104184 0.44018295 0.9271324 ] [0.38134508 1.08206528 0.02297303 0.39048541 0.90827869 1.39597636] 
78 [0.22911986 0.95582128 0.68265722 0.1489656  0.51704453 0.30379141] [1.03623997 1.61783218 0.11770916 1.36550564 0.13881603 1.31977482] 
79 [1.02839976 0.50021175 0.33487563 0.41204496 0.41202652 0.82177311] [ 0.79756617  0.95397439  0.83532305  0.34145495  1.05430483 -0.10135737] 
80 [ 0.35335426 -0.08489538  0.28161012  0.45336377  0.48780528  0.65335081] [ 0.36824547  0.71743405 -0.04761036  0.19749683  1.42964208 -0.08123348] 
81 [ 0.15014005  0.29470752 -0.25836096  0.23373481  1.67884635  0.13061004] [0.76854684 1.32024243 1.33867256 0.31963144 0.36362015 0.83887076] 
82 [0.71025603 0.35475891 0.15808122 0.85594165 0.89354589 0.64005695] [0.6373554  0.52984489 0.38923768 0.652108   0.97061918 0.91178856] 
83 [ 7.55313651e-01  1.72163156e-02  9.01160486e-01 -7.97480635e-04
  5.90003608e-01  8.30447455e-01] [1.23457161 0.37974076 0.67893619 0.911602   0.65010595 0.30140692] 
84 [0.88356738 0.08472536 0.18836201 0.76008555 0.82768758 0.62422975] [0.23306315 0.41483752 0.08164955 0.2309459  0.10296377 0.38212644] 
85 [ 0.197448    0.29094216  0.3724189   1.00519214  0.3865525  -0.03809892] [0.90432362 0.35201578 0.28036661 0.34909474 0.79188327 0.52240811] 
86 [0.99480135 0.50825144 0.61644486 0.98926348 0.90903078 1.17898306] [ 0.92220245  0.81079431  0.53765122 -0.08717652  0.23260588  0.68215772] 
87 [ 0.22240906  0.59947972 -0.07395343  0.03831839  0.59044223  0.56342765] [1.02913491 0.9037504  0.36239328 0.58717854 0.19630707 0.12354812] 
88 [0.09876328 0.16879837 0.10872457 0.783611   0.35726794 1.03544385] [ 0.86244015  0.13275602  0.85321524  0.26267208 -0.16709494  1.43399772] 
89 [ 1.03720872  1.02991536  0.75199963 -0.03343028  1.01995783  0.56353566] [0.03663245 0.96350451 0.69150769 0.61888134 0.30879837 0.12351041] 
90 [-0.1164736   0.23290514  0.09383532  0.64461273 -0.06317737  0.54518424] [0.3258765  0.0844256  1.13461808 1.27459482 0.55038801 0.14345688] 
91 [0.77706303 0.04151151 0.37934951 0.24915873 0.24094399 1.00946489] [0.74807897 0.28648728 0.4686853  0.44642656 0.82042387 0.60954296] 
92 [ 1.46035165  0.00149621 -0.05013784  0.58824717  1.10367262  0.89238932] [ 0.4328446   0.79174834  0.26004382  0.66693326 -0.19439418  1.32553932] 
93 [ 0.87392225  0.41193569  0.79145019  0.91433534  0.11173261 -0.10708972] [0.84600549 0.14011609 0.84749078 0.87156792 0.68047685 0.45623257] 
94 [ 0.27690367 -0.08923579  0.17423418  0.64297756  1.10920434  0.05552927] [ 0.68146443  0.40734938 -0.08547188  0.15051242  0.95394594  0.71232805] 
95 [0.08816131 0.55132759 0.03239197 1.03647684 0.12169993 0.77169895] [ 0.9173603  -0.0552519  -0.06812476  0.1210508  -0.04125568  0.50874456] 
96 [ 0.38277358 -0.1101578   0.83789935  0.22868983 -0.01306933  0.90022268] [ 0.29064877  0.78526503  0.2760029   1.00544851  0.34001979 -0.04285281] 
97 [0.40702385 1.02900711 0.35932261 0.15803345 0.12384332 0.09752355] [ 0.49334914  1.11436024 -0.07269332  0.34145512  0.24265242 -0.11012693] 
98 [0.20960136 0.30109678 0.5095572  0.82065388 0.6595636  1.0246485 ] [1.1138515  0.02799581 0.10563133 0.11351058 1.65298301 0.19156438] 
99 [0.70423137 0.69624738 1.02802117 0.47725474 0.49200614 0.66553768] [1.00703699 0.70944388 0.6274402  0.53277837 0.05088321 0.32989934] 
100 [1.03737927 0.66132497 0.67932489 0.32369005 0.71044474 0.6070137 ] [-0.01162579  0.13036536  0.55106455  0.36134041  0.15820406  0.17447775] 
101 [0.68873427 0.82288223 0.92052454 0.60704596 0.75576734 0.94463559] [0.59245638 0.93464783 0.80054383 0.82601509 0.61050985 0.4341384 ] 
102 [0.87848984 0.40226159 0.59021604 0.49614419 0.72063545 0.00819724] [-0.01953701  0.03573148 -0.08433837  0.52391334  1.01516448  0.38031963] 
103 [-0.11193721  0.5032046   0.50622817  0.505674    0.79172359  0.31173417] [ 0.08800076  0.44328475 -0.04258073  0.06632412  0.3923469   0.92317448] 
104 [1.03823614 0.8440574  0.03575114 0.71529057 0.42491628 0.44056362] [0.87445655 0.73866738 0.09099209 0.43163684 0.54460007 0.56848007] 
105 [ 0.09472159 -0.11795194 -0.19552189  0.33966699  0.55747764  0.42916476] [0.81986505 0.6490339  0.49502247 1.20913667 0.20508123 1.42052555] 
106 [0.34606768 0.73634315 0.68243878 0.40481417 0.78786349 0.52391774] [0.55671868 0.11838058 0.93139583 0.72221381 1.38483043 0.84561794] 
107 [0.38575919 0.22689502 0.80219013 0.8316236  0.92291671 0.212201  ] [ 0.89513768 -0.00413646  0.78225233  0.9030705   0.29461118  0.43742017] 
108 [ 0.51592166  0.48969381 -0.05458376  0.18322257  1.18005198  0.9124571 ] [0.05143607 0.85791369 0.51468123 0.20995118 0.55810561 0.25759175] 
109 [-0.29058378  0.81554316 -0.03137691 -0.12373398  0.23802015 -0.05157358] [0.25732594 0.20613437 0.10010659 0.98012508 0.84281748 0.77736501] 
110 [0.21895922 0.59133995 1.12735712 0.90645819 0.03167624 0.84110568] [ 1.05661533  0.21028537  0.09417072  0.60081006  1.12642463 -0.00249286] 
111 [ 0.83093108  0.70174795 -0.04570492  0.41574698  0.8004132   0.18827064] [0.0292362  0.73202807 0.69716425 0.73806876 0.33624325 1.21714358] 
112 [-0.20110533  1.23969175  0.91755187  0.94575468 -0.05451365  0.06737626] [0.55788527 0.07269895 0.54962267 0.44963394 0.89279624 0.08446549] 
113 [0.4893855  0.70986292 0.42364844 1.12305846 0.18670839 0.80731561] [0.19780662 0.23998766 0.84485604 0.17660212 0.36024718 0.40941364] 
114 [ 0.32044062  0.43241575  0.42441944  0.51286394  0.3536433  -0.12453246] [0.41730993 0.18906072 0.18709392 0.549348   0.63825741 0.68217703] 
115 [ 0.32481613 -0.17416473  0.48011328 -0.12430427  0.58902332 -0.10477039] [0.31645757 0.6798294  0.58901591 0.68210298 0.4620191  1.03130094] 
116 [0.22533042 0.3788096  1.39604652 0.31054232 1.26323985 0.63690866] [ 0.62920788  0.23676246  0.77895018 -0.14586187  0.30115293 -0.22990048] 
117 [0.86667399 1.05800821 0.19030793 0.43130192 0.72359811 0.47670527] [-0.0206383   0.7443307   0.93633795 -0.04085621  0.03028051  0.26183118] 
118 [ 0.54204246  0.72497003  0.09676178 -0.08767593  0.97638645  0.46416761] [ 0.25518448  0.69631347  0.26887383  0.61805603 -0.44261538  0.47527272] 
119 [ 0.13940396  0.18108542  0.25811566  0.99480588  0.35716432 -0.0612504 ] [0.6457271  0.50884048 0.52353203 0.58616413 0.72241977 0.5263034 ] 
120 [ 0.36948871 -0.0985039   0.68020246  0.23535088  0.19528403 -0.0300697 ] [0.4075273  0.68590093 0.05825536 0.29723046 1.10911624 0.19018358] 
121 [ 0.18016594  0.50356028  0.5007087   1.07688564 -0.20264082  0.00949513] [0.51389638 0.03868064 0.01819657 1.01377479 1.14456513 0.12133133] 
122 [ 0.31606852 -0.11439038  0.72449622  0.61526236  0.72078049  0.89212366] [ 0.71083792  0.37377742  0.13169917  1.44407782 -0.06693699  0.08567377] 
123 [0.1260545  0.62543202 0.30401213 0.01576162 0.73450397 0.69152643] [ 0.24246972 -0.04432196  0.69982275  0.86152687  1.35069643  1.13174233] 
124 [0.18347983 0.28599779 0.69394245 0.56306441 0.28913156 0.65507741] [0.78303633 0.69446745 1.40796687 0.83130452 0.38733675 1.38068396] 
125 [ 0.31493582  0.74423133 -0.06484205  0.51255814  0.87455514 -0.05813328] [ 0.20007561  0.14898607 -0.20342057  0.03136382  0.80441179  1.30574395] 
126 [0.9360136  0.01792646 0.02370777 0.92580495 0.72957984 0.1708278 ] [0.30536838 0.05325208 0.34256861 0.68734142 0.68102087 0.28637921] 
127 [ 0.62049452  0.87269331  0.70185797  0.20524849  0.54482241 -0.00532349] [ 0.03246475 -0.02347468  0.3485113   0.25074763  1.07550161  0.26629941] 
128 [0.26202115 0.66009277 0.15558708 0.81652927 0.56141122 0.0947669 ] [0.98527453 0.6870565  0.49209641 0.22706616 0.03899979 0.17921514] 
129 [0.24684149 0.43830661 0.23888135 1.29727091 0.10147056 1.20280998] [ 0.9735724  -0.16233442  0.27258214  0.5202974   1.06714706  0.08841785] 
130 [0.20842511 0.32241601 0.41859741 0.1554488  0.23382887 1.37724423] [ 0.76642626  0.58746512  1.0562868   1.21506121  0.06755904 -0.34026161] 
131 [0.19548054 0.77283265 0.78433464 0.82873211 0.18805086 0.57653487] [0.96283981 0.01110247 0.06084435 1.41538953 0.37925794 0.2064226 ] 
132 [ 0.62851615  0.44302224  0.68531873 -0.09946777  0.00349078  0.16588791] [0.0114735  0.00128529 0.46988124 0.21023065 0.36140933 1.00525259] 
133 [ 0.41103975  0.70238245  1.00002313  0.20409374 -0.02887953  0.80546764] [-0.04032347  0.8582538  -0.02673312  0.3723109   0.33036554  0.62985379] 
134 [ 0.74134334  1.38306606  0.3088986  -0.33297949  0.12605537  0.61816558] [-0.06229635  0.52808029  0.40737267  0.84054271  0.48139286  0.20514745] 
135 [0.56691658 0.04299683 0.6736301  0.86887811 0.58877268 1.31199579] [0.67974217 0.54511479 0.50698467 0.93329525 0.75885298 0.75603759] 
136 [1.15693449 0.29712828 0.32904961 0.6562035  0.32936866 0.79484505] [-0.03506083  0.06976855  0.04821522  0.51960279  0.28171389  0.10254559] 
137 [ 0.39525403 -0.15607995  0.30267869  0.94196396  1.24812046  0.51964476] [0.25134882 0.89233994 0.09030526 0.01250353 0.24791142 1.41998851] 
138 [1.04358116 0.63478375 0.35794848 0.31197562 0.50020179 0.41511345] [0.52001125 0.56066876 0.46277054 0.68150392 0.15065283 0.77408658] 
139 [ 1.09187008  0.97285847  0.74341988  0.19913286 -0.0135659   0.65697681] [ 0.81184394  0.65571842 -0.09940102  0.12942948  0.41369528  0.45184332] 
140 [0.72498436 0.45924492 0.78856405 0.51177482 0.15396504 0.37311525] [0.31999079 0.83641827 1.02668928 1.03078629 0.3596674  0.90738297] 
141 [ 0.24288757  0.76034362  0.35739458  0.74094155  0.20259206 -0.15506759] [ 1.0494199   0.21445496 -0.13354021  0.86000553  0.1032843   0.68551721] 
142 [ 0.22066693  0.51611769  1.22531755  0.16278757  0.58588673 -0.06576714] [ 1.1109388   0.13832268  0.16112437 -0.13812825  0.81145757  0.95311322] 
143 [ 0.22124781  0.33404806  1.00867669  0.70085477 -0.13589647  0.23852904] [0.79312137 0.61847485 0.43041187 0.73676682 0.82725405 0.18977459] 
144 [0.19979571 0.35859178 1.26901489 0.2830301  0.9872731  0.79905673] [0.81048385 0.42979407 1.08687238 0.69511595 0.17371914 0.73576332] 
145 [0.47281345 0.04206437 0.69619408 0.50376183 0.71218173 0.20970417] [0.36873598 0.1621725  0.95505867 0.90822736 0.1341768  0.58662226] 
146 [ 0.23978454  0.65783559  0.32002488  0.09060803 -0.04524649 -0.37315473] [1.05427879 0.21391432 0.56631047 0.55236207 0.39053935 0.06760927] 
147 [0.21351374 0.5355194  1.00246226 0.60296985 0.47802406 0.42697661] [ 0.65765727 -0.0337199   0.01834749 -0.470992    0.43314402  0.23412262] 
148 [0.97467958 0.28304197 0.08556707 0.26095586 0.42193091 0.09680533] [0.89082976 0.53516971 0.91576217 0.35230406 1.01362359 0.72483339] 
149 [ 0.60736438  0.03290236 -0.17111904  0.34858641  1.50503416  0.61257314] [ 0.74864441  1.08445409  1.19224223 -0.00636102  0.66940086  0.20311097] 
150 [0.95169657 1.04770208 0.35325237 0.48071759 0.68412035 0.37724095] [0.70777313 0.80790461 0.21646421 0.81528175 0.94022533 0.9544035 ] 
151 [0.24775457 0.7080435  0.6683875  0.29226461 0.86139635 0.10641137] [ 1.10289353  1.28893019 -0.06140523  0.07542859  0.45857664  0.00423192] 
152 [0.6180279  0.67461917 0.75592264 0.49657616 0.93611652 0.1988947 ] [0.81319705 1.01432139 0.43089241 0.68623952 0.38560776 0.9269531 ] 
153 [ 0.2082389   0.43741388 -0.05358835  1.07079298 -0.00138783  0.44980745] [ 1.12409437  0.69365686  0.8881434  -0.09844927  0.22446764  0.05731215] 
154 [0.14162378 0.25256674 0.62272607 0.1929203  0.50430604 0.77208624] [ 0.77353726  0.6648746  -0.33456265  1.08091487  0.14373854  0.25517072] 
155 [0.79893174 0.59977131 0.81306944 0.50329721 0.74527109 0.45270309] [0.89931055 0.3354975  0.78919516 0.84389431 0.83407014 0.08526503] 
156 [ 0.25145885  0.71240603  0.5242486   0.63869116  0.16088697 -0.08756748] [ 1.03144175  0.18448457 -0.10180545  0.60755914  0.21829505  0.78923184] 
157 [ 0.22759158  0.34582561  0.46149698  1.00313917  0.20375722 -0.10242614] [ 1.00708941 -0.06804571  0.07917796  0.80140211  0.1548532   0.74777214] 
158 [ 1.60274941 -0.1193698   0.48724389  0.44561641 -0.17953227  0.06297717] [0.25389955 1.314511   0.79856142 0.70364803 0.49387958 0.47519923] 
159 [0.15758205 0.28515287 0.74101416 0.47087296 0.4759999  0.43960797] [0.0853953  0.47856772 0.96523083 0.92733833 0.04919758 0.62335866] 
160 [0.95542595 0.0177074  0.94499367 0.72115136 0.22855122 0.50579858] [0.36141311 0.32680921 0.68004864 0.72330271 0.31131927 0.11509838] 
161 [0.8348968  0.69008925 0.44419753 0.34148138 0.27567435 0.16417857] [ 0.35753921  0.88432413 -0.03091231 -0.17866071 -0.17303236  0.62419859] 
162 [ 0.35744718 -0.17567678  1.07855421  0.93281456  0.48481358  0.24171202] [ 0.51265622  0.5557995  -0.00979497  0.1173114   1.48832843  0.2260508 ] 
163 [ 0.28289314 -0.1050256   0.77160534  0.53777212  0.61150478  1.05688533] [ 0.76143261  0.28772257  0.17882943  1.42603105 -0.08276119  0.03789994] 
164 [0.83136326 0.53733433 0.33810296 0.44965903 0.53933929 0.54813923] [ 0.50385393  0.90598773 -0.05627671  1.03048036  1.18305304  0.95538318] 
165 [1.03510645 0.49820696 0.35224141 0.5853386  0.68191039 0.37501126] [0.87502262 0.05192907 1.02653474 0.65977701 0.52844644 0.66997555] 
166 [ 0.2661854   0.08649761 -0.12327054  0.84365048  0.37999513  0.73438672] [ 0.12243705  0.36813282  0.57282829  0.21501663  1.41554777 -0.03989571] 
167 [0.75891706 0.71865562 0.24473999 0.69375204 0.17415433 0.3970953 ] [-0.05134736  0.0386725   0.08711266  0.37437542  0.24030117  0.11048873] 
168 [ 0.85734953  0.78338545  0.61859714 -0.17976398  0.57255348 -0.06615228] [-0.02312967  0.08107419  0.79239872  1.07282062  0.52569242  0.84530996] 
169 [0.94447642 0.03490896 0.44855617 0.67075602 0.77116378 0.05313439] [ 0.70749367  1.08764016 -0.06727706  0.21257905  0.67226773  0.01609534] 
170 [0.249084   0.68143756 0.56779279 0.00344605 1.01947678 0.25921023] [1.07724882 0.1713418  0.88632935 0.54645235 0.00989199 0.08762196] 
171 [ 0.18169612  0.44521314  0.66838432  0.64899887  0.07767699 -0.0222518 ] [-0.57996304 -0.29523326  1.35490576  0.47898547  0.86960786  0.33112525] 
172 [0.06239977 0.09860099 0.28934236 0.27753606 0.55262958 1.19093793] [ 0.52524728  0.69596637  0.90080788  1.28637674 -0.17990844  0.19328584] 
173 [ 0.83455348  0.02996499 -0.03433038  0.81588243  0.61181681  1.11451589] [ 0.4352707   0.62713356  0.52530669 -0.11894012  0.37492949  0.22449053] 
174 [ 0.24278549  0.75580823  0.18997375  0.13628552 -0.10070579 -0.03303517] [ 1.05745357  0.1294759   0.51187097  0.56745014  0.51244285 -0.09031872] 
175 [1.00748503 0.31023019 0.86856466 0.87793008 0.30377794 0.87846175] [1.00678485 0.59784521 0.59387753 0.85171354 0.99391168 0.47422371] 
176 [1.14515923 0.71382413 1.12701537 0.16949818 1.16026202 0.43257853] [-0.01444212  0.62865552  1.2925029  -0.04467217  0.25134484  0.14410672] 
177 [ 0.91407231 -0.01541135  0.529883    0.83959282  0.89664788  0.63773872] [ 0.4176691   1.11426937 -0.00419397  0.55120218  0.2990747   0.13909487] 
178 [-0.29450963  0.42180729  0.2547934   1.11095021  1.27456367  0.40330875] [ 0.14383437  1.2604423  -0.45564965 -0.16614759  0.02556016  0.19076526] 
179 [ 0.22034547  0.36010122  0.48540327  0.43110515 -0.0876575  -0.04233925] [0.91106641 0.40967914 0.63363186 0.38520704 0.71500522 0.15564781] 
180 [ 0.16624679 -0.27764813  0.1929992   0.21347408  0.64436324  0.56862   ] [ 0.84176131 -0.32405703  0.95498358 -0.14149847  0.05375954  0.26782379] 
181 [0.3238989  0.89296792 0.60120241 0.34864419 0.71772551 0.78739823] [0.53579641 1.11057231 0.91084098 0.28087046 0.63552986 0.47681803] 
182 [ 0.35994849 -0.10763345  0.98426218  0.14466279 -0.03037488 -0.1706341 ] [0.57331303 0.54735459 0.459587   0.29428613 0.84263021 0.0365768 ] 
183 [ 1.09612015 -0.0282914   0.27074822  0.58473621  0.77618305  0.93927603] [ 1.31901894  0.1352149   0.1659448   0.57730675 -0.05479294  1.09811868] 
184 [0.11664012 0.28743494 0.40554226 0.986268   0.51054953 0.35960467] [0.88409247 0.96722653 1.61327654 0.45109892 0.38357053 0.34870587] 
185 [0.40275221 1.26729119 0.67235683 0.33404016 1.03291825 0.46967976] [-0.05640832  0.12458988  0.53219655  0.33405658  0.1369711   0.15395789] 
186 [ 0.09640843 -0.05713764  0.26748616  1.11960949  0.70647482  0.19212789] [0.10362556 0.6009211  0.89313667 0.03138384 0.44746788 1.18443122] 
187 [ 0.96868093  0.35372999  0.96816529 -0.26051152  0.27561774  0.73293979] [1.22285844 0.25554125 0.88774031 0.09649042 0.30787626 0.71125941] 
188 [0.87525001 0.81406379 0.4145417  0.57707715 0.23563244 0.11995961] [0.78737507 0.69787207 0.55917927 0.3136827  1.06968544 0.91605852] 
189 [0.02528489 0.02423905 0.2148083  0.13419964 0.43261018 0.53406056] [ 0.6779261   0.64707205  1.11763208  1.39522916 -0.31860258 -0.18830005] 
190 [1.00120927 0.14443032 0.75597441 1.00167884 0.33496934 0.8912576 ] [0.6180681  0.53020724 0.67002414 0.02039336 0.86492723 0.45807223] 
191 [ 0.21189302  0.70101293  1.09817034 -0.02868259  0.06945316  0.87123658] [ 1.00216361e+00  9.80557729e-02  7.99172397e-01  4.87590161e-04
  8.62956596e-01 -1.51974468e-01] 
192 [0.28989264 0.57295124 0.63215303 0.74611933 0.17293018 0.50088253] [ 0.1777513  -0.02553624  0.02240455  0.27344744  0.3735852   1.38304944] 
193 [0.24109226 0.52820184 0.64366457 1.13110517 0.47761973 0.73218741] [1.1298357  0.07633724 1.46036706 0.13591827 0.17629051 0.09519903] 
194 [0.66563036 0.72969545 0.51871195 0.4160893  0.23083316 0.60853985] [0.10833217 0.60931167 0.5399659  0.35982572 0.68809835 0.85843566] 
195 [ 0.35398913  0.83396681 -0.07576428  0.0960487   1.18601783  0.47241445] [0.12048598 0.72659822 0.38429512 0.46973376 0.6352451  0.25477004] 
196 [0.24797596 0.57789505 0.36563289 0.19601855 0.53119334 0.79082677] [-0.03847029  0.5295453   0.02814987  0.6713725   0.34642999  0.5533128 ] 
197 [0.88356667 0.75618496 0.70547816 0.82222737 0.42948271 0.2673144 ] [0.51496041 0.40825373 0.45851766 0.57719127 0.36800484 0.59748845] 
198 [0.30034453 0.78298125 0.95453206 0.45094754 0.58809062 0.2738656 ] [ 0.84061611  0.92110893 -0.18355477  0.43824972 -0.06477678  0.14301101] 
199 [0.32223824 0.75783776 0.1009479  0.17644086 0.68920033 0.61007127] [0.56420151 0.70845093 0.7430472  0.29366847 0.95877603 0.44305112] 
