0 68 59 64 64 76 68 66 62 51 62 60 69 56 57 137 199 199 71 199 199 199 
1 83 78 67 61 60 59 67 60 54 131 94 68 148 114 123 66 199 199 199 199 199 
2 42 60 85 70 62 63 75 83 60 72 124 108 58 88 199 199 199 162 199 199 199 
3 50 61 55 47 74 59 51 50 57 45 84 65 66 199 64 94 199 199 199 199 199 
4 50 55 42 50 48 54 52 49 48 55 60 57 54 59 50 100 199 143 178 199 61 
5 51 34 85 75 78 87 79 80 79 70 97 119 199 98 104 199 199 199 134 199 199 
6 64 64 53 57 52 52 61 54 54 54 106 116 199 199 116 199 113 199 87 199 199 
7 82 77 71 65 80 80 86 81 165 136 84 199 150 199 199 199 199 82 199 199 199 
8 33 80 58 57 65 74 161 102 71 110 199 199 76 112 199 199 199 199 199 199 199 
9 42 96 92 64 66 85 96 192 77 75 75 96 114 63 199 169 129 184 199 199 199 
10 37 37 87 112 126 105 109 107 102 95 100 199 60 53 199 189 128 199 199 199 199 
11 66 64 52 64 60 85 86 93 199 199 159 122 199 174 173 199 71 199 199 199 199 
12 58 55 49 54 54 50 54 71 102 85 64 160 84 199 199 184 125 199 199 84 199 
13 69 58 53 90 64 68 59 61 63 59 63 199 116 58 64 199 199 199 199 199 199 
14 51 54 51 61 64 67 68 79 76 80 87 199 81 132 199 199 199 118 199 199 199 
15 64 57 59 74 94 70 115 70 71 111 100 199 199 67 90 143 199 199 199 199 199 
16 26 67 57 95 63 89 102 199 123 199 153 199 199 136 109 199 199 199 133 199 199 
17 98 74 72 64 60 59 55 104 88 64 130 118 69 199 199 60 199 199 199 199 199 
18 54 44 93 81 83 76 83 80 74 71 75 199 159 52 199 153 199 168 199 199 199 
19 47 96 99 73 80 110 73 67 56 73 87 100 115 173 199 199 199 199 128 100 199 
20 78 75 59 59 60 65 61 88 184 89 187 199 190 149 199 199 166 199 199 199 199 
21 89 66 74 66 102 100 76 85 70 72 85 130 199 81 96 171 199 199 199 199 199 
22 125 97 80 69 65 70 67 64 70 68 82 80 199 78 199 199 106 137 199 199 199 
23 57 53 48 53 50 60 50 51 107 72 71 74 181 106 111 199 199 199 199 199 199 
24 24 74 81 69 72 68 71 69 74 69 79 142 104 98 174 199 199 199 119 199 199 
25 76 71 99 65 65 74 74 74 68 110 62 77 53 199 112 199 98 199 199 199 199 
26 113 92 101 83 110 79 82 91 47 122 70 104 107 147 100 127 199 199 199 199 199 
27 57 78 64 63 65 55 57 67 78 108 82 76 199 165 199 199 197 199 199 199 199 
28 52 51 53 130 79 86 84 62 129 69 55 92 199 76 199 199 186 199 199 199 199 
29 24 27 70 56 77 72 90 67 61 63 57 57 55 54 55 60 199 100 199 199 199 
30 63 49 54 60 60 60 141 88 150 63 77 133 68 199 199 199 199 199 199 199 199 
31 51 46 48 56 49 49 33 46 49 58 60 77 70 51 199 137 199 199 161 199 199 
32 84 69 60 59 60 63 73 58 199 94 114 199 83 199 112 199 199 199 199 199 199 
33 45 36 48 45 49 49 45 58 91 75 56 80 192 63 199 58 66 158 199 199 199 
34 44 37 83 80 82 87 77 81 82 126 85 60 100 79 90 199 199 167 199 199 143 
35 59 106 84 83 84 95 199 95 117 148 199 159 139 137 199 125 147 199 199 69 66 
36 54 54 52 57 57 58 57 63 52 65 63 52 79 80 77 80 199 199 155 199 199 
37 53 74 73 79 75 60 65 72 60 44 58 66 199 199 64 110 107 114 118 199 199 
38 64 48 129 91 96 91 120 84 102 117 97 80 199 117 199 197 189 134 199 199 199 
39 73 76 58 50 58 57 72 98 90 70 178 65 97 73 199 199 199 136 199 199 199 
40 38 36 59 47 34 53 53 55 132 52 78 95 89 148 101 199 136 199 199 199 199 
41 17 12 36 32 99 36 34 125 159 106 151 96 62 86 143 199 182 199 199 199 199 
42 111 93 55 48 35 55 46 46 43 42 45 46 40 53 58 53 199 199 199 51 199 
43 103 73 108 78 74 65 109 146 105 103 199 199 199 199 199 93 199 199 199 193 199 
44 93 70 56 48 54 57 53 53 49 52 54 45 97 69 99 199 199 199 199 199 199 
45 73 60 56 51 59 47 45 68 63 54 72 150 99 69 80 199 199 199 199 199 199 
46 64 55 57 62 62 65 66 197 199 74 91 119 199 199 94 199 199 156 199 199 199 
47 79 55 83 70 78 54 59 51 72 71 93 199 143 191 199 174 199 199 199 199 199 
48 93 74 85 92 77 99 103 116 83 104 174 56 136 102 199 199 199 199 199 199 199 
49 34 85 91 74 55 65 60 62 67 56 133 60 65 72 153 188 199 199 199 199 199 
50 63 60 58 50 56 52 60 51 119 66 51 68 93 199 199 136 199 199 199 199 199 
51 94 61 56 81 93 63 199 73 87 77 199 98 144 76 199 199 96 90 176 199 199 
52 47 40 38 27 32 39 17 106 141 143 81 199 79 199 199 199 199 199 173 199 199 
53 63 51 37 32 30 39 33 42 40 43 43 46 48 48 199 199 199 108 199 199 199 
54 46 46 47 46 50 42 41 72 39 75 135 183 126 170 108 199 190 199 199 199 199 
55 31 40 33 17 28 26 43 37 34 199 117 121 199 128 199 199 199 199 199 128 199 
56 129 77 54 68 59 56 46 57 56 75 199 80 170 121 51 199 157 165 199 199 199 
57 55 69 66 59 65 53 55 51 199 90 72 157 141 199 199 199 199 199 199 199 199 
58 48 48 40 50 49 44 40 42 41 42 42 38 36 113 48 46 199 44 42 47 44 
59 67 49 44 51 50 55 52 51 64 61 48 60 109 199 104 76 199 199 199 66 199 
60 98 85 77 69 60 52 48 58 58 72 61 57 98 199 55 199 104 199 199 199 199 
61 101 86 63 86 68 94 63 64 100 199 199 89 74 68 199 199 199 199 199 178 199 
62 49 96 79 78 64 71 65 116 65 104 77 126 198 199 199 157 157 199 199 199 199 
63 42 46 51 47 44 44 51 44 61 63 59 63 83 79 72 61 66 67 199 199 199 
64 74 76 68 67 61 57 65 69 56 55 61 64 65 64 59 87 199 199 199 199 199 
65 46 52 42 53 49 50 54 54 67 63 54 58 58 60 155 81 199 92 199 199 199 
66 34 38 28 26 52 54 57 83 132 116 143 152 129 128 99 113 199 199 199 156 199 
67 65 56 62 59 53 53 55 135 59 60 63 50 199 61 54 48 87 199 85 199 199 
68 44 67 64 66 67 61 60 61 58 55 57 58 56 52 47 55 199 193 137 199 199 
69 54 119 81 103 47 60 56 57 63 199 65 162 199 61 199 199 199 199 199 199 199 
70 67 61 59 51 56 58 56 54 57 55 62 147 78 199 199 173 137 179 199 145 199 
71 28 34 43 50 46 54 47 48 45 53 57 84 199 77 123 199 192 199 199 199 199 
72 92 50 98 69 73 86 94 127 114 195 73 199 138 199 89 199 199 99 199 199 83 
73 85 73 61 56 63 81 72 73 79 89 71 105 144 199 199 159 199 199 187 111 199 
74 38 144 110 107 183 114 107 123 128 90 143 139 123 69 199 199 199 177 199 199 199 
75 65 65 49 51 58 51 51 54 48 130 62 89 199 89 81 199 143 199 199 131 199 
76 74 76 56 64 60 71 64 73 54 54 50 56 60 56 60 199 199 199 199 199 199 
77 53 100 89 84 78 91 177 103 124 89 104 199 199 199 199 199 199 199 82 161 199 
78 74 53 60 55 62 56 52 51 50 50 56 73 78 110 195 128 77 85 199 199 199 
79 32 33 45 39 36 33 39 36 34 36 48 44 40 44 47 29 54 36 50 68 66 
80 58 59 56 55 55 46 66 54 79 63 76 134 149 113 79 86 199 199 199 199 199 
81 117 97 82 70 76 58 84 62 115 93 70 145 199 111 198 87 142 95 199 199 199 
82 34 40 28 31 29 26 32 35 34 33 84 199 199 199 199 25 199 199 199 199 199 
83 69 62 54 52 62 64 68 49 46 55 52 56 62 65 63 61 199 145 199 199 199 
84 34 56 33 87 199 199 199 102 157 128 90 95 97 199 87 199 125 199 199 199 199 
85 83 75 59 59 74 53 50 100 56 199 199 64 117 76 199 199 199 199 199 199 199 
86 40 38 36 45 42 38 43 44 42 40 38 40 41 40 38 40 39 33 42 40 45 
87 86 65 67 65 61 61 62 60 59 58 60 59 53 51 67 59 57 65 69 199 199 
88 120 93 100 82 72 86 99 99 71 85 120 99 56 199 199 121 139 175 199 199 199 
89 56 70 55 81 51 61 56 48 55 50 57 41 74 63 199 90 199 199 168 112 199 
90 70 77 48 62 63 57 127 93 58 61 83 115 72 60 83 199 199 199 199 199 199 
91 43 54 50 51 119 157 33 198 128 105 199 145 199 143 199 83 199 199 199 199 199 
92 89 94 84 79 81 65 55 123 199 132 116 199 199 186 199 187 199 199 154 199 191 
93 22 31 26 30 40 38 50 94 88 69 125 178 115 79 199 113 168 199 199 199 199 
94 53 50 52 51 50 49 63 115 110 97 103 199 199 199 199 199 199 199 199 199 199 
95 56 82 55 51 70 74 72 63 98 80 66 97 179 199 138 94 199 199 146 93 199 
96 67 88 49 85 75 61 55 75 81 77 199 69 85 194 101 147 199 199 199 199 199 
97 39 32 39 37 78 72 68 63 65 64 55 65 66 63 53 66 199 73 77 57 199 
98 47 61 61 58 55 60 59 56 53 62 199 106 76 140 166 188 135 137 199 199 199 
99 24 25 22 38 36 36 38 36 25 30 74 76 74 72 84 84 84 199 199 199 50 
100 87 58 45 63 78 83 136 104 72 133 78 140 96 117 70 199 199 199 199 95 199 
101 19 14 40 46 41 44 46 36 114 199 122 171 95 97 199 148 199 199 199 199 199 
102 77 56 48 51 55 59 156 199 199 173 138 96 199 79 115 158 199 168 199 199 199 
103 59 57 49 61 51 65 63 61 59 81 199 95 81 199 199 178 199 88 199 199 199 
104 37 27 22 20 62 55 52 46 55 41 58 47 41 52 49 47 49 48 52 51 50 
105 56 69 54 51 45 52 62 67 54 59 73 75 60 199 199 199 199 199 199 199 199 
106 65 35 39 44 48 42 39 38 48 43 87 101 199 199 199 97 73 199 185 180 103 
107 21 15 13 79 100 110 84 79 73 88 93 92 199 199 199 199 199 131 199 116 199 
108 42 49 50 40 48 100 78 79 139 113 146 138 199 151 199 199 199 199 199 199 199 
109 52 54 61 56 57 60 67 57 165 60 72 64 113 86 199 84 137 199 199 192 199 
110 45 40 50 45 46 49 46 50 48 57 125 55 92 199 199 199 199 92 199 199 199 
111 59 60 61 65 63 51 65 133 53 71 94 199 199 82 199 199 138 199 199 152 199 
112 46 49 55 56 46 55 54 61 58 46 85 159 74 138 107 199 69 199 199 127 199 
113 49 116 92 58 74 76 75 73 78 78 78 117 103 151 196 199 100 199 199 100 199 
114 29 46 82 73 67 58 103 96 59 117 68 77 199 135 199 199 199 199 199 199 199 
115 60 57 54 56 139 77 82 64 55 62 82 199 199 170 110 159 199 199 199 199 199 
116 102 77 68 57 119 78 69 65 76 64 170 94 109 199 199 199 199 199 199 199 199 
117 36 38 44 43 46 42 44 45 52 40 141 199 104 168 132 199 199 199 199 199 199 
118 57 47 44 45 68 89 80 95 81 80 132 127 83 199 199 199 129 199 124 199 199 
119 68 60 52 71 63 71 71 67 102 79 117 45 117 80 199 199 164 123 199 199 199 
120 44 52 48 55 75 72 199 177 59 149 74 70 104 81 90 63 199 199 199 199 199 
121 79 73 68 66 72 64 65 68 53 61 70 199 69 199 104 199 163 199 199 199 199 
122 77 59 48 40 51 56 52 50 48 60 120 199 187 199 199 199 89 98 199 199 199 
123 72 86 84 79 71 69 64 68 67 63 62 60 49 199 199 199 98 199 199 181 199 
124 116 104 74 65 51 54 60 54 55 199 137 199 199 119 91 152 199 168 199 199 199 
125 55 56 52 53 61 55 67 158 75 141 199 86 110 199 199 183 199 199 199 162 199 
126 37 69 61 69 66 61 60 65 199 70 90 78 106 199 199 145 199 199 199 112 199 
127 40 48 41 36 45 39 42 45 50 58 88 199 65 199 199 152 199 199 199 199 199 
128 51 73 57 60 59 58 54 54 60 60 62 55 199 199 97 199 199 87 199 199 199 
129 79 62 68 64 71 85 89 162 79 58 87 94 92 80 199 122 199 199 199 199 199 
130 96 66 52 66 67 65 71 62 92 117 123 66 157 92 77 199 137 199 199 199 199 
131 65 59 77 54 55 96 75 61 82 199 113 156 99 143 199 78 199 199 199 199 199 
132 66 71 67 62 65 48 75 90 81 71 87 199 199 199 182 199 199 199 199 199 199 
133 43 30 47 39 35 42 39 37 35 38 39 34 42 41 51 199 70 199 199 199 110 
134 81 63 51 60 58 53 53 199 69 52 113 82 108 199 164 151 199 87 199 199 199 
135 38 40 158 112 107 109 101 97 108 119 92 128 110 199 199 199 199 174 199 199 199 
136 57 60 59 55 78 99 88 133 87 109 62 167 118 59 199 128 199 106 199 199 199 
137 55 40 51 53 50 48 117 62 109 60 199 199 196 199 199 199 199 199 199 71 199 
138 31 40 101 85 116 92 156 171 199 117 128 137 83 112 123 33 34 43 42 199 47 
139 27 23 33 63 24 37 40 47 48 38 43 46 53 36 44 52 52 54 45 34 199 
140 21 21 27 57 52 49 48 46 50 80 75 81 78 97 199 174 199 156 199 199 199 
141 102 75 74 85 78 78 79 79 182 91 155 89 64 56 87 199 199 199 199 199 199 
142 52 47 51 60 49 49 169 57 63 53 92 58 79 89 199 191 199 185 199 199 193 
143 88 78 51 54 55 58 65 72 73 124 70 104 99 81 84 199 199 199 199 199 199 
144 59 55 58 69 88 76 71 64 67 60 71 90 103 128 199 199 199 199 133 199 199 
145 36 32 44 148 90 90 70 63 86 116 77 64 174 48 154 199 199 199 199 199 199 
146 53 56 47 54 55 53 117 64 60 65 132 199 116 52 49 54 58 49 55 64 199 
147 68 60 66 62 54 75 73 92 65 163 75 70 106 199 163 199 199 199 199 87 199 
148 21 16 21 45 43 57 52 54 47 160 109 80 136 90 132 199 101 199 33 46 199 
149 102 80 62 60 61 55 60 53 60 53 53 65 58 144 136 199 199 199 199 199 199 
150 13 44 43 38 38 36 41 43 53 30 51 47 55 52 45 148 98 182 199 199 199 
151 30 68 62 62 63 54 71 57 60 56 60 67 67 137 196 199 199 199 118 199 103 
152 21 74 67 58 110 59 69 66 69 63 61 71 87 199 63 199 199 117 199 199 199 
153 64 65 54 56 62 55 60 66 54 69 57 99 199 87 199 199 199 73 199 199 199 
154 69 59 76 106 78 70 58 62 63 74 76 199 70 135 151 199 199 199 199 199 199 
155 36 55 42 45 42 28 25 38 25 41 39 51 53 51 54 54 52 77 57 39 37 
156 72 54 54 46 56 48 55 47 68 65 106 127 199 138 148 89 199 199 199 199 199 
157 86 80 70 78 68 65 91 83 56 51 76 95 199 116 145 137 168 192 85 199 199 
158 94 72 92 82 76 59 65 70 75 110 199 113 199 199 199 199 199 199 199 199 199 
159 40 70 108 90 84 57 74 77 116 199 88 87 69 145 199 199 199 199 199 199 199 
160 30 22 22 33 30 35 32 31 29 27 28 22 31 30 31 26 36 199 199 199 36 
161 32 31 95 94 93 88 199 99 98 138 199 118 199 199 161 199 199 199 199 199 199 
162 76 73 59 50 53 62 64 74 67 85 151 148 199 137 199 199 199 154 184 199 199 
163 77 57 55 54 55 46 52 40 64 59 57 58 199 50 62 147 108 199 199 199 199 
164 37 116 99 85 53 84 106 81 75 119 199 64 103 98 199 199 199 199 199 199 199 
165 26 39 37 55 49 55 51 49 46 50 57 49 54 55 41 50 39 43 43 48 56 
166 46 55 83 68 54 64 65 62 66 157 199 86 61 69 94 199 199 199 199 199 199 
167 82 109 66 68 96 91 82 158 88 101 103 152 199 199 113 199 199 199 199 199 199 
168 56 71 56 64 64 74 83 79 75 79 90 199 169 94 92 159 199 199 142 199 199 
169 44 80 60 45 42 54 57 54 54 52 79 149 199 81 199 199 199 199 199 199 199 
170 52 46 49 46 62 48 51 61 49 52 71 59 68 50 54 199 51 199 199 199 199 
171 64 56 58 56 56 51 40 54 62 59 62 63 64 64 57 46 64 199 199 199 199 
172 96 91 65 75 77 199 67 69 67 84 98 98 103 185 142 99 199 199 199 199 199 
173 56 56 104 93 73 77 84 78 82 116 199 97 199 181 199 178 199 199 199 199 199 
174 54 59 56 61 67 57 61 150 60 72 104 68 54 81 80 112 199 94 98 199 199 
175 21 69 87 83 104 85 64 61 54 104 69 199 129 199 175 161 199 199 199 199 199 
176 69 85 62 61 46 115 199 55 123 97 108 107 150 199 199 120 199 199 199 199 199 
177 64 58 47 70 36 62 63 58 112 67 88 199 87 179 174 184 88 199 199 199 199 
178 106 67 65 68 199 63 103 82 101 199 85 61 199 199 199 199 199 153 199 199 199 
179 61 51 54 47 55 56 56 51 55 60 137 51 38 57 199 92 140 199 199 199 199 
180 71 71 65 70 55 66 63 65 78 56 77 199 120 93 199 199 199 199 199 199 199 
181 26 28 86 98 92 76 199 108 147 99 88 165 199 108 120 199 93 199 199 199 199 
182 61 59 47 57 57 60 93 199 199 67 165 199 142 199 199 199 199 199 199 199 199 
183 51 74 90 69 62 60 65 64 65 55 65 77 199 123 199 199 199 199 81 199 82 
184 105 119 101 85 79 72 72 69 199 97 121 199 199 199 199 199 82 199 183 199 199 
185 72 46 62 72 148 100 111 66 86 73 77 109 135 199 127 199 199 199 199 199 199 
186 43 57 76 65 66 67 64 67 73 79 198 199 68 102 134 116 147 199 199 199 199 
187 48 54 59 56 70 61 45 56 52 51 48 53 54 57 58 62 114 199 159 188 199 
188 25 33 27 91 104 111 36 92 94 87 85 69 135 199 140 199 199 161 199 199 199 
189 95 76 77 81 60 60 46 59 55 61 112 101 199 66 199 108 199 199 199 199 199 
190 23 49 37 47 42 38 35 33 44 42 43 44 42 49 48 47 50 39 45 46 94 
191 74 67 60 59 63 73 59 199 60 63 66 132 193 143 99 199 199 199 117 199 199 
192 72 54 49 53 46 57 52 49 80 62 199 95 190 199 100 89 130 199 199 199 199 
193 55 61 49 51 53 56 57 59 55 75 62 98 199 58 63 55 54 74 199 199 199 
194 23 36 106 104 96 80 74 70 141 40 84 117 199 199 165 199 199 199 199 199 199 
195 46 39 47 54 42 39 38 44 111 45 54 199 112 94 141 199 89 89 71 199 133 
196 47 42 35 37 102 100 101 101 99 83 90 116 95 199 199 199 199 154 199 199 199 
197 26 101 87 88 47 47 42 44 41 39 25 41 199 104 199 176 199 108 199 196 199 
198 45 51 46 41 92 91 113 109 112 99 86 90 120 74 199 150 124 199 199 199 199 
199 65 97 105 115 119 57 142 60 123 61 49 63 98 77 72 199 199 71 68 199 199 
