initNo 0.01 0.025 0.05 0.075 0.1 0.125 
0 -1.0174628724384107 -0.5380970615596481 -0.8228670227465115 -0.31485809040742707 -1.7600165278493465 -1.2343154490446555 -2.4193425364071834 6.60204329078625 -3.234716917177213 9.463879309165092 -10.062035782313508 -0.7904800068789376 
1 -0.3447202176640721 -1.5701171760797066 -0.6813392139815073 -2.2942050788149877 -2.586759417664425 2.327383849444113 -9.419356850284533 -6.755820799984862 -40.750535835954295 34.820589247606 24.143848128322357 48.33158302664741 
2 -0.6541001521120772 0.0003193788672076047 2.4533733568928264 -1.150951777043538 -7.284233807156317 1.6257274531126824 -18.846012929813536 16.831307480488867 -21.8100428299295 2.9473798094803745 -78.85823489411902 24.280958865465287 
3 1.9594756080309983 0.028703681230835953 1.529289567923458 -0.08529824187291739 1.5632779946502633 -12.0008513849753 -6.795238900265439 -26.43852229534401 -0.0051121130184279134 -12.571466872187864 1.5738202803600456 -31.32189556564136 
4 1.3010352553472726 0.2924852254860225 1.569709178130758 0.29464339678432183 -0.21085725859224697 1.8128634333929297 -1.2910342556806063 -16.668715348403623 1.3894427514218735 -51.31189609908314 -13.055494673060538 -19.057702685478088 
5 -0.19340076851775198 0.1789791410124472 -0.008657954532513838 1.519720153626983 -14.764607486402712 -7.403941921203705 -20.040990052566936 5.879368979939102 -19.135997726618143 1.0948319479099917 -162.90065381372253 -39.53835436215171 
6 0.48507277689238737 -0.16430238735240954 1.5549746491173504 0.5752521805020601 -1.443644125243622 -2.9792856653878945 -2.797533410054618 -6.700000070073825 19.81644437336038 -16.080141091053644 25.324359392799273 41.437251993160174 
7 -0.4574573019745606 0.007401126934190178 -0.510938982410383 -0.13128349587001945 1.7106719154695562 3.069682320668188 -1.2056298438242175 4.9282508606792 -15.713538517851418 -3.58507409527393 -0.508317848048311 15.345644705358144 
8 -1.306686563012799 0.4853690044123218 -3.3272302654497854 1.302160135610014 -8.313940592571416 -2.832093151068917 -10.021424154082965 -10.679854505690635 -29.531633231942223 -43.86546064785067 40.175762034324784 119.77152957504548 
9 0.6584406015827211 1.5880545865742048 -0.0026209184301428236 2.8926756530044027 0.003191265272012767 2.968765395877389 2.834248768726856 3.862204574975787 64.39519442249579 3.1869239022743856 17.25178942860957 -4.866521059932045 
10 -0.021969396920349264 1.8682876503020107 -0.35670343921544834 0.7231549369042115 -0.008831370808876445 0.28634594405272057 -0.09812690713128186 10.992394507876556 -33.31043876238642 -56.46175783263246 -32.97155842134413 69.1365413067706 
11 0.0011883668624774204 -0.3560375939123467 1.551088065328866 -0.3238635738802571 17.206246708546907 -7.683437059975133 -6.019067964990707 -19.676783318920968 -7.328840316086403 -61.241690818080976 -3.329292491145975 -12.541759148270229 
12 -0.0029667929835380117 0.04252587493483122 0.23246058855417237 -1.5484872318337282 -3.344033684619431 -0.049512529542594906 -15.907024942712093 1.6099924856258991 -9.305755196712235 -12.604656255330944 11.045107036010702 51.362032322686304 
13 -0.21276827634414036 0.1349947101823026 -1.5814771606312628 0.039395911372322207 -0.34952811227301234 -10.998982899658557 -20.466114010888806 -16.893863300228162 -48.08712812005733 -29.493620015194086 -86.55047522028775 -18.962142211644696 
14 1.7901758527864866 -1.117700075115009 -0.011221660835972298 -0.011878341636176546 1.5332016951616312 -0.6624518717969906 14.177669127119762 -6.066349229081531 10.658841596625185 18.241388242499774 126.02857249899209 -103.87849314146507 
15 1.27139635757174 -1.4670240689173504 -0.011398239787035854 0.10984496545268266 0.27415848022702455 -6.368947972048607 -16.601984912148573 -5.524454427619715 10.18641359682722 -36.10666127583279 -135.3196813586765 -54.71259142022755 
16 -2.016701665785437 -1.2635846496331038 -3.3482752960788904 0.1108521208095555 3.05326658638386 0.04858848137398995 -10.558939823759925 -7.812351856272852 10.986444286727892 19.403270863645535 -169.2453507885892 -33.624029640940016 
17 -0.3573906147109281 -0.12600965637570172 -1.3399326132349683 -1.3725512529896058 -1.9915554837226561 -4.689459882703266 0.144649179823355 -5.505092325796133 -19.71061221775285 4.779395411670264 -0.66046046901304 -93.92565410989558 
18 0.0019414156973672917 0.10262698411109265 -7.444384222880405e-05 -0.1495198195812662 -1.6289343901652604 2.4390996479141283 1.8925948344895722 4.682392377248301 1.0331422837211537 5.239309215273293 106.45380634007904 67.89989622564842 
19 -1.0963047404460868 -1.644577364679898 -1.9825567755197662 0.64780718566838 -2.718962206647405 -4.7185605806056214 -1.6900138744152833 -5.0770114147357 22.14710126008548 -7.884376837113223 -62.1205313679235 70.45071605086822 
20 1.568102775831377 -0.32258087123478085 0.5677550493395245 1.1320013122464365 5.092279888976841 -4.730094206756463 9.470134109274605 -5.114824906386564 -37.532361189286156 -33.17026732000273 -11.907533709602937 -4.07614853189759 
21 0.9591636939754952 1.533177544228979 1.5751746291421043 0.5050422513954896 0.0018958276839807847 0.0008149210727570189 2.963186742955199 -10.458887357928127 -16.052157424732783 -17.259347562585404 18.944763634939925 -40.24959002060521 
22 -0.5376561173283866 -0.3682097635710215 1.2155664235997738 -1.6439341601052277 -0.4712682652711365 -4.493001278859951 9.10269830286843 4.424419750940351 -17.27162488546039 -22.45526011539006 2.7099350825470685 -13.737443771552776 
23 -0.13823753400081773 -1.7114736125472587 -1.5732141370713117 0.0465296444577156 -0.06590110937529034 -3.0217518405972443 -1.4950700087657516 -18.534731936111584 5.645611314860232 -7.922346970406898 -8.281004745421422 -128.73486669662162 
24 0.005997380366252263 0.02147121681249439 -2.7088936633704535 0.4969589065683514 -0.45136627727260775 -7.16220210122912 -12.804821951110585 -10.995885353397236 -41.40299943696865 -13.677384921108528 -42.31956339224458 191.54729433837505 
25 1.5696824848655648 -0.07312120545886908 2.437015738124516 -0.8004562099904675 -5.7415541206705765 -4.331190998482631 14.74657749818041 -10.989907867139728 18.646374468588657 -23.782187663763786 -90.03883354595366 -91.68369639352434 
26 0.08488134970202355 0.3273784326234382 1.606371985334484 -0.3511554150143962 2.0246687105011008 -4.0188845450618365 3.333155768767628 -10.94709153844495 -29.850242925815714 -43.97458609078215 -12.565112254026136 -9.429001987393658 
27 -0.0008787357261913483 0.6256327503651333 1.4079550955826552 -1.6430103682555735 1.1279556481930404 1.6421910172565553 11.508119398466885 -14.139107507809666 -34.55738116726675 -50.036867028426194 -19.979547308150188 -11.09001419125857 
28 -0.021730163091844702 -0.06548894668001995 0.11407175615712549 0.318188681727025 4.841334187530471 1.6400534397791051 12.580527934462095 -4.926691267984131 3.15835805810666 -54.01673425777379 34.379494328734204 -43.792812926197314 
29 -1.5494217928622573 -3.1462205285810194 -4.654308066860028 -5.39142346790807 -7.851238244727026 -0.4328387053742891 -31.415417111723407 -34.59528724666108 -19.844369799904022 -4.751990466248773 -14.10306424456574 -118.95343577687625 
30 5.9281106248256755e-06 -2.11444396824472e-05 0.0011855652963355177 -0.2971274827450643 1.4154306790584403 -2.7235682209669005 -12.473465051720797 -6.272244448837302 -0.026113697123660726 -11.33213168703913 -42.24931849967429 -11.294272844259968 
31 0.029985505996751417 1.2933128314110771 3.1289529377853196 2.8441911388239722 0.7396629477302659 3.9080181718854803 -32.04264817038893 -7.442173300083895 -15.939394869298727 -54.487571689638855 -208.54317120823268 -145.35361422411987 
32 -0.2988842024463683 -1.447614082169988 1.5703603189220037 -0.9058969659014492 -0.7824844295801208 -4.937764535427699 -51.8099650368318 -0.27448906609454043 -27.55428401528469 -57.434952029163895 -10.192485159117552 -17.27403030049511 
33 -0.045344351276274904 1.5086604248821895 -2.0212233547148464 -1.7302738257498715 -4.274220047522428 1.589645472561415 4.107823128850441 -17.10817174268112 -2.5139243117344123 -4.467312491914024 -11.019023462501819 75.2037588823575 
34 -1.679528387976372 0.6030727625593776 -1.8965240753389003 1.6724817156528864 1.5370590409762395 -6.2104186667553885 -12.703453626894113 -1.5662621493707594 -43.78746440800672 -5.745890390576408 -94.29018571251792 -50.16288180644286 
35 -0.1523235974584878 0.7882325784057351 -0.017093045321332115 0.7429799749000748 7.8076916874477496 6.8607410626820675 -41.605774532914836 -1.6125899832626684 -56.973524235282035 -26.650942917573495 192.18607207320937 -134.841616521392 
36 -0.014487722947815909 -0.10817753831640754 1.5878600414500885 0.4216489080964067 -1.692946635801202 1.5790097045360387 3.140468510513166 -15.728280648443906 -13.454094227372439 18.75688990171584 -43.9246719758983 62.48357264139952 
37 2.0568682972022274 -0.23035831242288504 3.146409526774817 1.025079031109394 3.145631313155891 -4.037243075911962 -1.3656807138059677 -12.16684390211025 -5.944301999539179 -38.29947322879883 100.63432304371166 127.02598527719584 
38 0.00016578349184625147 0.00016852928712822565 -0.3558310460675708 1.263383231592038 -2.1592419887810936 -2.2360227225309544 -7.409970310809535 1.5089877185129323 -11.939498461870876 -1.6236233733117924 9.918530000060954 -123.83381805932991 
39 0.4424647467302016 0.022166642092819024 1.8406607532127466 -1.4446194373097134 0.33408607309004873 -1.0967992574451435 0.5988582562721382 -3.30532077477535 -15.791640268678826 -14.124442735019525 -96.35594114545788 96.28670108632207 
40 0.3189314558586678 -1.5609824084751125 -0.37295506154466845 -3.450365878598172 2.569778065377385 -7.846157655410443 -25.99109239351353 7.860234364076093 -29.850561300457777 2.641919522524422 -73.58046225734061 -20.503877135798817 
41 0.0255152049119973 1.6782123983330535 -0.1139753464192958 1.73102251301523 3.6272148261545376 -1.5852312292424569 26.273232057682172 -4.701383243113219 -13.22244495312659 -2.247000661622389 6.227240029601969 115.53616814915127 
42 0.47772688498788707 -1.5625688025955728 -0.9608428728888788 -2.9052800767126654 -0.34656899711817524 -1.8727193599008505 -11.005794373599747 -7.652821783289013 -9.394409719640162 -7.814525129551913 -13.567939255981578 -115.15180143413687 
43 -0.3175035475193118 0.8348950411448406 3.0216737771209843 1.5714173483072393 7.335391758715973 1.4311797990779955 18.4349081388845 -1.8907710859944031 -35.80029206778339 -39.26377039016082 -7.825613689824361 -42.108459438961496 
44 1.080459873725047 0.5040088498386491 3.01991661187656 1.5651722220352318 2.912920127498366 1.6972472833815468 1.563600694821189 6.113854141967458 20.216279043968168 -3.3777580555323543 -17.374635576463362 -22.233152746894326 
45 -0.2039618722099998 1.6327695322201254 -0.21890813054114908 0.0011573796896559912 -4.506628963106146 -3.1934271165650205 -24.354249256421525 0.06756624687258213 4.320474679412942 26.972308792185142 -81.24983626222573 52.3314714852302 
46 -0.0016370481135028739 -0.7440220312642782 -0.23015815036129658 -0.6509772372618452 -1.904472849247899 -7.77666674628251 -10.5637939509549 -8.530802693875064 -44.3192993796311 -7.459168015948109 31.345525559297176 53.59740446353054 
47 -0.08588280993299299 -0.29513495509130055 0.6866613928365587 -1.539251710427532 4.5939662940407135 1.619885684670747 -1.5749105857620542 -22.009871375011688 -28.245914532032526 -18.12663617420208 -9.41123855789632 -6.745338276903493 
48 -1.048033019533951 -0.00011400175623912321 1.1096135253460666 -1.6364847840973085 -1.5705381104938758 -0.07925489827773503 -4.685974596965075 5.630808433882357 1.535607045386979 -17.53662486263223 -23.493039333680812 47.4097178056538 
49 -0.883543956546641 -0.5927213323792078 -1.0549311840287472 -1.4356167480745312 -8.091258091303118 -12.79823208995975 -48.69114743225368 -19.202430579402915 -54.97557498197656 -15.547813201595538 89.41432160177385 -33.610041168863326 
50 -0.006421032760195957 -0.0001724020324995277 1.4620557050263472 -0.013403729690164337 -0.9085893512885906 -1.0805218828687995 -4.677617349665433 -33.79056845733801 -8.303606126375573 -28.604591131996315 -8.582170013972746 -254.82104950298614 
51 -0.39005397583097295 0.24719736083580485 1.3654857735063743 0.8436909513982859 2.000541783742174 -6.884394522163594 2.2382077829458824 -19.88097178623132 -8.76898035959889 -42.403221239976006 29.419137973346864 -19.314007909792874 
52 0.0008002335618966744 0.06565380564262456 0.3298718694837561 -0.03883903488085093 2.173999465895108 -1.5712130266058162 -3.1406381314378904 -9.428829469527239 -21.536929319970117 -20.361818454972703 -36.833797007334574 -111.19020699506572 
53 0.04352330734400859 -2.623772397573364 -1.1223502267803704 0.5136266539306099 -0.003089585479326701 -5.141622383285093 -6.042143606147445 -8.081406544222038 -45.552164257511414 -3.591011442547908 0.41390037986624073 140.25001835349877 
54 -0.42843539389132296 2.183890899396825 -1.4587419610808807 1.6009197941555895 3.1138521534841566 -3.2340340388569913 -5.96273427825788 -7.890511188495019 -9.429817122304067 -40.99747717164187 97.78746004948732 -20.38995732458113 
55 0.03181683599566825 1.372101898741295 -1.1984894330165676 4.5734351987511594 4.73142299272105 -0.9324715395441932 -0.3843554160422296 -4.261748629561839 1.8984743315642578 -14.292022297001447 114.01080926951865 23.10760390569373 
56 -0.6112217565165218 -0.9586697918391961 -1.5744506951433468 0.20141855975071937 -1.5589838781837555 -4.866527708044742 3.0247981730146107 -22.148233013506005 -29.830012634499095 -31.18107207202082 53.99576974544543 -88.18297055323183 
57 0.002166978667341116 -0.06803879660229571 -1.027128119126054 -1.9345988844108575 -2.2836930131898887 -1.5888496886743497 4.705273931180726 -20.311087263744817 10.93721075272965 -15.725988023534217 -114.21154681376412 -179.1055225859933 
58 -5.0494605460425045e-06 -0.0012258996063148713 -0.00035216399019370303 0.006079756769947274 0.03751112553318173 -0.6255187806905878 -2.886139333999723 -2.6899483435019556 -2.4539742125623953 1.2940940794554703 126.6028264030557 -27.829273516881326 
59 1.0215683985247215 -0.06017323960186707 -0.16184989405550254 -4.7334214136179105 6.920806806996475 -1.6002745398271587 5.892277534126671 1.3861141729242412 23.718919847805633 -5.129308447486516 47.251697919024416 42.527200988656645 
60 -0.3336387116914119 -1.5896554535697072 1.5716323546614834 -2.0895985684682534 1.2699370500311211 1.6699213856065094 -22.16842888746962 -11.128040461111796 -14.173886929382018 -20.18303039043179 135.82160146451454 -34.16067456271782 
61 0.00010813611055600342 0.00021583042864359617 0.005239155057624926 0.01942934757035531 -3.1865898454915027 0.02530574342306735 -5.5130623319616285 -11.053537861459946 1.269723688420434 -18.07465525748356 -5.028680559584824 -96.4861731210902 
62 1.743719205487922 0.8374581719333034 7.841807924075673 0.6320087925430116 3.037494767774646 4.546443388286844 9.511708890617225 7.186720017582066 -35.535362394592006 -2.5044651358448666 45.54742000657063 -42.9719494372575 
63 -1.6636198069836723 0.24315218750735346 -1.51749486343975 1.2219573352409487 -3.784841355979446 -15.173584921290916 -25.14247800496033 -18.857466052261433 -0.2491859257639024 -29.860278134832534 18.896806062961762 -43.03366677130229 
64 0.18808942230917797 0.01328066976146209 1.737754147214441 0.9990493208703161 2.3377679555957305 -8.361779094738004 -6.39166790590415 19.36337982353962 -23.011670259490614 -4.999708397637558 -104.80296882391448 -50.5699550383004 
65 0.003088227864119274 0.04592073743090366 0.1477692879101161 1.4985965241978563 3.2225654223109683 -0.8849823509209348 3.2330567607728593 -1.520298811018175 19.05240989286706 -37.358666479728676 4.917346698761535 -5.420079966930988 
66 -0.14323463574951792 0.6353527114987113 -0.016869404601758026 0.07765040329591019 -0.12597698384810727 -10.017566102898071 10.61048026153968 -10.941821363924374 -10.798276365900357 -23.585932401359862 -21.952234167187406 -4.798623819533797 
67 0.37400655480061307 1.4522217946156724 -0.15311504580710134 1.0727546265378682 -0.08596211115400654 -3.4016155067033678 8.065123349895297 -5.475631971372211 39.94277560611289 -5.126661787066929 69.15968901204529 15.697386585193392 
68 -8.84901182431801e-05 0.009929284057693121 -0.0010584058996075878 -0.0011425849520404795 1.0555684372802816 -1.5572019365243004 -33.14050817261281 -8.9807399272362 7.784359248296501 -13.9728191611137 -81.95909846241732 -8.579893782815448 
69 -0.3145903471536544 -1.6067465257625744 -1.5018099462775145 -3.3123169978545812 -6.237236755033918 -8.08634450195509 -7.829370633115684 -12.90937347773715 -57.832403968183016 -35.40334968330133 4.962592695185936 -19.26646433217799 
70 -0.0004220502302275707 0.07003348829390996 -0.32767896171320327 -1.586679394669038 -6.289985177452027 1.9302606557640558 -24.34573726660218 1.8244458438140039 -45.67780527237295 20.844315911127506 14.518964225575914 -8.42621607669586 
71 -0.0007816501225891498 -0.0028824674707854762 -0.022271309671078356 0.09327508612273545 -1.647870337879045 -0.0916719133979431 7.053883162674532 -26.42989907336693 -37.700764263647116 -31.5297120107561 94.34550410295807 51.84201740561406 
72 2.0560486084788403 1.7341128088206688 3.1478399256426695 -3.6736990237980702 1.5995618476422442 0.5807441037980428 6.283529849159849 -3.1355745469934355 -14.032787956567656 -31.36566363859219 15.838856622267123 29.857990731139367 
73 -0.08166435117307133 -0.21141831523944885 0.6545475362321079 0.2194520157753232 -6.225520879515095 -11.090605350653389 -15.116744184207498 -20.907550582245282 -28.289652261533302 -52.358115927501366 -28.876012657347857 -59.978233156558844 
74 -1.6070767951406417 -0.233692466923012 -1.5496284571777368 -3.103208111167775 2.6543405478213473 -8.502843658949304 -44.03414234275698 -3.7961394912144195 -48.70133489014043 -10.030944856114107 -16.37169028260627 43.45460142852728 
75 0.004444542005155097 -0.005584562573938939 0.006437413338446005 0.8923276233955837 -38.671947839788494 -21.252171965576625 -76.8650329344838 -27.155447475240685 -83.87840987565744 20.69885613221859 -155.78325986641732 22.132898282100612 
76 2.580024474962027e-05 -0.0019860268242786814 0.00042294766588570445 7.274828386338267e-05 1.8423813347928022 1.5710196686197586 -28.598438986768016 -6.6051213843214605 -54.9827671263163 -9.366327553401465 -188.79541418783344 -31.861188937099428 
77 0.15802134542619578 -0.8486169916705572 0.895804603706665 0.9836658941115649 -0.0027408025119918787 1.5916646291818175 -1.5614696000837638 2.585711738553996 -19.30598586417334 38.887011448650696 16.01355543599651 167.95012163596502 
78 -1.3910973284464705 -1.795984639226879 -2.9368813946888284 -3.18109957802953 -4.013187224674507 -0.46493119703476493 -25.278149604720046 -17.16525498232113 -41.144930067781495 -1.556433510596642 47.014630764181256 -31.7548455298314 
79 -0.23143400135615042 -1.5678241379385645 -0.006863311800007426 -0.0011564397142788535 2.931261787105754 2.361074528943435 -4.521409011392855 -1.5636764245020653 -22.00070184122402 -9.429241450030673 -102.09603134496022 15.719650316008195 
80 1.2152163249204049 -0.9756262054957262 1.4013037895295102 -1.5592914104048643 0.12883676106663533 1.560347327421263 -6.628187653224834 -4.7337060760543475 -26.425800989004514 -17.391696239223055 -46.63817466895896 7.417518203070271 
81 0.06681219075050049 0.00895816367445749 0.03585747172894345 0.03464750073605701 -2.7967693859225244 7.763280287141929 -0.6042335774668839 -20.656998742626886 1.5566320615298586 -1.261667615103789 111.54317207166959 -65.91767132267822 
82 0.1488436852880197 -0.684499002773519 -0.5230543589452866 -2.0457133496981244 -1.2456377685334952 -2.439887268167818 4.245160434618449 1.5677177718523 -9.497082770025767 -11.007816869529469 -76.15643383373833 4.729612950021817 
83 2.030595109254395 -1.2305443232578372 1.0067678387747172 -1.5526931799340076 -1.589597626649512 -3.283147974031535 10.9240976066448 -5.2561365316059 -1.6946187209057424 -25.1939252392 -70.37909983298711 22.5845717551644 
84 1.2847833435032299 -1.2225886884768824 -0.012151911740258748 -2.065949669232179 -0.8117936554025723 -1.1867040078423399 -2.3806815060290076 -1.5670612906657273 -9.388405374012299 -6.284268188035421 -17.42447067173332 4.883016662383238 
85 0.012763214788596797 0.12399896119140714 0.9034390803883816 -1.5720825109460401 -6.921088799138628 -5.336752463432887 -8.894800412942056 -14.676098153219176 -23.29928454744313 -4.752838799059685 -75.13058468774896 -53.44885981577733 
86 0.3724633663400037 1.0364929385403252 -0.004508904770848225 -0.011746073898090017 4.657863984669088 -1.3187628219864849 14.134851418653088 3.8547827168915827 11.018570325479459 -20.966167550682854 20.116857608793087 -9.541399559940519 
87 -3.9118935511337085e-05 0.00045728441208220486 0.004041509233981529 1.1938029366759826 1.0262776069803674 -7.785899444972116 2.489704470456557 -13.379651942517395 -71.06406383891314 -64.93854732573384 139.52743050425195 -97.60992903770006 
88 0.00030695285397791896 0.0011368319594484864 1.6365408259227976 2.367838060709495 -0.021009861591889657 -2.901686587126708 6.294552217429118 0.150831296732221 3.427592123134463 -26.871704872021034 -21.071855295194712 -39.6901890677974 
89 -0.07721649895337739 0.1004572044349651 0.3861447745406223 -1.7165104347534745 -3.4847444481861123 -7.774077363265181 -4.717890373455862 -12.727621971784986 -20.7630758536134 -4.672013822848824 -29.866560789281213 24.32341567723085 
90 1.3888807823595701 0.22120985154520276 1.8199888299898888 -0.962731926295681 1.687822598562074 -4.781190658389648 4.69626298957366 -18.52450990285849 2.2753569941681127 -55.39815750181894 10.029929518864957 56.41901175421879 
91 0.6249829805527902 0.5764156696501918 0.46979561369481704 1.4380564799883278 2.3092348825916225 1.5629784747911482 0.5933014191675975 -1.5686174138578062 31.51594653525066 -12.176559448148513 136.71400963126626 -4.284332062341972 
92 -0.9623353643147268 1.4759485666568304 -1.0956927172158561 2.1019021848385733 2.349421512084304 4.7666700351955225 75.23733551899115 -16.695070429507663 9.152994214809777 -17.044214103402773 6.904800531880752 -1.4996309451030876 
93 -0.07754701648214775 -1.3992282093829327 0.7145100357533402 -1.5724629683940579 -1.6883735571913687 -5.028655968901902 -28.147912394280663 -22.07709592068886 -47.09707000215661 -3.1432486769367003 28.373602429038787 -9.20394380981413 
94 -0.06921849753083521 0.038158771790129 -0.0009453348790424901 0.0017640249192303538 -1.5381471502960404 -3.191932479774851 -1.806587671231486 -1.4538294458429708 3.415895799394896 -6.773471933844648 -66.9636620233042 -27.170476614504356 
95 1.2099695805165265 -0.00633763322612068 0.9131570945663939 1.2040285416477463 -17.21862522227829 -21.240154212424148 6.42605520663607 -32.93568905361019 1.5568413220494395 -34.723332219997786 -72.2246833883966 -106.73470983532333 
96 -0.0199894285167392 -0.7629193050423589 -0.7627284010066743 -1.5928796683985866 -0.02472859545622479 -8.161890863781272 -25.03670742494149 -4.686391038666929 -82.9292035287256 0.837118533660367 26.26646451074212 -6.611621841515823 
97 -1.4709930332837122 -1.0226745297907318 -2.274432943111819 -2.2068132631207567 -4.406972660023285 -7.322464973649076 -22.127032347510767 -6.93093287622542 2.3770666188227088 -14.165634218482547 -56.50577884304073 -136.33274503000408 
98 1.9990310142219937e-05 0.00013531198783461063 1.307210046514629 1.6325739715363758 -0.39357598737608035 -0.37226951237902933 -9.037839331489323 -23.285660651880146 -89.47222259236186 -28.085061451459403 -183.7395821679183 -58.31244152930598 
99 -0.08876333049933442 1.230744058009185 -2.947584336594254 1.4617195876679137 -1.4952277027528764 3.2671659217295566 4.017101628467509 -5.511875233523474 7.569837910329586 8.169465489439709 -120.96385277320803 51.7407985034492 
100 -0.0005890141467762758 0.0014100150178173948 -3.36424768114206e-05 0.013140576333361078 -0.0055236146674619785 -0.06302103331235112 0.021496496158611107 -2.194925795130522 6.2416040817505625 6.266768688960887 -9.473889463618532 5.410703839466784 
101 0.00014242891073798416 -0.005638657068933613 0.4555867106178796 1.5716859369646388 1.525220618130932 -1.2197853740209377 0.6355191537572513 1.604733608215774 1.5304946161221384 -12.78253962159156 49.617695440591206 -207.64645103633316 
102 -2.459355165452436 -1.6027066263412684 -1.912769783686523 1.621516159167965 1.6281832404992886 3.3042742308666413 -13.507398777724351 -4.711105435178514 -26.537390870526515 16.996666318712656 -63.25879790658466 -201.54352269887593 
103 -0.5423684963724641 0.4081350155950698 5.476114254083941 -0.8512508766463851 5.959238359942253 2.116036241150874 -3.679235516847486 -6.260387280521094 -10.983906613876927 -13.062571773969546 -12.268158703659683 7.866860312313856 
104 -0.001216947922946098 0.0001212438756113385 0.0016003573584376656 -0.9763270854989672 1.5579064707463945 -0.12766196223848122 -18.88310888378463 -5.447054161891028 -11.004406889518561 -6.174940204054758 -71.63646441891156 -106.29157167865358 
105 0.002666409297421086 -0.00133001002114011 0.9471440911188721 -0.8482637137484492 -1.5708465265910037 -4.706857279848265 -29.275643278852424 1.6013396084876679 -28.71902253071215 0.86780145646173 -61.27740862902476 51.9672220047711 
106 2.19575521455679 -0.07894091513015192 3.5475221810952386 -1.0421043135419792 5.519937737393037 -1.537133653499115 -3.773945569631424 -1.1307217773995184 4.58858360601627 3.548138430384773 60.45474927617577 53.341344318582124 
107 -0.1508011731676281 -0.023170080754737005 -0.3375876955416179 -0.0013905735137870615 1.0538166583564959 -4.739856319148526 9.853527812654754 -40.91627222405296 -10.98535402824505 -12.263116439020838 97.35828214784972 5.452901352528255 
108 0.0002080416082665405 0.005736132213484943 -0.22789084027853324 0.9444090633633399 -1.1693776286269024 -1.7125926982222401 2.96594253177383 1.0533198007114626 -57.17801322703514 -28.174129023507195 -98.18869965161625 -228.35461472826708 
109 2.235319900259083 -0.6788536125590777 0.3428752154245796 -1.5582262358577945 3.1446988290380604 -1.8606187718962948 9.968600788625896 4.673265205020763 17.24203335023977 -51.19581662299986 138.32562752501042 -51.57372318534994 
110 -2.321480144089576 0.8061184993757229 -3.240070595965304 -0.9918455709589576 -13.377900401866503 -20.449741649179156 -6.257949099338816 -9.468762825724777 13.773166910334856 -32.98368322727012 87.31700302385934 -121.68673597420486 
111 -1.6288200469737588 -0.017862372037776512 -1.5507084494364192 -0.19235555064258414 -6.3828557647515565 -13.171571413664541 -42.35395617660019 -21.563260042948702 0.002397121312255281 -15.71443395748922 61.61262616028097 69.34018654846655 
112 2.500887039342234 0.35354284561298643 2.6537319220116817 1.7234589731945131 6.878188381075594 3.6602055724185205 -8.058036089038042 -17.930420817290578 0.22095083186681563 -11.014172872337545 -115.2232504256342 -207.631841242708 
113 -9.909701794566435e-05 -0.834900609595994 1.1118584852427176 -1.7157725840120452 -4.713494234795845 -5.290129410638776 -9.564741385077548 -17.33317731950333 4.337513503729935 -45.123115952252 -9.591454048859715 80.20329388672523 
114 3.469735055497034e-05 -0.0278381993487108 0.2920809504289599 1.7718763957189267 -3.166947758775614 3.675850442891458 1.3007081890724848 -13.073640888167134 -15.734589001309743 -9.318211243997307 31.396858889598224 -4.620952681443356 
115 0.00020385744023961917 2.1815529724117537e-05 -0.04152230418353216 -0.15954582177198978 0.9966728069612015 -4.377483391431998 -0.05712528488014324 -4.941040999819769 -8.464567019369143 -18.61646114379781 -121.41168365260246 -26.747735982302903 
116 0.3951542688128536 -1.4334443450193233 -0.9623373965053337 -4.763553810672561 0.23156354832360188 -1.6135808230458908 -1.5685398317549475 -5.919439954264225 -20.41578859304023 -11.225607480884795 -41.81677459339117 -45.555959524464186 
117 0.6348812613114134 1.6065031556298552 0.19087710464151408 1.9130518357477302 -0.7435432224532583 1.7108734113903075 9.740751919398038 2.3567239265973665 -10.993090830062163 0.4459674489179386 -29.72665579535395 -100.73651796886196 
118 1.4441717809214414 -0.4499443959260003 1.572472433236833 -0.014110154016116936 3.1941426577007404 -1.576946784254166 -12.405439552137619 -11.239471910243065 -50.24266007216533 -12.575382313310605 -170.0607275353628 -73.17359458223162 
119 2.5978828395982694 0.3948510385587892 1.5697697087777434 -0.0007190902726617872 2.06054000157068 1.6487429593713014 2.79235677104293 1.5405580950220394 23.522448173588888 -12.482850655547225 -17.60216659587542 -39.937433262263326 
120 0.0005300068196804962 0.8242193561906926 -0.013860632957397596 1.4112666309300268 1.2311421634393402 1.160990258764192 -1.16110256268204 -11.113229271023476 -7.845561230872209 -25.14679503405844 2.161894227515956 -26.71102537539223 
121 1.6707778761392018 0.18890469686601855 1.6958562810276196 0.08597886233233393 2.9861847429729944 -0.6816447433233807 -3.2818174152733834 -9.590231172672253 81.68489323595861 100.15901830551941 43.40910884547413 55.280239142837786 
122 -0.0022087343534305795 -0.09130750614467976 -0.12298679096152786 0.2587622224553123 -1.063233576207075 2.126668402915055 -0.019183448051343165 5.342939960667236 15.403998641542916 2.2160913007294094 34.77809204703251 -105.07287320292349 
123 0.6943031967560165 0.8607145585460056 1.6078124738011417 0.5326374013688367 -2.1139322374158533 -1.5355084389601676 12.456478974671514 -4.52813354968134 1.6411084283631105 5.96494435279862 6.0532435567613705 145.74098616728526 
124 -1.5545111069604134 0.017479764584931806 -2.402255753122008 -1.3381183245104866 2.5323578298611733 0.11609272292154191 -11.527278165497588 -11.350085612376027 -36.233485465012734 1.6690718180225839 17.651960626559948 -72.45460882014461 
125 1.3601381059178663 0.8781587593342666 -0.6035768719270198 1.0772235523083262 -3.1404628993694614 -1.7201852442672134 -4.024697501410753 -8.720783473684529 -12.9701077187512 -32.34716947209212 7.8348798149238 -6.330437520705931 
126 1.5371279612514286 0.12641485347891768 3.382673525219419 1.1336690482494869 3.0370090183504788 -2.353694179787983 24.170882143513946 -8.987858276011158 21.805496208646034 54.98232504244926 139.5874780629922 -121.34016913718752 
127 0.09351804401644816 1.9359732576332458 -0.6820658069594454 1.558051492505953 6.491966028755466 -0.47553982157188696 -3.1602421906384186 -14.127759904054084 -22.848654966639405 -29.906217009852018 -51.086243777199456 -114.6213727091774 
128 2.274641938204163 -1.2151009700864206 -0.0023847024985628315 -3.1631435810433532 6.457689919635045 1.468801217192102 5.0885834460438115 -7.888924816840308 -4.662870403651085 -16.075311888851182 48.57015273756147 -42.40290834410148 
129 0.00321670092604834 -0.03494559669759504 0.3958221947881874 1.5726219490155597 0.8366906551580372 1.180124720912116 0.16858678129526 -2.7440798209903248 -7.049440036598845 3.6338917583179646 -12.717596037306945 1.521857416723677 
130 -1.0767183891049426 -0.49554045253461987 -1.7011234562102364 -1.1603955630747849 -4.710531478594107 -2.8954169072839093 -6.408987984212308 11.190569017783607 9.665806696997624 -25.054833816085605 -119.79089026013784 49.98472481027779 
131 0.3721380576830548 0.40536014509129004 1.085809188286984 1.8627263424218343 0.7073850092370357 1.2618448574352454 -10.99533722636325 -3.415618557556405 -4.7321060447581855 -24.343518851404006 27.26763797247939 -92.02346378843251 
132 -0.07114109999435277 -0.07304799758345698 1.4560911889594186 -2.7444366344409756 -0.20646577882894235 -1.7494134217126864 -3.0540871951305215 -20.417772102322907 12.850770576019704 1.4668825542667032 -64.39920022393935 -29.26203502148434 
133 0.0001195164326347154 -0.0015268510300376534 -0.09740790244874617 -0.948280737304732 -1.5309732649821992 -0.03731141281999831 -10.455323454023317 -17.51452688335814 21.81799776732079 8.301680206421098 166.46734591504165 -59.17745379543154 
134 0.47757148247518605 0.317439366313718 2.863510087924456 -0.7962393199736502 0.0544277429463748 -9.434217349700452 -26.195100408089186 -11.017662396553892 -10.822876730656564 5.679314654363932 70.5157610648966 -41.35925260296084 
135 0.0009242039459551794 -0.1564244863916001 1.0597287322659548 -1.5900839111722382 -3.1283326416558173 3.1287955119694173 -1.8083333289371553 -7.483028684629119 21.969732182682108 -40.90628109429537 7.632150158226148 -17.171230070582702 
136 0.02486342926184206 -0.3780950829794621 0.003915059495723957 -0.0002591135757314518 -0.7357884678477881 4.817343006609789 -1.552843273005751 -32.07899077786873 1.4280415540076892 -20.454779103033474 43.93669665664182 -26.413414791229727 
137 -1.3242198163930108 1.5133322637787423 -1.2166909673517703 0.1716017687112815 -8.292772488836878 -17.881041519654648 -9.741636710106226 -56.26430409401882 -53.48182940624771 -0.19824324729277162 -48.38349616851838 41.14209716450841 
138 -0.026923832699584302 -1.569885120993885 -1.618627621788755 -3.538879072754192 -4.488199589587658 -1.57187175376029 -18.847797499511582 -19.47238278463847 14.101141621753525 -52.137165593520756 -14.147619011070667 -15.451843171013694 
139 -1.5855367509726421 0.08937807061614218 -2.667330722436967 -1.7017935281716203 3.687259405769756 -9.062451570387992 1.1742593353026236 -1.5095679714982546 -6.273855095657099 23.6481845586149 24.756370768809564 33.032997080734674 
140 -1.5805981042964061 -0.3601664604126746 -1.4628587770094295 4.318725872705093 -20.013522843676437 -27.75568015304576 -7.5867756087541025 -24.05641356451172 -42.71499329537743 -7.758344511038271 59.09870672234616 -103.816077561423 
141 0.05778270812236142 -0.07359784071794905 0.9819933830842076 -1.723164159804877 -4.718854498036186 3.2148183209625785 -7.8534942682569175 -6.0530891506526645 11.005513289292155 -5.096372947006531 -38.73612992728369 -58.807370985937 
142 -0.008299140232883865 -0.0031335831967394647 -0.11736441523294834 -0.907489276807651 1.5658856277122282 0.004409919417587774 -1.8694570487498725 4.710947088190826 0.14225102646883295 7.824111196113099 -19.996438153114724 11.209776813178712 
143 -2.3217746879191066 -0.8613430052372449 -3.1432600516796274 -2.9055010516787405 -3.0471999600688906 -4.795990031741759 -15.705849894824404 -9.427841724976608 7.387910663387974 -35.507730030439184 14.204763724767364 -57.136656615105416 
144 -0.23878073000704655 1.348613309445863 -0.5401613299603709 1.5363387042414947 1.563764464971506 -4.838660466533064 -4.139365342644134 -1.5968027022113698 -37.10015476078976 -33.15257391456874 105.04487612946097 71.92703194993749 
145 -0.026111719852445873 -1.8783461371596555 0.1583659131494885 1.2655281014641242 4.723425622568194 -0.5478655600981067 5.501017299680824 -31.844416027339165 -51.83957970520503 -3.9580568058479835 11.549796177352135 30.19926501239391 
146 0.9447187978626702 0.6814773142717506 1.5681003992042266 -0.024067592225891023 9.437042487281651 0.0310923300595663 -17.050368598330753 -7.886930794177752 95.85046896669361 -11.850435875740525 -64.43625497772005 -35.38781025883996 
147 -0.005838046244944711 -0.013613992357579504 0.11300396598164188 -1.573126615503668 -4.845570028380903 -1.7223869003410042 -37.69780938157034 -3.1490040700555633 -26.492177493766334 4.507082566211891 78.79204237144056 38.01420248749671 
148 -0.007786662600208869 0.7103703111922456 -0.0009760889343155648 -1.9761737418450283 -3.8389852596699567 -4.711004367775659 -26.582597780666383 6.900011423121581 -25.20168521784517 -9.517727222693322 70.66589329144452 31.118598936251747 
149 0.9442453727758338 0.5501297682105639 0.3178187584382503 -1.565816853513549 -0.030771775952562905 -1.7724018640423864 8.014400157688392 -4.829947826157364 -15.479343828365801 -23.51913539833572 125.98361297167372 0.7827612052131682 
150 -1.566677693150506 0.011988952631244176 -3.20928664510819 -1.5706844562305744 -1.5833215099994433 -0.22618776695822831 5.19093372427055 -20.320740811309374 -37.720638791424115 9.49816694503968 -250.9644166217854 -35.09577237028273 
151 -0.6303358833185266 0.6694905594125555 -2.181991301801999 0.8957080369656029 3.7965394678330173 -1.4488428068163244 8.294338844555137 -4.678564725581478 -3.209946863714683 -21.934858601461755 -141.3153419512393 34.41853144512156 
152 2.9421920697004478e-05 0.0004207646915609814 0.5999272520606488 -0.921852941084416 -1.7842083014753747 1.0010416685588779 0.18879421721998058 -7.597890284999588 -7.8331590284021715 44.44316704628671 -208.80548344724673 80.04095686388969 
153 -0.9405456940349991 0.10747780175867122 -1.5888305825855507 0.1458288972670611 -8.986355776769491 -4.859577192896015 -33.917529130860046 -13.245231180732516 -31.809919862177836 -20.648278345935132 -249.24442545674563 -44.0748157064236 
154 -0.1763607395596168 -1.5715859702636277 -0.06454614173074218 -0.7020856180396032 -0.13141867720678763 4.714085007963406 -15.671611689924202 -1.7015260861856245 -16.676384244652546 -86.66351934581023 17.274652721334824 18.556654996219816 
155 0.00044003800705636837 0.01808718104593992 1.5497721546473056 -0.8289369182829599 -2.7898085635062575 1.8651835943745727 18.8535922288839 -6.318764746095574 4.693377687074244 1.5073339029060884 10.11009920379194 50.04626511341468 
156 0.002959182976767307 -0.13374487904466933 0.5094430636956073 1.0789860222867462 1.0910902044030628 -11.375928219378435 -5.094084425530541 -11.015805174217627 -68.89530936146596 -48.851858007542106 -7.843005795265095 -8.964812204385726 
157 0.043472903507768786 0.17860585793399028 0.3864225649964035 1.5344007687090875 -4.7102759935831955 -6.359435095266191 -28.67056396593562 -17.344862459151678 -28.053635010358317 -4.678169071796981 182.22031271669988 -15.966102185323809 
158 -0.29568133116572876 -2.0409873713161453 0.21534248660649732 -1.8162525731057804 -3.134030939371695 3.4917255706138866 3.5375686242321596 1.3426667493201827 -4.820606722859402 19.083267076207346 49.1323118853309 -86.20161101176001 
159 0.0003723287413253523 0.00017821271365444868 -0.0008891369008411186 0.00026046371160446053 -0.15127855767685955 0.29285955476093656 -3.182740478036725 -6.3735766704414925 29.766805262700213 -2.4506914781603353 132.3600819393719 -12.326988267637933 
160 -0.002680055922727284 0.00038532600997774483 -0.021939856821545305 -3.1329342375102507 0.11858427272279247 -1.5310650299868571 6.099701099597781 -17.22130519962234 -0.07908602594009051 -4.706302696128274 -111.77648001313854 -29.558165119429617 
161 -0.17492986001695732 -0.1436880266902876 0.2628666772463537 1.6713277918996827 -6.296819968974732 0.02004413563210833 -36.14387909809729 -31.69322036555722 -56.50201788858585 -7.659508012787329 23.51753321038017 199.1749084124369 
162 -0.8751344223002008 1.7111486998898107 -1.0893836869453715 2.725171399331307 -9.425293887534785 3.1319484953973427 -33.415185042733064 9.204622985342313 -47.10110382516773 -4.80531589905746 -19.200895236959166 159.68926575658276 
163 -0.29996349479846635 -1.3617105420261852 -1.7936712673764141 -0.8021119819687779 -5.599608448429926 -1.8487093012123346 -7.915151683546821 3.0329549169088503 -19.219245642528627 -18.762735855737834 -210.88083167809742 208.57187669646066 
164 4.260368043893043e-06 -1.662027897165814e-05 0.00016380882643961064 0.0015890501691664533 1.6133695414425724 -3.2914912303366717 -12.382392379094266 -2.5825360423079604 -23.56184099379687 -2.0855520099459386 89.57199438228447 22.123658344827533 
165 -1.527070608439286 0.0007476367722638752 -0.17100527917775032 0.08685035101810967 2.560929846341623 -1.244135827575229 1.0203546550709126 -20.549586555792956 23.306494176062422 2.3391070102848204 58.23211195742923 -139.6162837051943 
166 -0.001082110795297959 -0.002957043227997677 0.006366312668835923 -0.03497569057607599 0.683090407641262 0.186979309183887 -1.570394769780494 -4.1900171152941565 7.848303979569422 -7.714199138676797 197.88636564758224 19.75836215588606 
167 0.02258537966568826 -0.06450007030142035 -1.5703403596376329 0.058737987060030826 4.70106128337925 -9.272193134885017 -22.411274335921625 -1.5533145904333168 -11.019717586291023 -7.328032303663914 6.310464869156219 -56.82993281616833 
168 -0.4058790620433624 -1.589704119065473 -1.5012893845492772 -2.0945958261548467 -1.7201905852394328 -1.7141321396501266 0.19324849865509713 -1.568738822263476 -84.62676737198515 11.106939425890374 -162.8500548411913 -6.841096529422277 
169 -1.313522124873692 -0.40270905770905263 -1.6395922540768044 -2.9641349100508356 -5.440717072272778 -8.038559261320168 28.26888159897323 -12.570914750146237 -3.2761236716018924 -20.386984103463337 -33.690320418029266 -22.04766999658374 
170 -0.17003224275351583 -1.5995569107876915 -0.6701821625938674 -1.7052457595885502 -3.555066558930441 -7.704615347819725 -14.965177170657611 -4.712171523909083 -20.25114092456895 13.213427349834742 -135.65628149241252 138.79393625001467 
171 1.5743889568608154 0.08899529095540012 2.9374361671518177 0.009135880363573365 0.22591374871927578 12.377363746172763 5.180609680235324 -7.858416730700364 23.56041243128788 -6.387100846996468 -0.35300741669718316 -32.93086222940066 
172 -0.5895737565736766 -1.5966415262857923 0.7071898482775613 -4.719893388341498 -0.10858578930405322 -1.1044965225954189 -12.55395562431585 -15.097293392876912 34.35901193250328 31.224568412556113 -123.64926449920846 -52.181605714427604 
173 1.95789761718631 -0.5676941626550346 1.4369225282867915 -2.1963344605025203 0.016518505648354477 -3.0898309168882667 -21.290016684831993 -7.8479021561165965 8.722669611740914 -29.849285506996125 42.35739973029464 -45.551966727158174 
174 -0.006918784521194323 2.16915942336378 -1.572084041404083 3.1052680119437897 -3.914715603609631 0.01907015631194159 -2.695072371562827 -5.7206531076354405 4.98390998425178 -33.43619739373483 -34.40881924796571 17.268131196927378 
175 -7.43740085932214e-05 0.018231844057714962 -0.007268771917954827 0.7514296926360015 -0.2848324242145629 0.0015467734044476477 -8.344120032694653 -1.7330256552578738 5.524756410120604 -4.688313780151616 -51.841405221836 -1.0054070199321299 
176 0.004461668648880543 0.1372500893219452 1.212460789125121 0.14360355111155348 -3.061904166623916 -3.941251893873564 -4.469840996197432 -13.888244395195123 -41.253514633022995 25.53526014224911 -112.8058204516004 89.53575304061555 
177 -0.03240062683831624 -1.806456697086614 -0.01582388895983112 -3.42629622767566 -3.1254233146805763 -7.905284423473314 -1.2503614175561093 -4.611298751007912 -12.625722285895588 -12.128410698868477 -14.498251352766511 -147.67516854260052 
178 -0.05113315931071161 1.0352633551005173 0.3144845849919675 1.2756021171127456 0.7078106267814827 2.564589642352592 -3.162189943407592 -5.901027712739036 -40.97367705289842 -27.22299402933498 -9.386709239584768 -10.73682989370908 
179 1.5899098785046353 0.02254003869347018 1.257058049886384 0.851267700247215 4.743942720095658 0.09290057025302086 9.498648305974974 -10.38833814630353 23.636160908528066 -19.784217262780814 185.37324795488686 147.20751106127392 
180 2.08875878604877 0.22540729229359152 3.654009543476496 -1.0837277137925094 6.168658111889246 -5.7659043912199115 -1.1616702662822869 -17.301037251403145 -6.698782798114614 -20.410343751367435 -52.529517937328045 -32.98531590903347 
181 0.03982859669026658 0.07813476094608464 0.007503629227037305 0.04486584650116304 -1.566558043464272 3.6137340357722407 2.7829363677774666 -4.706754622547687 -6.281322471922381 -9.388290417365582 92.22442051743076 29.876540819418196 
182 1.3879777780382976 -1.4146184678295948 0.2819410027548273 -1.51553179958516 -11.4704449159133 -6.887735975693968 -22.105926415146797 -6.066582103037764 -25.18034190467997 -9.670102422168057 -212.5958273116166 -132.64180650845233 
183 -0.12533282979729704 -1.229600422312719 0.03417096686839357 -0.945314131157088 0.9236139136154663 -5.617665672036629 -25.99889310597849 -4.745611542581711 -45.57634308981452 -12.784678087088784 -273.3555013718393 -33.638665000761506 
184 0.018986192074133476 -0.015443642338823171 0.9938154555173864 -0.8184441161024543 -0.4720029843595629 -1.567508799053162 -12.48230775392853 -15.985804170574248 -34.559819166691994 25.131303967849124 37.54306005343624 212.70328268851648 
185 -1.4732107464436783 -2.794711668154594 -1.7477523673628688 -3.548859535310999 -2.291897644432917 -8.064801829560306 -6.6091912136124 -7.802710671060097 -33.01808681312012 -6.154506614469408 -44.17550163056115 133.82131639946232 
186 -2.0277817297756977 -0.1481476941026238 -3.1204542015626 0.0033621868910155713 -1.8333971406524572 -3.9894186260559312 -42.318247433415436 -16.255851496458916 -12.252082087861565 -14.242155625278992 -20.448360570898412 -11.259580450303162 
187 1.983969005391246 -3.1487364552264525 -0.4561520005735465 -4.707202880493204 -9.364768268356553 -2.943742640610528 -47.618809403166644 0.3753165552708094 -21.841845911232163 39.474433603678754 -225.6683074759249 -99.11516778601803 
188 0.18825015482571808 -8.525393926777467e-05 0.07666739300669694 0.14264779277212541 3.551893999614063 1.6747864576830653 -7.129088778954148 -4.925674738112361 -14.103998834934114 -11.560264659933344 -84.80350689350766 9.359701306331257 
189 0.9740620351335448 1.5176457325637458 2.418824713648503 1.629998124372329 3.996728312563064 -7.86971185300914 -4.747643408055682 -14.379787023566921 -6.705471894571085 -20.49351800145447 59.83432897606431 65.71263330784252 
190 0.06722483475971128 -0.39084917845296735 1.5585690217527028 -0.064978143820036 26.74357225903282 -15.484706362765234 3.063984851362311 -2.232590319153433 0.09234458458204636 -18.221634665294122 3.904021086420524 -32.03018635643701 
191 -0.00030617849735434114 0.0018633310649541178 -0.014746070738278614 0.011797087750446343 -4.329650049316853 -6.607182712748922 3.4597967349121856 -18.552804028093743 -30.86919124966097 -5.129129760382013 133.52307058177706 -159.8713193043482 
192 -0.9365428586590162 -0.698391458443711 -1.123148442423884 -1.5820898234339638 0.945525592646999 -2.6064568634353646 -23.58105899478346 -9.896005933748086 -48.24823744726445 48.427562530939205 -98.58213730550996 -85.86071887838084 
193 0.0009366201431375711 -0.2142986591129764 0.7219645399664889 1.625545373810934 1.4930638487206414 -3.0327030952814185 -1.7170569000429936 -1.3614179937317998 11.84722785169667 -20.414028997421607 -145.51196387212073 -194.39368844870384 
194 0.5444905541959759 -0.4069798489899722 0.7484910467461591 1.70760590092674 0.8970654911723214 -3.3267175572474263 -5.803960910876668 14.17733902588412 23.40612692442693 10.507357132937763 -39.50716115821817 14.253318195240803 
195 0.020058035643925345 -0.04531236514535772 0.3508072586868601 -1.1767207232874106 -5.763822201942794 -1.5066202066270746 -9.847518349884076 -46.357964615926655 -19.277480631845282 -17.522650262536963 18.383350679941817 13.511352518445175 
196 1.5667677502025708 0.21779345648921633 3.4549156994246992 1.1252781030989316 1.5648645955011744 -6.655817512322438 -6.453650219829808 0.34184305871377385 -20.402735811332846 -3.2074736139051856 -29.858558367207014 -12.060380938000005 
197 0.015524261999977838 0.3232815962102466 0.22340151939994304 1.2585271027469527 -15.496807813343533 -16.006849060301814 -43.9785292840382 7.294439709218323 -0.8480445313571768 -28.47685504865708 -27.984921707099673 -32.727794990877435 
198 -0.0004821256015704977 0.7690099608131267 0.010116159423088923 3.6728378519535263 1.2721628783349015 -6.107045268357178 6.283059690414753 2.4988748406737917 3.2839547123518646 -16.230644187690967 -14.31381509965494 -96.45411989987323 
199 0.05032544326821919 0.22550937831372952 0.7451052313287191 1.5434862147594788 -1.5737870375374177 -3.105403090756978 -3.0877548024395147 -24.558428518725105 -38.78663482266451 32.090083728783746 190.37868388186737 -157.1290697719869 
