0 [  4.80941801   5.95672287  -0.16083249 -32.482869   -48.34715877
  -8.99185616] [-37.77954416  51.35831405  -9.1883656   28.16651619  21.367698
  10.43710516] [ -5.13802573  31.08113996  19.38575901  14.09979273 -11.83933608
   0.8433729 ] [  5.04465575  -1.02891447 -21.30844302  22.98600559  -9.91631612
  16.1441762 ] 
1 [ 0.76533674  5.66637523 27.79842678 20.87767319 22.43040194  4.82556109] [35.97287879 44.57464395 -4.96449706 15.22568756 -9.74705624 36.57806551] [11.90667637 28.4327732  -9.16589657 -0.34503163 -2.1238197  -0.50012402] [ 33.25477795 -15.18787436  -5.39049183 -10.02577634  35.7329607
   9.94137938] 
2 [ 23.36857698  28.37542701 -15.58946621 -15.42423054 -22.67825272
   9.54945123] [-2.46627474e+01 -3.60096564e+01 -2.83505558e-02  4.18104699e+00
  3.55659187e+00  2.45718302e+01] [ 13.50817887 -19.3226865  -35.95618917  10.0323407    0.78980745
  -6.99993742] [  8.94842893   1.34367258   1.88914565  24.62828281 -21.45696173
   5.73190259] 
3 [  0.52766833 -12.72167179  -0.90573793 -16.63681991  -3.52997965
  -2.08827085] [ 42.43392285 -36.89272741   4.63225535  16.92225379 -27.9037464
 -24.05917548] [-20.44752315   9.59952028 -27.77077234  -7.45407239 -21.81923761
   2.81354208] [ 42.92960137  -2.94376195  -8.62705261 -23.25611238  -0.72114522
 -36.27446252] 
4 [ 26.86317929  21.11229162 -15.34139616 -16.92083554  14.87439403
   1.52075684] [ -6.72152321  -6.52538806  -5.79469712   7.11331027  36.63861745
 -40.44857348] [ -3.73430544   5.81573258  -2.72182971 -15.54378209 -20.37177721
 -15.32773557] [  1.44079677 -22.4796576    5.81204218  -4.4750726    8.87986185
   4.81120665] 
5 [21.9215868   2.602293   25.61722122 17.8503386  -6.60214501  8.87694137] [-19.88153533  17.6578971   23.09262037 -13.42843383  23.54158062
 -45.53778413] [ 11.60851629 -14.37091646  18.50602207  -8.48394265  36.70909529
   3.66235614] [ 48.02935936  25.8825783    3.62023023 -24.90841574  -1.85231467
  18.07837434] 
6 [-17.83653183  38.579787    14.11877152  -1.43167069 -11.13352872
 -14.75473111] [-64.22595993   2.58182861  19.01183894  38.48670667 -12.04394427
  -7.65374827] [ 17.51606548  -2.08538248 -22.86216112  33.36694345  10.50161029
   7.50950561] [ 22.81911124   4.42220704   0.412281    -8.69533196 -30.98618262
   1.08731205] 
7 [-13.68462037   4.4778379  -11.99271858 -11.5733168   19.96591049
  11.45799314] [ -0.79360104  39.16915118 -23.92102287 -61.04953245 -24.97260882
 -10.03451157] [ -2.77255973 -29.23425199  36.57022725  -4.19941488   3.49706302
   3.74744797] [-17.65075235 -52.66669868  30.95123126  -3.89654182  -0.72811917
  32.9740555 ] 
8 [-25.6158289   -0.13330064  15.10410897  13.28021111  10.30989365
 -14.77542581] [-14.095535    17.61892762   7.89187456 -10.7993139  -26.07182
  22.26138489] [58.84092481 28.87942548 -3.16266748  6.99683488 37.1656221  33.09225197] [-16.65584098  19.83769256  18.2827981    9.67152179   9.40990963
   7.6531684 ] 
9 [-17.41921812  23.39965754 -27.05873826   0.40301958   8.82601692
   4.65668619] [  6.19598842 -44.53344197 -19.90712205 -23.0607709   -2.39794448
   4.98290322] [-11.34681767 -11.96312928  37.02582719   4.84850515  16.61581582
   8.25317721] [-27.12531726   1.5739012  -23.38621311  12.85567715   4.44060391
   3.8151786 ] 
10 [-20.91782354  14.24445332   1.10588937  22.60276377   7.39277635
   6.20680603] [ 29.79746008  -3.90893889  31.79627525   1.05152099 -45.22434252
 -27.85422617] [  8.14973836 -39.23505184   0.559761    -2.18024517   6.36276888
  -3.38718994] [-26.58151051 -52.81540897 -26.33380984 -43.4553244   -6.39332545
  -8.78537726] 
11 [14.64995929 22.81697227  1.86773719  9.75401225  5.27143225  9.71816203] [-20.18883929 -15.62096316  31.28802097  13.77401677   9.43924076
   1.84622688] [13.75183647  7.21091445  4.43036819  9.74688201 28.04103125  8.92696116] [-33.34053216  -5.03478792   3.89222881  30.98283583  34.64968087
  -4.95802239] 
12 [ -0.90263215   2.82004174   0.96072918   1.2192157  -11.7978069
   6.7783588 ] [  7.81264146 -44.09326307   5.43213193  11.78096751  12.37435058
 -15.53688275] [ -8.68025726 -22.42926757  -5.98703527  16.6712388  -11.03075608
 -13.77753122] [-15.58583689 -24.29016685  18.63453409  11.40494006  19.85175636
  39.22241303] 
13 [  3.35409855  13.19398228  14.47275127 -12.93595247  -1.73373753
  -0.7629871 ] [  9.0453646  -20.17556665 -14.34141864 -11.35538886 -22.85624036
   7.41911832] [-5.04051336 28.37135879 13.18329506 -2.64835684 -7.89795493 -3.30463586] [ 11.22296085 -20.4818247  -19.54869971 -15.80647766 -42.2188329
  11.42630056] 
14 [-15.64741674  23.92669277  15.81805654  -2.82932241 -13.00879424
  -4.0736667 ] [ 52.45503203  29.13039064  34.63025646 -17.14696829  25.1883747
 -16.37786756] [-23.10493302  31.20843687   3.57367444 -16.51292809  -0.86753377
   5.12030401] [ 36.32241154 -45.26910271 -39.30584632  17.65363565   8.72176427
  -3.62546311] 
15 [27.7995383   3.65294317 -7.92405729  5.18604457 -1.82074934 10.3537887 ] [  9.93226679   9.33212856 -24.26862326  -5.23366666 -29.8117819
   1.89784113] [ 22.5755353   24.00316691 -16.08703583 -11.27652103 -18.50215328
 -14.45374368] [ 25.18312873  15.29157194  15.53498944 -12.65768354  19.93011885
 -16.41616982] 
16 [-15.64364807  -6.37508416  23.03264067  24.61554961 -14.24437476
   5.53072876] [ 25.87858506 -20.0590286    9.1991153    2.76030989  12.79977415
  -4.56564112] [-18.32347643 -40.10358743 -24.63203833   9.72720391   2.73871621
  10.05164366] [ 24.64159168 -11.59321408  18.13066665   3.20247397  27.37833464
   0.79464752] 
17 [-12.82578582  12.92029356  12.32778193  -3.28294489 -10.26333783
  -2.44986538] [ 10.48557403  40.19602637 -32.60426422 -25.27281133   7.87774752
 -19.77750559] [  0.11112525   3.91464916 -35.09536558   3.61076342 -16.38601006
  -1.39865885] [-38.46118433  20.48267953 -24.29999877  14.88678503  12.34189769
 -22.71809562] 
18 [13.38567911 41.97472398  6.02965169  1.64345864 -1.53981615  1.42323041] [ 35.63266648  18.94885264 -43.06415401  25.62444484  30.13639016
 -31.73539606] [-12.17671056  -6.48054203   0.09970411  -9.17489822 -14.45728889
  14.67034509] [ 27.17816056  41.08844841  20.94080463  10.79806832 -25.99804287
 -16.59181548] 
19 [10.80391647 -5.95800475  8.05431158  3.3120401  33.37570101 20.74112544] [-19.09618939  10.21265948  15.6739113   10.98856506   5.128301
  -5.17640777] [-15.03617081  22.03822974  21.34347929  25.56332205   4.45320338
  -4.35008031] [-27.38177559  16.55267126  31.21222984 -16.75433605  -4.74393335
 -24.73488057] 
20 [-21.66986139   4.17125351   6.38621397 -20.56777415  10.94460802
  -6.30563474] [-41.33173552  -0.34479045  35.18575339 -69.52606126 -57.7856192
 -15.29453058] [-12.95286977  -3.80560792  24.17881622  57.45984097  -2.20425962
   4.20549118] [-23.51725627   9.18040362  52.13313577 -10.47664025 -11.46363098
 -18.76601274] 
21 [  1.00466577 -13.60404146 -28.55217495  -7.48990656   8.59821965
 -15.82817837] [-19.76659619 -27.10052108   9.73431566  11.6040083  -14.02435443
 -36.34529136] [-13.52421737 -24.46303884 -26.16090932   3.39478857  17.51850361
  24.3176989 ] [-61.62783017 -32.11171775 -15.78739481 -30.108981   -30.40132594
 -15.93575785] 
22 [-13.33466338 -32.06390524  -0.96780097   6.94209486  -1.86170621
  -6.31625019] [-26.65675277  13.64661427  31.17470803 -18.58871015 -11.87788716
  28.08163924] [ -7.81936859   4.21131564  -7.46985486 -36.99325007   6.1944516
 -10.84339235] [ 46.80509773  19.76993379  17.89202219 -40.30555059  -0.17432528
  -8.93064214] 
23 [ 16.08021034 -12.75862794  17.33637467   5.27284464   3.94615226
  -3.01927925] [  7.19241685  19.82403699 -15.87492647   3.90008453  -9.69199064
  11.06236629] [ 16.54850675 -15.44586854   7.53988544  -8.58533651  15.32790541
  11.86288359] [ 22.06644714  -5.07682865 -21.56560293 -33.29913875  19.10169294
 -18.98084816] 
24 [-21.25464282  12.7224493    4.45784333 -11.63821646   2.8774213
  18.929559  ] [ 44.88351823  22.61812729  21.69703397 -17.74851668   8.35587957
  41.85646735] [ 15.63227456   4.59038684   5.34745764   3.30600795  -9.27859461
 -15.69883907] [  0.23285801  24.14851329 -19.02580243  22.29222543 -38.82221369
   8.03107135] 
25 [  7.26773342  36.56578495  13.65483215   9.08410939  15.4064693
 -13.06371698] [-13.90208098 -19.73345472 -28.27715791 -30.06655405   2.13836319
  26.57663529] [-15.80792353  -9.68664868   9.1641972   21.67214361  -1.67835812
   7.71152578] [ 15.38153345 -20.31042305  -5.15224742   4.71481004   4.44377707
  -2.93569957] 
26 [ 8.9316387  10.67876899 -3.96198738  7.83941293 16.05382577  0.62532698] [ -7.0778786  -44.7635922   -1.25145423 -57.79450956  -2.49679871
 -12.40996767] [ 17.87939554  61.90614264  34.94548313  18.6238633  -23.49659262
 -16.73589644] [ -5.58026149 -15.94553005 -13.98479668  -5.44770277  11.85606439
  -0.28944276] 
27 [ 24.57514926  38.4170072   12.49932552  11.9068843  -12.50202482
 -13.59220313] [ 69.58566856  -9.92120004  -3.11084338 -19.65305949 -34.76148497
  -3.78159269] [24.9859365  36.88768548  5.87920168  6.64297255 -6.59588393 -1.07291646] [  3.4420567  -44.37003281 -46.16973543  13.72248789  19.09177511
  26.47367888] 
28 [ 17.0926272    2.72650247 -22.28177846 -12.1490958  -14.650325
   3.35021537] [  9.07994312   1.20737244  13.28805741  -2.11325523 -10.1615845
 -25.02315225] [-13.78066553  15.25242397  14.12097347   6.61237161 -20.03269016
  -6.95562174] [56.90167666 55.3446602  19.58907767 21.18815792 23.80272657 -2.21611646] 
29 [-40.40506717 -42.8088621  -53.89733246 -15.28550254   4.68683959
  10.50093312] [-31.10261512   3.03827998 -36.93396408  36.33340924   8.5485067
 -13.29732827] [ -2.14151312 -24.62525644  11.68563251  28.38098871   3.51133785
   6.92907591] [-50.65038053   4.68211303   1.42247963  29.01703878  30.73966882
  23.75705676] 
30 [-14.67374003 -14.42857235 -17.55281995 -13.8526261  -13.03089607
  -4.24309276] [  6.19691481  -4.5941766    0.42513216  13.50498792   9.93709653
 -12.92533114] [-26.23600678 -27.0357254   -2.01114193  15.50426      8.01864394
   8.4578243 ] [45.32251545 20.15543267 33.43276406 23.85018049 -9.1418489  24.71453684] 
31 [ 11.56368759   4.18506114 -20.30712624  -8.92988172   6.39844697
  -6.3736927 ] [-12.69089024  21.69385939   3.03563551 -12.3221826  -21.91273452
 -15.23850637] [ 1.33630191e+01  5.05560470e-03 -1.66322946e+01  1.09636624e+01
  1.15749067e+01 -1.65606917e+00] [27.70822405 28.53537602 41.01131792  0.09852772  2.88235039 36.05958794] 
32 [32.73769954 24.73695295  9.0863508  14.16609079  6.30680157 -2.18761943] [-44.55991579 -37.18384009  22.4100152  -16.03206499 -33.48295651
 -22.0372078 ] [-13.49705357  31.76439308  -5.86107215   2.08206387   9.25720264
   8.11583716] [-21.20050288 -32.59632314  19.48600367  18.71877027 -16.19270087
 -27.80471139] 
33 [-14.40931635   6.63802034  16.79336052 -26.26703419 -12.63977606
 -16.16824522] [-11.16476278 -30.56768717  16.03600968 -16.32757177  -0.47455535
  -2.45982471] [-17.12904509  -1.91453874  13.17694549  16.55139161  -2.84646208
  -5.69370134] [-28.22870338 -11.92196267 -37.66675391  18.92829094  -3.84324766
   2.68480567] 
34 [ -3.29903043   6.90672019  14.74704812 -11.32807753  15.50135219
   9.97764216] [-21.93282127 -26.3815715   -4.60811807 -40.04145961  14.92202711
  13.62734501] [25.08532516 18.79995777 15.31073686 -4.01886756  6.73193927 -2.03962566] [ 16.89926992 -30.23015829  10.36506406  20.77230593 -14.47493376
 -26.73352675] 
35 [ -5.18986308  58.20519059 -11.82740712  10.02738184  -4.7991288
   1.96464624] [ 41.3328533   48.33631442 -20.11578297  -2.2279371  -24.23458164
  17.44740974] [ 16.2627466   26.27092652   0.22820928 -17.53692112  17.69719225
  -5.91260609] [ -0.81785437   0.76260419 -10.51585812   3.0581568  -13.69307695
   4.60874183] 
36 [  5.57024414 -17.97486105  13.99442477  -6.83740837  13.40222131
 -13.63470159] [-41.93288358 -39.02487695  17.2581808   -8.43220026  -5.29450979
 -25.7197916 ] [-32.30168494 -14.06319478  -8.29814665 -25.13133272 -23.15458042
 -11.95849047] [-3.0108201  20.28247899 -0.96084433 35.21301328 -6.61591681  5.24639221] 
37 [-20.60831134  -3.48161866 -11.13661268 -12.54724974 -17.84095004
  -6.96487488] [-39.40972681 -21.31789838   7.99036328 -59.75668838 -21.95005033
  11.79395524] [ -9.96301554 -23.84250859 -41.60032649 -36.74413872 -22.4616337
  -8.99069613] [-21.63968212  24.3430394   -3.15576805  11.72171578 -34.35728122
 -35.41085732] 
38 [11.92062818 28.19527663 23.4905282  -7.35735547  2.23749298 18.31693324] [  4.85718688   3.08013546 -26.16710657  17.56522391  -1.09691921
 -16.04369449] [ -6.35962478 -11.04095115  19.7470703   24.68729195  15.89895394
 -10.51078605] [-10.62486402 -20.58363754  33.30051511 -13.46974423  19.12821273
  25.11116471] 
39 [  5.87416915 -23.96485359   6.33261312  17.18420386   0.28462611
  -5.16262604] [ -1.49432583  26.00732257  24.86214546   0.92716204 -23.6618615
   2.17968211] [-14.69659218 -31.76278852 -27.69639355 -19.81964503 -11.54410769
 -14.8835684 ] [ 22.93600397 -10.90908855  46.14039549   9.85137303   1.24980271
 -45.4568754 ] 
40 [-31.25540696  -3.23631331 -16.40864349 -36.93298601  -2.14370268
  -4.68500373] [-17.55192706  -1.98755914  38.37318103  26.43592639  -1.67248123
  10.45124865] [  7.63179813  27.18911123  34.28370754  21.01131571   8.09913982
 -11.85614942] [ -3.87581482 -20.28982977   3.55370391  18.11218573 -12.38126788
   0.0782731 ] 
41 [  3.18208333  -5.02676226  -4.99645996  -1.79942438 -11.7279506
 -13.43439345] [ 80.36451158 -68.44907382  -7.58961611  18.68503638  22.07578175
  31.7286062 ] [  9.47401891 -18.95081479  14.11985065 -42.67485024  15.21598749
   7.90688345] [ 61.10266726   6.28317086 -14.11844221 -40.31206629  31.49618836
  -3.6829921 ] 
42 [ 13.70255214  18.91389302 -12.52887734  -9.99580421 -26.1758005
   6.96583951] [ -9.58883315 -12.02686398  -8.94555518  13.36455207 -17.28253211
 -42.26130089] [-0.84040183  3.69659149  6.92372568 -4.25249441  4.97852459 -4.17920248] [ 11.43807572   3.82288087  14.89968674  -6.37225589 -12.30084688
 -15.51422569] 
43 [-17.09664402  19.6232563  -14.27190189  27.1722614    9.37157161
   7.29604523] [-46.31710006 -17.97118466  20.46376337   3.73278311  -2.6541822
  23.33017205] [-35.82737054 -30.59391692  13.17086353 -52.63109422 -30.67510247
  -6.93236606] [ 19.76863044  21.27624251  -6.51138377   0.3477275   21.70675607
 -30.54249219] 
44 [21.31534715 -6.77306724 12.2181746  -5.41283719 16.95483568 -8.97746503] [-48.72606932  -8.17481117   5.60502319 -36.03752709   4.48544279
   6.66740846] [-12.14512338 -16.65696436  24.59932421  27.64388472 -17.84447016
  -0.6528747 ] [ 10.69339571  43.06574139  28.43619942  59.45480978  -5.56806553
 -23.60785501] 
45 [-12.81681247  19.8738069    4.74196726  -1.73658596   5.80057864
  10.29778229] [  6.6126836   -3.51743588   1.38674462  34.09459902  12.50250892
 -38.8910974 ] [ 12.24702079  -1.07846856   3.98729134 -36.23635909   1.2575104
 -19.88399419] [ -7.93772908 -34.71042882  -0.37398452 -10.19661046  13.61629984
  27.8308472 ] 
46 [13.54444568  8.94820839 36.71371302 -1.45856699 21.35766204  6.53722275] [ -3.63712789 -24.24022835 -40.10032277  23.43203488  11.25531334
  22.07819186] [-27.03475991 -14.45357023 -22.25319903  -2.17705361 -10.36528633
   6.79684164] [-26.57413212 -31.00896922 -74.63626498  26.20795482  25.71016066
 -10.0293848 ] 
47 [ -9.04138864   0.91918819  -6.48754823  -0.4437062  -10.00296735
 -22.10340445] [ 83.570594   -40.59060846  51.4299551  -31.13027388  -0.13815179
  34.72695691] [ 3.36093403 24.13222411 15.70323255 19.09005192 16.99489493 11.30896731] [  1.45342946 -62.20634516   6.14657795 -21.80610292 -31.98634156
  17.77134285] 
48 [  1.55110909   7.50263926 -17.05837719  -1.38204983   7.56942143
  -5.37014724] [  3.19864807   9.90643397  19.15120471  17.06369215 -34.94820897
  21.40707502] [ 1.00875967 -3.4708451  -0.61220715 -1.20669004  0.48043026  0.98920294] [ 4.07326521 -1.56856724 -0.36197265  2.55906612 -0.30152901  1.37042936] 
49 [22.57524987  2.81292466 18.79765524 10.00999895  5.16564527  6.27364514] [-15.68396767 -17.45605921 -10.54182952  -8.72498762  18.60662165
  23.56196216] [-38.38235647 -27.59584449   2.67493673  -1.10180299  24.6600583
   1.47321359] [ 38.63171312 -44.36969061  66.79389753  58.82198619   4.84987855
  35.66195815] 
50 [ 10.76892764  -7.04801847   0.17020877   9.82368428 -14.10697194
  -6.91435487] [ 56.17754584  21.19218162 -61.69895812  14.41415212   6.22319266
  50.40865356] [ 5.43806467 20.14684047 48.45425806 18.06986555 16.70354484 -3.19541747] [ 26.71777304 -15.32524562 -21.78495481  26.59958539  60.94096593
   7.77347709] 
51 [ 13.79669302   5.48636405  18.05755109  15.56327772 -18.00379487
  -7.0256018 ] [ 32.03280028  31.97380416   7.35991649 -32.12989559  -7.12482745
 -18.74365585] [ 27.95614361  44.72857245 -10.08243472 -13.1432763   -0.61387493
  15.13872463] [-24.81951716 -13.39501411 -42.32817161  -1.52487283  16.58292177
  25.16427297] 
52 [-18.42654191   3.99943431  37.80598933  28.79201884   0.60601636
   5.30604299] [-29.4879813  -59.94175797 -29.09899718   6.82192211  -1.15111092
 -25.0077304 ] [ -2.33565951 -17.69973267  10.94001943  11.9978752  -17.91695982
  15.93442314] [  1.74773617 -28.20402548  13.50877339  -9.40728234 -14.21244653
 -14.59839753] 
53 [11.17088212 17.89770506  5.34763289  9.16674362 -6.62740734  2.42780951] [  8.55847891  21.19126623 -22.95804271 -11.53875569  25.19111567
  19.64492396] [-13.04463783 -14.7632156   15.79716062  -8.45410245 -12.87920166
 -22.27947818] [ 18.84608306  28.8902094  -19.59204573 -29.81126006  10.58269042
  -1.00993564] 
54 [-7.44256594 16.51629595  3.57868643  5.57947083 29.20951436 -3.28221069] [-22.86207201 -36.95913632  24.77858865  16.20160036 -22.95179285
   3.64646453] [-16.96686752 -25.6791758  -17.50984601 -15.80665161 -11.6568983
  -5.30016598] [ -6.78184699 -36.08897645 -12.68430601  31.34768032  46.69006856
  -1.32796412] 
55 [-27.41908459  32.48876202   9.99455805 -12.82129398  -3.54279488
   3.53941303] [-28.87653851  20.93914555  19.56166719  32.80070192  -2.86048156
  12.16555605] [-26.22265201  19.04431069  34.02930574   9.70231575   8.45325471
  11.59978911] [ 14.97465394  25.65072286   8.85980339 -21.81516507  20.32646026
  49.82562211] 
56 [21.30936846 11.21619152  3.22773534 -9.49356876  0.73830351 -5.48573209] [ -0.32216916 -32.57589744  32.42475635  14.58876248  -4.99813818
  -0.26863201] [-1.97356722 18.1733573   1.54311361 24.15360783  2.8533569   1.54030396] [  3.1180368   21.92357971 -33.12613405 -16.60781386   1.59077233
  -2.86833477] 
57 [ 12.07066985   2.53914223  -1.63280465 -14.59759911  20.16908264
  17.15994026] [-33.47857342 -10.99875267  29.8801321    2.74239083  43.77363865
  19.11735023] [-2.11088586 16.2553901  11.7825268   8.5770535   7.1021582  -1.70759068] [ 13.28634651  26.1617014    6.68919085  -7.04023262 -24.07452322
  -5.03161862] 
58 [-12.82402133  -9.16876763  28.60967567  23.14386095   0.59726666
  12.0766211 ] [  3.22242994  21.46904074   8.1638175    3.74203988 -17.8427579
 -17.97746876] [-3.30689769 -1.40646869 33.79042887 37.71657501 -1.339435   20.34711756] [-32.94069207 -20.17131021   7.20268679   8.03335872  19.67873814
  21.5076169 ] 
59 [ 11.97902862 -36.66105391 -16.04640119 -15.43952884   0.18232871
   3.18557983] [ -1.39170362 -30.6758765  -16.10997182  16.64695557 -27.69610259
  78.59495159] [ 20.94620633  -2.59370503  33.73236404 -26.20541589  -7.3699346
  18.36333979] [  7.5636878    5.79323691  23.63574824 -33.58327346  29.09440537
 -35.68135204] 
60 [-27.85683264 -29.97435934 -13.80828489 -11.5568165    9.30078135
  -3.88612688] [-27.05486819 -34.45030566  -9.90384928 -43.33623349 -12.05779487
  -6.6473853 ] [ 39.3601889   -4.02955184  11.43192449   5.20719325  11.70890649
 -11.17438126] [64.05579267  7.44244921 11.73770205  8.78309705 -2.84804233 17.58436125] 
61 [  7.23435299  15.66829672  20.18126053 -12.52636373   0.5175225
  -3.33145391] [  4.76349236 -56.00379442 -35.7380781    9.65737701 -25.38202794
  15.33224846] [ -5.63542916 -31.48078747  16.23256255   7.20726598  14.1952362
   7.46821326] [-14.81035598  10.98900606   4.99559718  23.74363763 -48.35229456
  -6.03674783] 
62 [-29.08831819  -9.85149567 -13.48889024 -10.64181913  -4.14620541
   5.97258472] [-40.4155115   82.31233908  66.50812375  23.18228618   1.66115579
  -2.72138912] [23.43798705  7.57296791 27.53113208  5.77329687 18.2585211  -2.94928115] [ 23.74719782   6.69769537  21.2944636  -45.70227383  22.56014435
  15.79605746] 
63 [-17.59205754  -2.71512187  -4.79790924   8.67522255  14.34785996
   8.00738572] [-23.33802789 -24.32575179  11.58180957 -10.58155551 -19.36119862
  23.22344755] [-1.99002802  4.73343558  0.78384    -6.57503009  3.05302488 -5.87351837] [-28.0917814  -39.70263045  59.37949981  24.91079509  12.21769377
   7.06780381] 
64 [-33.73325349  -2.87439315  20.68164297   4.96523272 -16.47230948
  -3.60212428] [-18.1520313  -14.34805586  10.56601752 -48.27912464 -16.0396833
  16.06830407] [-45.45579191   0.92578057 -13.85874508  -3.08167784  -6.46811246
 -16.57145454] [-33.90586627  21.19153956  19.63930879  -4.63963821 -18.82946251
  -5.77636997] 
65 [ 9.02993782  8.50026509 -0.05701174  8.58344445  1.34829425 -1.58665554] [  3.15522567  12.80951668  63.02352332  16.43147303 -18.52075519
  -1.28781107] [ -1.6611919  -12.14097427  -4.70145733  25.4131331   21.79295609
  31.15107822] [-37.0279038    5.92467856 -15.06622505  -6.62530793  11.75231804
   0.06052209] 
66 [-12.11309305  14.27083398   6.31562952 -12.97703811  12.27932656
  -5.88004149] [-57.46063554  -4.88397719 -35.76568281  26.3774176   10.52929825
  42.90062882] [ 1.40897499  4.66158999 -9.02227978 -7.06752599 -5.23330383  6.23027602] [ -7.51164491  -5.29189011 -29.09494394  20.76172817 -20.46189281
   4.67176694] 
67 [29.79499424 29.22475924  7.04394983 30.24280494 25.02765251 14.992014  ] [  4.66553653  -7.3755523   53.54925862 -11.83752463  -5.33338486
  57.2799674 ] [15.69676381 19.5999274  12.29376915  5.64921372 10.88520978 -5.99504549] [ 57.24224646  21.18587712  64.85294668  18.53533163 -51.50281905
  -2.49804735] 
68 [ 17.30955442  -8.39740953 -14.67470284   1.29496689 -13.67829142
  -9.18721747] [ 19.67470817  31.45124422   3.58550265 -25.15331018  22.37552271
  17.30065888] [-21.72727955  -4.76998815 -20.43618598  -5.73750146   4.57191644
 -12.77790819] [-38.99261172   6.18523091 -45.36251224 -15.13134486  11.15390556
 -16.85719416] 
69 [  9.2920862  -15.92567379   1.16201832   1.36270249  -7.09070615
  18.72257064] [ -3.0431384  -42.14906985  57.67995538 -17.24771423 -58.2176648
  14.7939785 ] [  4.48572535  13.02954319 -13.09856434 -31.27798958 -10.38082066
   2.34073103] [ 26.03237758 -28.350145     4.41996562  -1.00198656   3.861165
 -23.60778708] 
70 [-35.62049824 -11.38924884   4.748446    -8.34778518   1.32045057
   6.64421001] [  4.00535425 -16.32439515  -2.35741665 -30.41822935 -19.27683262
   2.63401657] [ 10.11205256 -29.04833868  -0.47700074  -8.81616473   5.19376736
   9.50858212] [-50.15615526  21.38676246  49.36015167  14.76629398  -7.8232191
 -24.13389317] 
71 [12.62942783  4.49142998 36.42564525 -1.00634345 -7.26855147  5.47553709] [ 37.15880511  11.32578505 -25.92392446 -18.82408478 -19.92007042
  22.85238117] [-17.10786472   5.50908399  13.66861014  15.43498399  25.7928297
  16.59496443] [  9.25426275  -4.119962    17.77513869  -1.01343786  58.19504027
 -11.27811893] 
72 [-28.42719347  -5.34166943  -8.34436363   9.35946244  28.41070683
 -15.2956653 ] [  5.93581748  46.08326086  41.3897374  -16.84326626  32.12490887
  -2.20812678] [35.20197258  5.58332061 16.78145876 11.60999846 12.75873716  0.16309778] [ 56.33546037 -20.4400097   33.6207382   13.44792984 -23.76718061
  24.87736208] 
73 [ 13.06857839  33.44456922 -10.18031283  14.7293816   -7.00372454
  11.83125812] [-33.43517753  21.84833716  43.52003266  -9.16765423 -17.51523494
  12.41912637] [  0.85627629 -12.56400156   9.87598318  -9.73349212  -4.63308637
  17.06689763] [ 17.16286606   0.20753352  45.69030098  25.11849209  -0.82638061
 -51.55408375] 
74 [-13.26820571  19.93477869  22.02119434  30.63500535   7.86102981
  10.7719762 ] [  6.98724326  19.94586617  -2.79986989  25.6676838    6.66943268
 -14.19782102] [-12.97002945 -10.39995343   1.44051146   1.68467605 -11.61733546
   9.23728268] [-26.6336705    4.81586481 -25.86108183   1.16303562 -13.67806532
  -7.41466748] 
75 [-13.46558208   4.77736853   8.5661118   -0.36431018 -17.28369084
 -31.36096939] [ 35.54485282  -3.49771372 -13.56410009 -15.9178156  -13.3810987
  13.10333359] [14.03847694 -5.11377395 -3.59220895  0.01863432 15.57057063 -4.80989099] [ 14.20977129 -19.88973041   6.91594534  23.1949827  -47.24549095
 -27.06932239] 
76 [ -2.31934256  -2.41688158   9.02497575  16.14998287  -8.26020775
 -18.81994907] [ 24.19630587 -10.04622839  22.22200959 -13.30200153   0.71306921
   3.73062303] [-35.19032315   5.06367621 -19.24170888  -0.14573873  12.25188502
  12.12742151] [-43.03155778  14.6898858  -37.74863667  -0.79249057 -37.66952455
   0.49805364] 
77 [-13.28598809  -5.23205333 -28.0730023  -14.42724432  -7.3443009
  11.50951091] [-27.94914186 -21.71060609  -2.7436048   -8.87387711  29.0772
  15.68280327] [ 31.20793361 -32.48922619  -0.59126261  24.55379301  44.59095215
  -1.38024771] [-13.74507113  30.71255212 -55.69452676  43.03532991  55.49805073
 -42.36679842] 
78 [ 16.85456652  49.22374847 -11.53752941  -6.28731689  29.7790981
 -10.57193999] [-49.25422535 -70.70418079  -2.62856304  22.44216682  20.59099603
   5.35589253] [-3.09324775  4.69013856 -4.71834032  0.20580734  3.48704659 -0.42589099] [  0.93146404 -22.20328179 -36.15888393 -10.6037099   -5.40785872
  17.00204119] 
79 [12.70919598 -9.92967708  1.96835794 -8.98082387 -3.04790788 -2.59425641] [ 25.70085763   5.03263993  27.92470153  28.59537658 -20.52128945
   3.55229797] [  5.0080721   21.60610027   3.29661454 -20.34172446  16.83531914
   4.02838093] [ 58.1027279   21.83582696   6.05196973  -4.22894659  14.2894744
 -10.70792313] 
80 [ -5.38073728 -12.14987      8.03679546  12.23538988   9.52057315
   1.15058744] [ -7.17258221   5.60079697 -10.58186439  13.33183944   6.72355921
 -13.40011158] [-51.57274842 -46.79769252   9.35581641  -0.94875325   2.38038847
  -0.12119209] [-34.83867471  19.84083582 -30.68208502  -3.10459357  -1.14243739
 -12.11249423] 
81 [-16.53445859  11.08551178 -11.118867     6.91295933  17.33004338
  -6.66365949] [  5.89289846  41.349134     6.34056633 -13.29001314   8.76475904
 -16.43842529] [-24.57345369 -14.92736416 -12.18100578 -18.32158193 -26.91549996
   4.13115648] [-26.08771532   6.21831192   1.70314062  14.63363158  25.46698397
  -8.18593498] 
82 [ -3.94271981   5.77097738 -15.41167696 -25.08993422  -7.20708915
   9.49848315] [46.40154078  5.47132417 11.84955906 17.42685868  5.36980799 24.2481623 ] [  0.72048498  -1.36154269 -17.2110422    3.47570548   1.07511098
  -4.99782134] [ 44.07816042  -9.01619203   1.56320085  -4.91891907 -13.69420512
  -2.60725825] 
83 [17.6541003  -3.25865001 14.22232236 10.7758572  -7.62826932 10.03499972] [-13.49556619  44.27514856  30.24802044 -16.86374817  33.79705801
  25.1290276 ] [  0.28818192  -9.40296979  20.95787173   6.80025949 -19.74193151
   4.15844958] [-23.79646285  14.85097809  11.21914362   4.28151623   2.2858983
  -0.29954221] 
84 [-14.26625237  12.38290406 -21.69881225  -9.13024473  12.26266607
  10.58273746] [-29.63453577  72.83952747 -52.27576439  -8.66738463  13.7458726
  15.15289165] [23.59545406 -7.93189015  9.00583227 23.66252574  5.54106511 15.17619722] [ -3.54554531  16.35692677 -40.97752553   3.327793    12.22785731
  -0.23050382] 
85 [-8.98922736  1.80702448 12.60324136 20.03398323 -1.30499673 12.14922979] [ 13.98828837 -27.39850583   1.19897778 -12.09826887  16.73472548
  -7.86029619] [  3.26682742 -11.37740158 -10.19482642 -38.46988796  -4.14339296
   1.86285459] [  3.49130952   3.99349006  11.36684022  48.56572729 -22.55738501
   2.45752497] 
86 [1.32190582 0.50337573 0.4133025  0.95700852 0.9843861  0.85788754] [0.78106626 1.25163776 1.08160165 0.58955508 0.0767165  0.59130219] [1.07019251 0.61574964 0.59438629 0.93933003 0.54597174 1.0633995 ] [0.93608651 0.98404306 0.34328816 0.31146742 0.58814986 0.89399272] 
87 [30.27258753 22.10467745 37.97757237 16.05575995  1.34850084  3.09931612] [37.19303281 -8.44147877 38.76794036 -5.130427   15.89958362 -5.0798028 ] [-10.75154919   2.91487931 -10.11368925  -7.55926035 -13.80920973
   6.04339053] [-17.76398494   0.3282413   15.30190046  15.39210431 -25.6984969
  49.2972264 ] 
88 [-21.5187994  -24.05982382 -12.73259219  20.44729705   0.4153802
  11.9084557 ] [ 37.16656913 -38.29049309 -20.31312249 -23.58277295 -13.2815351
 -16.60587306] [27.16125968 33.25580379  9.06422207 12.35962018  7.12290294  7.58606049] [-35.41003904  35.42583482   3.02839393  13.08652874 -30.65234888
   0.83243961] 
89 [-15.80343356  -0.62755525  24.45712296  -7.32891397  -3.78427662
   3.49491034] [-15.43930192 -35.35963363   0.09873421 -10.68442705  21.74037877
 -12.77307022] [-23.99809827   3.46445258  22.17734583  33.15164965  35.56828305
  -5.021362  ] [16.81392312  9.89694675 -7.36571172 22.56605393 42.26208896 18.96651921] 
90 [ -2.62486899   8.88315336 -11.43654268  29.00872777   1.53332267
  -2.84768314] [-12.4833212   -7.45400187 -18.17407488 -22.40239129   0.09282204
  -0.78473427] [-22.59784098   4.7234714   -5.6310314  -11.13865267   4.90234171
  -5.71253402] [ -4.648803    -4.85743073   0.74235318  26.77804374  15.34355673
 -15.90895902] 
91 [-11.97972059  -3.26186612  22.86978089 -11.83929666 -21.86142417
  -6.30038449] [ 24.59243779  32.65687745  23.31514585   6.59162195 -32.07960479
 -27.88101488] [  0.86947485  13.66684053 -21.66613121  -1.78533935  17.82950423
  -5.23325128] [-66.38782322  41.82220496  -4.73535194   8.77136124  -4.63598037
  -6.80463284] 
92 [-2.86095791 -8.5298655  -8.58469023  1.8639833  -3.47414455  4.94214772] [ 44.89792166  -4.03001818 -27.35659799  -3.02469004  26.90444446
   5.64531001] [ -0.43759271 -26.80290201   3.59451385 -10.89231342  -4.98402563
  -7.64746703] [-23.00291538  -0.95558033   2.84562964 -42.74001468 -43.99530037
 -12.20979041] 
93 [-25.99141242 -23.72951423  -1.90902764  19.38999618  -1.72310726
   5.40608313] [-14.67110906  27.22093372  26.32945124  20.37640302  -0.07545691
 -27.71096172] [-9.14547612  6.23675157 -2.94032533 21.58768667 -7.05186646 -2.56636242] [ -5.20557121 -30.33867927  -4.33526198  47.52695967  25.67583662
  -6.87012321] 
94 [  4.10884111  -4.93523218 -25.14756416  13.54457003  21.27553164
 -10.31732425] [ 21.5783094   -1.02137441 -21.27546533 -37.70874768   1.49602748
 -16.61063877] [-1.83875996e+01 -1.26784052e+01 -7.64548923e+00 -2.65683463e+01
 -7.86976895e+00 -2.57162739e-03] [-14.47708633   2.53896937 -13.00913543  19.89236574   5.37530256
 -30.82247529] 
95 [-9.99588187  5.54296619 -3.63287479  8.05126148 24.86513524 10.57495237] [ 11.27365658  -2.2257733  -19.63131201 -22.33568116  14.83992807
 -31.85545129] [ 7.26550576 26.79651101  5.52356192  1.52938988 -2.94200254 -3.74878996] [-11.28975625  -9.50897228 -15.60570097 -24.7874556  -21.56588881
  -3.61687067] 
96 [ 34.8357713   44.10226709 -17.17987483   2.42590738 -30.41064264
  -5.38828345] [  8.42402531 -27.89429605  10.36626246 -10.08721816  23.61941237
 -13.96546522] [ 32.91624144  51.33834875   9.48902568 -12.23747383   3.72133244
  -6.38235854] [  4.31765897  -7.68219606  25.11680356 -34.30483089 -10.23140358
   8.86478989] 
97 [-15.54596181  -5.17599752 -12.09542637 -10.04217463  17.85838097
   4.90147588] [-19.62782526  38.14662053  26.10697109  -3.74602939  -0.98771247
  11.34946216] [ -3.8628857   20.2981372   17.72079256 -54.82437376 -22.96109456
  -7.09790453] [ 41.95293784   0.74049621 -18.16292888 -35.35730126 -72.30565567
  -2.02933274] 
98 [ -4.50104385 -20.826584   -16.49548943 -13.50557201  -4.65833242
   2.97485023] [-11.5867573  -74.67374709  14.5973552  -30.14403959 -12.6613222
  22.89735225] [-28.3617268   -6.2149037   20.0056654    9.48249971  31.36175654
   2.01129137] [-33.52241555 -58.48871254  27.85354909 -24.10418201 -47.92889874
  -7.21139805] 
99 [0.78763706 0.697328   0.9207004  0.47148411 0.5511218  0.61319105] [ 1.01001781  0.8710177   0.49602994  0.95909242 -0.36938062  0.66385133] [0.76487806 0.67037923 0.90412397 0.44936087 0.55123544 0.61307714] [ 0.99985176  0.89281797  0.53113539  0.97297021 -0.4008507   0.74478138] 
100 [29.02304948 33.6577159  36.82423888 14.31942984 -1.33711467 13.30496465] [-31.92009454  22.38404965   6.087656    31.89022649  53.70326222
  31.63506337] [ -4.02422572   5.158037   -17.59783685 -13.7802526    7.09467193
   1.17766939] [-40.73368406   3.84201661  65.26116922 -57.65485861  11.47091221
  15.00045505] 
101 [-13.35824666 -41.80750261 -11.81308642  -0.79615457  -2.08244104
 -16.38715936] [-21.47895145 -31.25600008  24.45258873 -38.98855907  36.96047508
   6.87765682] [0.87399318 0.85862229 1.32266079 0.60276578 0.80073305 0.55592458] [0.84211656 0.81214359 1.02285952 1.0822542  0.59848587 0.35840907] 
102 [ -9.63391597  -1.80666357   1.57456919  -8.9919042   -2.76287332
 -24.1612274 ] [-31.63900847 -16.52638175  33.90400821 -13.84403571 -34.78763268
 -12.11167542] [ -6.47648576 -19.06597395  -6.95355759  -7.90247578  -2.22661306
  15.8772091 ] [41.62834632 26.78933406 22.86599259 14.45341185 -5.16322359 -7.70885028] 
103 [20.45564801  9.0358833  21.88463023  2.288885   15.08259595 13.54649891] [ 46.39877543  -3.1320343    1.48966421 -13.55098785   7.79936884
 -16.2624783 ] [  0.07345661 -25.89635235 -19.63885924   1.48121257  -3.98180024
   9.47001383] [ 12.11448152  -3.96132946   9.17106679 -35.43340731  12.50098298
  -2.86770085] 
104 [ -4.74142882   6.08722047   6.78742154 -22.87550449   3.67564521
   6.59245171] [-14.15297636  -0.51218591  -4.96710751  -9.81627034 -14.63211893
  13.4813367 ] [ 9.42739909 20.45517635  0.99433757 -6.20201733 11.64192325  8.55835371] [50.36429384 20.00927969 -7.01993685  1.40424314 10.94145326  6.67827412] 
105 [ -0.67146606 -27.39486385   7.36047248 -13.0983643    7.09953547
   4.83742507] [-13.5449582  -13.62051429 -18.10818805 -15.52926712  13.79504454
 -16.53855374] [ -5.9462131  -12.28638229  -3.50575861 -25.76842091  -3.46613378
 -15.70651646] [ -2.92021895   9.69371442   9.72749641 -29.00625059 -14.43500116
   6.21961683] 
106 [-13.20177844   2.47562556  30.47450631  15.07955178   5.18845187
  -9.38777159] [-3.02977762 -2.8700409  25.06790533  3.26966856 25.53864609 32.37886388] [-15.69837209 -36.06747174  -3.27787712  15.22874993 -12.1990997
  -4.65007749] [50.95554395  1.6219108  25.6152922  15.63944601 -6.30584373 22.99162463] 
107 [  1.22476411  -1.49062571   5.68627887 -12.74525741   6.94436369
   6.71560841] [  4.62557594  -5.86467868  37.54812983 -15.83537567  -3.67503903
 -20.95486897] [-11.21490057   0.02012368 -12.93234571   4.26138444  -2.77217581
  -7.45832995] [-60.1290166  -19.84378425 -73.83219822   1.40748282  10.85345795
  10.10925814] 
108 [ -1.91952801 -24.59135649  -4.51092006 -18.36887055 -11.0779218
 -12.50528523] [ 36.61331026   0.04519756  25.27207684 -14.53842492   2.4193183
 -36.25167323] [  4.86760025 -12.14017236  -5.49238902   5.15723498   6.08825863
   9.48578785] [-69.95487073  45.56997323 -27.91358397  -0.11342632  -3.26507591
 -16.04200525] 
109 [  9.9535609   36.57042847 -10.50855779 -10.93749088   5.7948764
   4.46489609] [  3.89594484   4.32577498 -29.61444796  14.77854342  35.28491077
  31.49916585] [-32.48753595  15.57464606 -20.89210869  -8.60288936  -2.02374053
   1.44689563] [ 27.82698632 -49.82693353  36.03687161  -1.08622444 -27.44930233
  -2.03725734] 
110 [ 22.9046379   19.0424832   17.61717307 -10.2415559   18.43122127
  -0.16012952] [ 32.68340462   6.79659494  46.67862668   6.15658587 -12.96096436
  24.44360321] [  4.2666663  -18.08073984 -19.97838724  -5.92493968  -0.58882659
 -19.08051428] [ -7.25884783 -43.9394113   12.79396585 -12.3830067   22.47676468
   4.46390099] 
111 [-17.15903735   7.61512856   2.2276431    6.10799277   4.25108688
  -5.28463292] [ 16.14401066 -57.08005571 -11.77587442   0.26607667  11.81220416
  -5.76721449] [-13.61174588  -1.75460693  20.68315128  14.67580833   7.33361734
  -4.75688713] [ -7.4085859   14.82913028 -36.48685358  -1.85428909 -10.25798613
 -30.08992919] 
112 [-42.26760544  -0.98780803   5.0656401   -0.10125859  -9.48568701
  -3.40885715] [ 35.61381831  43.5536616   -3.95004496  27.78480669   9.87133521
 -10.31657757] [ 2.74411851 26.3709961   9.05719731 11.70871553 -4.97878385  8.22465544] [ -4.52400938 -11.61481478 -25.44046752  30.89687005  12.09423484
   8.15379714] 
113 [-15.81554491  29.28277464  13.63401629  18.30525248  -3.66310893
 -14.48216819] [18.96863323 23.76203431 23.70777105 38.52343777  1.88076186 10.16372182] [-31.28808973 -51.77211559 -36.31976993 -62.693538   -41.02398514
 -12.07943749] [-98.33617669  19.92877591   1.51990824  10.14670114  -9.51239951
  52.09295609] 
114 [ 2.3912293  11.23539694 -0.70817209  6.72047369  9.20023156 14.4081772 ] [-12.11786611  19.38335431  -8.19554307  14.71633017  -0.08661824
  -5.15648568] [ 29.88572124 -22.52623222  35.35423906   3.75122884  26.38786458
 -18.54967981] [ 57.13326167 -34.06794853  -1.99992511 -17.43259252  28.26321154
   7.91280222] 
115 [ 10.33242819 -28.26171768  -8.5527798  -19.66052077 -11.44759133
  11.26942473] [-33.21375193 -57.74971585 -31.44027614  47.32584896  -0.34101538
 -20.1812912 ] [-7.44576576 37.48497353 -2.92713232 18.16655235 -2.50444957 -2.40146939] [-11.71180939  28.20025835 -22.67635071   9.72307638 -35.91680075
  21.52293873] 
116 [ 3.01277779 -1.57658422 -4.34880289 -1.05926352 -0.97161117  4.16507391] [ 44.67393269 -19.45954787   0.25025921  20.72918837  -4.37396377
  30.35901382] [ 11.42356022 -31.23629747   7.4866146    9.909173    40.60350466
  -4.57948739] [-124.38491949  -51.89213486  -21.54557011  -43.22954001  -15.52288004
   10.34229001] 
117 [-13.75725111  -9.32950872  -7.29457033  -4.98471289   2.69718192
   1.87389267] [-29.55799202   6.33208381  17.88820795  -3.17152197  23.20010585
  -8.24216021] [ 23.82588782 -46.81638595  -1.79415627  -3.46016919  14.21927156
  -0.42795922] [ -9.6343809   73.55899012   5.88805414  10.35988631  41.42156928
 -37.63291273] 
118 [  1.69596577  11.58452386 -25.82989731 -34.18602919 -10.60938853
   3.19132924] [10.46486066  6.10641405 19.88428605 -2.31570842 13.85947501 11.47754233] [ 1.52082004 -5.4048129  26.45038874 13.60508332  2.22303214 21.52484029] [ 62.81708977   7.46791933  -5.51848556 -18.09636106   3.0264125
  -7.34913322] 
119 [ -2.03401031 -18.58699679  14.43950154  38.02180815  36.49874484
   9.81034393] [ 79.33034686 -48.73783318 -33.39072824  -1.79446994  -8.41183929
   2.98233911] [ 6.91606778 -5.75954126 20.19323218 29.20472717 13.0647805   2.82569963] [ 17.80653385 -21.03826836 -16.42641928  85.54388647  35.9346743
  16.54240619] 
120 [10.96697066  8.14787522 13.23471358 -3.97512969 18.22035204 16.44230124] [ 11.60962828  61.52779237  49.84217659  -6.68848918  -6.83940845
 -13.3197839 ] [-2.41870789e-02 -3.57383950e+00  2.74337263e+01  3.25106711e+01
  5.81518718e+00  4.69070920e+00] [ 36.71894333 -18.19735742  51.15227161  30.2282983   10.67859723
   9.9090116 ] 
121 [  9.92547206   3.54238051   7.17882442  -5.70532932 -19.016806
  -4.28865367] [-25.04314179   2.6241382   -4.70606354  -1.00305985  28.50522963
  -9.52012742] [22.45454672 -0.34563141  6.11760626 21.40482739 29.52214108  0.43063453] [ 32.85302732 -26.91530834 -14.07217426 -18.17806305  -6.78344296
   3.39829436] 
122 [  0.05428887 -14.52890549  17.55093942  45.54819899   9.21351692
  -1.45041039] [-35.68652267 -41.42623363  -1.78012837  -3.11920761  -9.06309819
  19.85899903] [-11.5512513    9.42135848  15.23236019  -2.9654709    2.50973843
   2.399248  ] [ 34.99602905  10.64050136  42.091772     0.49897422 -10.1644225
 -22.67303099] 
123 [12.60122284  2.15753435  4.83014617 11.7309449   8.91716369 21.59638384] [ 23.15465509   3.53990319 -35.70783893 -29.66705501  22.40167681
 -25.57703817] [12.5860828   3.1006406  19.4121619  19.78097133 22.23751763  8.036679  ] [-12.75054524  32.88080733  -2.26316973   8.45304536  20.5512762
  15.21112241] 
124 [ 12.50747039 -13.10127821   0.89561609  11.54271941  14.28844426
   2.64651462] [ 12.74513072 -26.8387685   12.76349364 -23.67350888  19.87986602
  -9.44214145] [  8.49988854 -13.61198558  -4.38584925 -10.44375429 -15.98072721
  -7.49381818] [-24.11432427  32.00467377  -4.33393029  -2.66925977 -25.36685036
   9.91596317] 
125 [  3.4279625    7.41911987 -16.54780336  10.42590465   7.73249077
   7.75201277] [  2.56779897 -37.38090058   1.73713615  14.27965124  21.08383932
   2.424546  ] [-45.01006262 -35.22309091 -32.85067636 -44.36813595  -2.88347382
   5.94109458] [  6.32746146  -9.39486881 -38.19493573  14.16905333 -31.61685975
 -13.1490729 ] 
126 [  5.13006156 -24.21162808   3.63181812  34.0207213   -3.13832945
  -3.26298149] [ 13.50877621  -3.06561284   8.97052442 -10.02556733  26.81988951
  29.57154686] [ 14.31915336  -3.6095035  -56.29627828 -30.01669391   3.49513708
 -27.34836196] [-18.00055901  13.22147272  53.73243112  27.42069343  -4.67769222
 -10.74866207] 
127 [  5.88662626   2.26146839 -18.38153549   9.80504721  -4.58984588
   8.1503467 ] [11.8317163  24.31309244 41.3159331   5.70054686 27.77501604 -2.34121878] [ 2.54778698  1.96406239  2.06756254 22.06598132 -6.85702299  0.85503927] [-33.68977219 -12.34539862 -38.67279759 -49.07790447   0.41633707
   5.89762597] 
128 [ -8.74618155 -10.9597171  -16.35912906 -28.6508532    4.21447928
   5.69257948] [-17.13897756  -7.49824171  13.25902028  41.23824015   0.29079088
   3.16721053] [ -1.09166475  18.32483706  15.49516383  22.20973251 -14.71031409
 -27.07248146] [-3.90189267  2.26914169 -8.48415262 28.07109658 -8.21860729 -5.99740604] 
129 [-7.7379255   4.02846506  7.04650279  6.60441206 -6.57681935  1.28932601] [ 49.02727581  34.23809      2.07544675 -33.49841867  32.63923368
   7.4565405 ] [  5.28425653 -19.71481531 -12.07304451 -12.41174869 -10.41364709
   3.19854909] [ 15.7983513   -0.62099782 -20.29961366  22.45859882   8.41434691
 -39.86730954] 
130 [ -4.49293556  23.08740066 -27.87454421 -25.10729944  -4.23296548
  -8.70591879] [ -0.34787581 -30.60871743  -2.40854916  65.121023   -37.64347653
 -29.65159506] [-11.31173267   2.09639795  -0.99877597   0.22795452 -24.759466
  -2.23907069] [-55.78220403 -18.48013834  -6.47091412  40.02047806 -17.39401287
 -30.89658418] 
131 [ -2.12323499  37.06342851  18.91095823 -10.25105143  15.5670472
  -8.28482079] [-19.92883465 -20.06683096  38.51020665  -5.49185774  -8.9181725
  22.17691143] [-18.85377031  -4.79977519  14.88582079  -3.03379766   3.10161604
   0.88348818] [ 11.18118893 -35.69188217   4.70326488  -1.23771546  12.45024332
  -3.00899723] 
132 [-10.69944933  -3.80903754 -16.11914063  -5.50271626   3.12451183
  -1.46269307] [ 18.58350087 -47.66144076  35.6692922   -0.92489821  21.60777574
 -34.56447138] [ -4.16121226  -9.29011577  -4.66698089 -19.44710581 -22.24204231
  -8.1039321 ] [-58.01890034   3.02030129 -16.10798034   1.32249125  25.13698836
 -32.89956108] 
133 [-1.23531202 -9.02023028 -8.6604421   7.97373532  5.67731782  9.82021574] [ 37.0508241   11.02974069 -26.16394073  -5.11213461 -18.61620481
  -4.03799053] [-13.18082587  18.02848984  -2.65395102  -8.72428312 -15.65925478
   1.13421506] [-22.50359019  38.01411138 -31.09685477  -3.72409325  10.873097
  24.21310708] 
134 [  7.66470176 -24.00213216 -38.04798595   9.30313112  -1.0751359
  -3.42906923] [ -2.72207785  34.74854476  26.17430432  36.28221497  51.75076593
 -40.28317364] [ 21.92759036  40.46574018 -23.09476223  -3.29140119 -17.94687097
  -2.2428884 ] [-20.80989397 -54.64455699 -20.65423633  75.12286672 -25.94156939
 -18.87819487] 
135 [ 1.05904716  0.70532479 -5.22723595  6.94507714 10.00062621  5.04533025] [  5.67789587   6.913235     8.49002581   0.11700816 -19.39917053
  -4.53545958] [ -6.32694866   9.92334315 -11.79503853 -13.46308581   1.79623302
  -6.35148207] [-57.179044     2.82647178  -1.730062    16.26675458  29.36968759
 -21.28272577] 
136 [ 4.67738102  5.55324614  7.38742583 -7.45293971  6.11292274  5.09427132] [ 12.65144738 -21.6150115   -0.52862143 -18.1069832   51.2867271
 -18.20957769] [ 1.90968026 28.10377292 -0.47186505 -2.0764882  -4.41253792 -0.34004592] [-2.22878063e+01 -8.12603823e+00  2.66601491e+01  4.62990113e+01
  1.02695979e-02 -9.67487561e+00] 
137 [13.08270087 38.71061949  2.13057492 11.05038909 16.45512183 15.98351337] [ 17.01350145  20.15409895   5.01832672 -23.23852568 -12.71728209
   8.80364355] [ 28.0471399   31.19317408 -19.72930978 -41.66681919   4.55624887
 -31.00009008] [-40.12448029 -36.73725795 -17.30308236  25.20333179  36.32938629
 -28.03791512] 
138 [1.07729826 0.44180807 0.25420213 0.18817808 0.91074363 0.54002042] [ 0.95818219  1.191739    0.3302029   0.59059312 -0.40914781  1.38806765] [1.17609616 0.87112096 0.12623293 0.32842499 0.47881    0.5042002 ] [0.69637635 0.20482313 0.91574794 1.06633129 0.14819623 1.07537377] 
139 [21.60596017  9.51707211 -8.85067093  9.94198276 13.53316465 -1.556284  ] [ 11.48820966   6.80488056   4.56737211   5.19947104 -26.6987632
   7.69344237] [1.13163257 0.94433866 0.19975118 0.84244025 0.16672793 0.73724292] [ 0.75869207  1.61258217 -0.7244712  -0.65640563  1.26459131  0.17460257] 
140 [ 26.23736715  10.81172109   1.55559051 -20.87904246  -7.78928216
  -3.57178732] [ 31.78815074 -14.70035789  45.55129022 -16.9471671   25.40310635
  31.93857969] [ -3.86502194 -61.11779963 -60.73640687  10.36803433 -44.79627539
   9.58897356] [  5.10579003   4.64845032   5.10547798  -3.62529832 -27.22835989
  -4.62818383] 
141 [ 11.29356588 -35.71677936  12.75195226  -7.98717433  24.15863904
  23.4897718 ] [ -9.35756649 -26.20788924  23.80910293 -33.04242964 -15.27767709
 -19.93883311] [-19.62973911  14.90491563  -6.63138953  -0.9852706   44.51846604
   4.76971694] [ 25.75577901 -12.58429951   0.3439977    4.47838027  31.37268051
   7.22142678] 
142 [ 9.82939581 -1.25577153 38.41293189  9.9480323  22.70008653 11.00309276] [ 29.880373    59.12685818  -6.24321135 -14.56651315  -9.29803783
 -11.99044178] [ -5.51489963 -10.67049551  17.38858702  16.56088767  28.91128079
  -6.5045795 ] [  8.91599809  41.95960702 -14.13405647  25.77824916  -5.7725013
  11.48825602] 
143 [18.2028509  -3.28772642 -0.83738867 24.33651897  6.41161582 -1.48448669] [-38.48341263  45.69606806  15.37507971  23.72503172  -8.72917643
 -23.30987412] [-13.09306849  30.26791875  25.65215507 -13.54004369 -15.33198626
  11.63649532] [ 24.44952839  -3.69010842  64.44173662 -29.68296743  24.18170717
 -27.44883568] 
144 [  3.50611221 -11.96778115  13.09219552   6.2449242    8.12117571
   2.8407463 ] [ 17.98315705  33.491799     6.50566469  -3.64580952 -31.82249028
 -31.57030093] [  4.99305747 -33.64917462   6.07365619 -31.11348033   4.51719917
   3.89864956] [ 48.42328284   3.41912258 -26.5335315  -45.060843     7.11762106
 -28.15615932] 
145 [-11.35919434   9.65537732   7.95696131  10.65804206   1.27409159
   3.86841626] [ 35.58556636  -3.39122447 -13.86303379 -13.90423544 -27.23046063
 -22.09921955] [ -5.4784731  -32.99862301 -15.82420503 -11.77758636  10.80093947
   5.52006593] [-16.02071061  38.70773564   5.46338378 -27.41861902 -13.22832922
   1.28052794] 
146 [-11.32442575 -13.35822412 -24.46589065 -14.97087724   1.71303832
 -34.08361938] [  3.55899378 -38.51409368  -1.14840344  -3.57535166  10.57148743
   4.23922371] [ 17.00209613   3.54120498 -27.36298362   3.52927843  -4.09794757
 -12.76737872] [-11.47000896  21.45991269   1.11761284  24.76290326 -15.32685786
 -42.21466718] 
147 [  3.28109037   0.84969871  20.3319828  -12.97051365 -13.29087156
   0.89594372] [ -6.90805552  -1.05037303  74.05313279 -43.0827536   13.67993512
 -28.90544023] [-16.05640012  12.764459    -7.23389381 -13.40536684  11.59653242
  34.628006  ] [ 30.3868671  -28.13731344  17.29091115 -27.01950055   0.4915601
  26.54308112] 
148 [-22.14061906  -5.97707692   6.45904873   7.41750828  13.76467999
   2.34808639] [ 28.20830414  34.40611878  15.27496159  26.20027257  49.08242118
 -26.33030615] [-18.14600315 -20.18265567  45.48340556   8.05387861  -8.92842093
  -2.09075251] [-45.03274046  18.02485176 -13.05717304 -39.97777566  18.17535895
  50.39937667] 
149 [-2.20624990e-02  2.25298154e+01 -1.19552567e+01 -7.67760313e+00
 -1.15872194e-02 -6.21482905e+00] [-41.53956227 -29.3811121    9.47882485  32.12446545   7.78948496
  29.73718972] [-15.57971231  -1.60243525  -4.53522093   9.78407277  24.03422782
  -1.60456855] [132.36694397   9.81456377 -34.60573326 -20.82379268 -13.27777931
   8.58303105] 
150 [ -0.01966765   8.59073641 -11.25686502   9.66159955   6.75576157
  -3.29574848] [ 31.02029795  40.5114074  -20.19899651   0.34357957 -11.69847936
  30.33191421] [ 19.94809467 -41.33839191 -29.97171614 -43.47751897 -15.77034397
   5.05020125] [ 21.97577463   8.95074504   4.21990265 -15.65124077  43.50856064
 -24.23709184] 
151 [-16.23892627 -10.8240119   17.45541116  -4.70529529  11.3408628
  -4.69910447] [-26.55598243  24.97984341  -9.90868469  37.33014058  -4.74061016
   6.60276543] [ -1.57565034   3.30046613  27.50836105  15.61189835  11.61640632
 -14.71302004] [-46.78774245  10.82455525  11.99036307  -0.27469501  12.52620197
 -28.39156846] 
152 [-19.77094986   6.17319988  -5.99790752  -5.14263723   1.47036032
   9.80681371] [-31.84516219  11.04318203  -8.51877086   8.41256551  14.9186141
  10.99629684] [  2.78307059  -6.46208289   7.50259036 -10.5770733   -7.79221843
  -3.20281611] [-15.79548184   6.1472624  -15.23120627  31.67384888   8.44495157
  10.45062529] 
153 [-26.67103741  11.81908949 -28.24314932 -10.66714684   0.9043078
  -3.50726094] [  3.23209898  -8.01002934 -57.40729728  15.05904883  17.09566572
  -3.59117879] [ -5.87802528  30.36657545   1.92057205  -5.05317283 -17.63738854
   0.042754  ] [ 82.32695359 -14.29019338 -28.82031358  29.41741591  10.77363539
 -19.15599512] 
154 [-28.30032197 -12.66985539  19.17767313  -1.29603777  -3.38924592
  -1.24913051] [ 11.73414492   9.17883604 -18.40239078  23.93793296 -27.41007735
  17.2844019 ] [-15.35811582   6.85024656 -15.77046634 -11.13931672 -19.6438022
 -16.87750574] [-29.23667003  25.47392219  21.37882944  22.17460219  -9.82703433
 -15.58636205] 
155 [10.0085656   8.88590246 16.21732007 28.71200731 24.64154445 -3.3957016 ] [ -5.68061963  -8.95354755  37.7526032   -6.02561416   9.82905044
 -22.45145817] [49.9595102  30.97088514 42.89942094 10.52325588 14.10715824 14.30566429] [ 12.19006657   8.33164302 -28.04462081  30.73102247 -28.98233891
  14.6144463 ] 
156 [-13.0658369  -20.59461653  -2.22474335  13.06690542   4.09370262
   0.66604785] [-17.31100473   8.37570424 -40.81175413  -6.25118577  -3.43232703
   6.51636729] [-14.09896881  -9.3632107    1.27779519  14.6625303   28.86684567
   0.0884922 ] [ 42.87258079   0.23172684 -40.29820752  36.34800405  11.3339492
 -16.9290188 ] 
157 [  9.22005361 -32.27382343   8.16272386 -15.52646781 -32.54503598
 -13.11952921] [-46.50420138  12.93785935 -41.88443964   3.57913219  16.29713941
 -18.35764269] [ -7.37829049  -1.25789571 -38.08788845  38.17856596  12.27960171
  -8.1028989 ] [ 28.14833292  18.14405383  14.81019074 -28.52138309 -29.50823521
  37.48090602] 
158 [ 7.31368021 56.01559054 26.06976085 11.10066702 -8.53578267 13.72440653] [ 30.8815665   14.21807233  24.32505102   3.64877785  -5.80554114
 -17.08700409] [  8.0968746   50.97754725  31.26069592   9.99727168  17.13642409
 -34.23824798] [ -7.30089389  -3.9190175   37.55128601   9.65929811 -15.28190086
  43.1943377 ] 
159 [ 29.35000736  31.30896279 -33.40916513   7.41333058  19.00689227
 -26.14590804] [-17.64110541  -6.47889273   6.42648309  25.45637667 -35.65249801
   3.8508617 ] [ 8.95618502 -1.52084265 30.56443848 13.56212111 14.40212962 -2.63900027] [63.29197735 -8.55318559 -6.88019661 30.97915979  3.6948623  14.2120287 ] 
160 [0.89004603 0.03087749 0.78267667 1.14834498 0.39159972 0.38048346] [ 0.31100307  0.43363274  0.48274746  0.91808302 -0.45170092  0.78185233] [-21.34008049   0.62723555   2.19174818 -26.67174174 -30.69713978
   4.59220806] [-30.35076047  31.36187825  10.17629466  -3.71424762  28.00212117
   4.00299623] 
161 [ 13.37182343 -15.86016275  -1.21764494   5.72908215  19.90846762
  -5.98312831] [ 33.45310604  59.26215703  70.85760043 -15.13302214  36.6084903
 -24.22520593] [ 14.13318522 -37.65451369 -25.66526404   4.62041921   0.89293922
  14.21311135] [ 48.30543838 -33.93539293  -6.75010787  -8.90556089  17.56228148
  -6.77131651] 
162 [ -6.36976514 -11.15782015   3.6169712  -12.9483721    3.63927763
  -8.25936817] [29.64622126 18.4587891   7.68362969 -4.30542343 28.72669007 -9.434974  ] [ 21.0962101   -1.71070719 -16.24826575 -20.3070934   -5.84130224
  12.73383936] [ -4.18200922  43.86885766  -1.34440001 -34.28238604   0.97223643
 -14.16193309] 
163 [  4.27847022  23.23723993 -23.08859632  -2.02060197   4.9788342
   0.87598355] [ 4.11166922 10.78795539  8.10141014  4.71111387 -3.48751106 13.90673108] [ 2.7029788  13.99480527 -0.69090734 -6.4157798  -6.25554366 -1.16016639] [59.8642093  -2.62705111 -9.8723944  10.67785635 11.35488271 10.19139348] 
164 [ 8.58898872  2.87766141 38.68502269 10.88820222 14.65142478 14.60945282] [-15.75625948  43.06956834 -11.51501281 -15.27659389 -11.08405267
  35.06170069] [ 23.9616022  -10.01220411   5.27794159 -29.75977486   6.52013394
  10.62212915] [ 82.10911055  -3.40617193 -25.71148183  10.33939594  10.44322958
  36.37897993] 
165 [12.02410515 15.02126535  4.74372785 16.12484897 -7.61364435  0.89229187] [-10.12505578  34.75963391  45.19426211  41.40891245  15.50048474
   6.40213836] [1.15456284 0.84718313 0.1580111  0.31898129 0.55292743 0.405215  ] [0.73736147 0.39237672 0.71294737 1.0340747  0.22052817 1.03846417] 
166 [-22.35177468   5.82433824 -10.3182722   -2.31403122  -8.312947
  17.61250469] [-42.7628322  -13.58865202  24.20331245  -9.54570655   3.41964405
 -12.27531592] [ 18.81639825   3.19370721  17.0293835  -26.03607596 -13.84117476
  20.63574893] [ -3.69209002 -51.1654762   -6.31378566  15.0839621   -2.00801034
 -25.45160921] 
167 [-15.34067351  -2.79745044   9.01188247 -27.86050037 -27.62251623
  -5.74206992] [ 26.46758718  52.69879167 -12.93531565   9.31141047   4.76897009
   2.3869103 ] [-59.21381451 -28.88675346  -9.36127559 -14.58780888 -19.91594586
   8.09277167] [ 4.61732364e+01 -4.43204557e+01  7.22060692e+00 -2.89198870e+00
  8.91389772e+00  2.22821252e-02] 
168 [ 4.65087379 20.07435113  2.67976689  3.13050076 -8.38582926  0.65302689] [-16.36962877 -20.40951148  -8.19711664  36.53198996   2.01167354
 -19.12008519] [ 18.90505919  56.09801671  19.27537781 -17.118634   -27.57828858
 -28.44149099] [ 48.52849264  56.8406302   -8.90376298 -17.34798129  16.70177444
 -22.84385245] 
169 [19.05762247 -1.69213742 -7.23447176  1.28591561 -5.07651588 -0.80339238] [-25.45153601  -7.59263589 -40.59478002 -26.42662693   6.6559431
  25.05032949] [-17.53021052 -31.86050956  12.30593884  11.05634342  16.979145
  24.30219903] [  1.35425338 -40.02892144 -40.94564925  -2.93065529 -15.60188785
  12.87047603] 
170 [ 0.8057392  10.90787278 -2.03733403  5.28906108 29.35059418 -5.39843301] [-46.68466369 -69.40178385 -44.64621468   7.71635704 -26.00600521
 -35.16781933] [-0.25742872 -8.55892767 -6.24058312  5.04850234 -0.35904621 10.20761183] [-46.61478976   4.86537189  10.11109199  10.90348232  17.59091183
 -35.08544538] 
171 [25.97885599 34.73938165 43.00049     3.89194898 25.64514344  6.41896609] [ 14.65464295 -29.49177925  -0.1915757   18.61183857   1.13235478
   4.56170756] [ 1.21154437e+01  1.91800170e+01  3.70726847e+01  1.57912960e+01
 -9.28570039e+00 -2.93899054e-02] [ 23.38790118 -39.42861515  43.50184342 -50.30292429  -2.79481013
  11.48280911] 
172 [ 6.88769613 12.07756805  2.44152561  5.49333916 13.33990625 19.91582419] [35.06282272 10.82801885 28.87851069 -2.44636561  8.97346177 20.12282325] [ -8.99129096  15.4748967   22.48983425   5.11647207 -10.92594065
  10.11979692] [-26.27897303  25.21559331  14.25746204  28.40900552  17.84225612
 -26.29470703] 
173 [ 3.99284423  7.30283245 18.66356102 -5.89793061  9.49095117 11.99708913] [-23.27037756 -34.70359027  13.89110992  -2.01660489  19.37817483
  10.1201558 ] [ 22.80376309  34.87269481  15.12026822 -15.51455355  30.50390236
   2.01616101] [ -0.43739963  -3.24672719 -15.19492291  25.17243662  -1.42131891
  -8.94196981] 
174 [ -2.90400165   0.30601265  10.92012151 -12.21103388  -7.81161512
  -8.18042512] [ 15.73467757 -12.86155074  29.68331561 -19.34883152   5.09272289
 -26.39719871] [-7.67915063  3.66106193 26.34810393 -9.5223956  -8.27978798  5.13913333] [ 33.5969156  -22.72198965 -44.03201499 -15.25481339 -43.55164732
  25.80986949] 
175 [-19.91797259  22.63405274 -25.88336487   1.76054052  18.5646023
  -4.5106117 ] [17.65994844 64.52165902 14.96189377 10.90583865  2.69557152 -3.71990763] [29.65709066 -5.33652865 -5.01728153 15.52035302  5.07659041 15.66912852] [ 24.58262921 -11.54474562  -3.22103762 -13.62810697   0.74675587
   6.33672715] 
176 [ -5.7958013  -18.63699376  -1.39992828 -37.31463534 -10.47913792
 -19.10105109] [  7.93387363   6.26279232  -9.91231721  23.08185452 -37.8475718
   9.45566861] [ 15.34088628 -10.26163317   6.63229995 -16.05990385 -10.46559803
  -1.41026781] [-69.27907018  17.79669884 -11.21274692   7.77998023  -0.87214429
  -5.94101557] 
177 [0.67437129 0.28343169 0.64169129 1.25361045 1.27001449 1.31091266] [ 0.31599881  0.59694848  0.91099421  0.43039479  0.56946416 -0.53562552] [-28.26346417  31.56552436  42.41972952  -1.55602195   1.50738416
 -16.2525338 ] [-109.96193475  -91.63292756   18.58011158   -7.87541034  -25.67901794
  -44.20338261] 
178 [  5.86016805   5.36466309  21.74213592  24.37992567 -13.57297392
   8.35202764] [ 28.37746759  -5.77044411  24.8898672  -13.91047449  -2.61639943
  32.09016201] [-14.09510379  -0.88496979 -17.72307153   8.2042602   -1.54821676
  14.51659424] [  1.61104155  24.17562401   2.63519262 -15.10694015  11.47993663
  -9.91807541] 
179 [ 12.61410404  19.31509475  15.73218911  -1.60516287  -4.41947427
 -19.93049876] [52.19278348 -1.48961604  1.46000543 14.17602484 24.05553479 29.89661746] [10.48060557 25.9359741   7.03426167  6.64622312  7.83742781  8.68458983] [ 11.31884984 -79.51033044  37.72220157  11.86340859  24.00130947
   4.71899752] 
180 [  0.94003326 -16.19344753 -12.11842774  -1.4175063    4.34267591
  -0.48273394] [ -8.00058346  -5.49959273   5.15298271  -0.71988546  16.49452001
 -16.25436312] [ 11.37277455 -19.20615896  25.62314987   3.45339127 -15.32225667
 -10.9527583 ] [-31.51326071  12.17381374  -8.7223083  -28.23426443 -10.96745805
 -11.60223646] 
181 [-13.35032369  11.40230219   7.37125597 -11.28645348   0.42768344
  -0.2774487 ] [-15.47412985  11.946116    10.9961825    8.85751094  -6.99523589
   2.13867866] [-15.66046234   6.07037438 -15.43610067   9.44075093   6.268713
  -8.77452688] [ 16.86867633  12.27649     15.28459555   4.48947771 -47.12655117
 -37.08415131] 
182 [ 16.67291215  -3.40549665  23.47047031 -25.66964128  -2.29612797
 -19.56409263] [ 11.67389594 -20.2986808   25.41397246 -15.57343981 -39.02850033
  26.52540856] [ 28.43067009  19.84484654 -19.08275197  24.07335119 -37.52884635
  -3.08900194] [-24.30113652  -4.20686147 -11.03580451   5.18296783 -24.48796007
 -10.41543171] 
183 [ 15.73187458 -51.06349686 -39.76575661 -26.22755568  12.89623526
  16.58397578] [ 19.79713213 -55.69901416  33.62582189  -7.41477439  15.59786011
  16.54507991] [  5.37708923  -3.54814305 -23.13223715 -34.44366464  -9.27804347
  -4.79483513] [-73.36763232  42.3526999   21.46766696 -22.33055253 -39.01711023
  48.57040527] 
184 [-23.92798017 -14.98434272   0.73679648 -31.96070149 -54.8207213
 -14.81182176] [ 58.46547135 -85.08116223 -51.23579227   3.47554223  12.96896954
 -23.15666506] [-17.63955239  -1.92986192   9.93602877 -12.97150739   4.0111347
   5.21129327] [-22.23798913  11.16616786 -48.74009512  32.77221616  -9.68447047
 -12.80034332] 
185 [49.2686738  24.53990308 48.29051097  1.00788813 -9.64958668 -4.07944408] [ 18.36674584 -31.79178221 -13.52063326  32.26163797   2.18494698
  23.56473175] [13.29299436 24.68256265  2.90378657  9.06956973  4.5819961  -4.84815833] [ 37.26261897  -1.0665066   42.1663436  -12.99206245 -29.30371606
  10.82253865] 
186 [-27.59398356 -10.37291903 -26.81392608 -11.96870629   9.85300147
 -12.67680599] [  1.09489867   4.14654918 -13.36980446 -13.83052477  -7.7174623
  24.71786454] [-3.34986298 14.00307935 19.46560842 32.24475327 -5.02765541  7.65284987] [  2.14679518 -13.75967619  14.88390835  -8.60672851 -21.32929492
  15.7167369 ] 
187 [ -0.90903944 -10.55411422   8.82680579  -3.63002666 -13.49572277
 -16.8276905 ] [  1.66121543  -4.72625982  17.02214927  18.78078128  37.40990709
 -19.01546355] [ -2.60985628 -28.51921374   1.57994087  -9.54370668  10.7172219
  -1.64415139] [-35.34015433   7.67103249   3.36869057  25.50425015  14.38477087
 -17.41032358] 
188 [1.09819817 0.85584853 0.35808933 0.49478794 0.37252658 0.03509962] [0.79003627 0.77731791 0.61330034 0.47263822 0.69753627 1.24398974] [1.09084228 0.84299034 0.35659023 0.48206537 0.37789214 0.04422689] [0.78275943 0.78724573 0.60893183 0.42602113 0.65621713 1.25344158] 
189 [-19.02819379  -8.35314706 -20.71673348  -3.94870404 -11.24403819
 -11.59123954] [  1.45525989  30.37059726 -38.8215985    5.67855558  63.51865199
  -4.09347342] [ 16.4612709    1.64763679 -10.88050662  17.63064956  17.87535951
  -8.56754564] [-3.42872815  9.13670736 -0.1868222   2.00893597 29.96020209 57.76277153] 
190 [ -9.81340105 -13.3054159    1.08119815   8.63778645  19.40370918
  -6.72943535] [-46.48230618  -8.92667287  11.71417391   0.7194218   -1.44338814
 -14.45430888] [  0.77405472 -10.50249972 -13.76158605 -18.09722191  -6.60041663
  -6.7542255 ] [-78.15144845  18.13247577 -67.60330683  13.23999322   7.95321431
  25.78982443] 
191 [-29.74516423 -32.34675006   8.66737029   6.56473887  11.81304983
  -9.28422117] [ 16.51190751  11.83686943 -19.26645848  10.94257182 -23.07755065
  -5.13327051] [13.3426642   9.97668731  8.40884366  9.07354085 -2.64609088  0.85663533] [  1.58416382   2.83580897 -12.72522499  -5.80575521  17.01750458
 -25.03360966] 
192 [-2.17710827e-01 -5.09203330e+00 -4.42856381e+01 -2.15985682e-02
  7.41624112e+00  1.19531511e+01] [-31.28173658  17.49881955  30.78561924  11.15102721   0.98739434
 -16.17664961] [ 1.5207804  -0.42930155 -5.13761272  8.11473296 -9.53693168  0.56759411] [  0.81703022 -50.40450071 -52.07667023  -7.38928016   7.05581582
 -15.1062496 ] 
193 [-23.31471518 -22.32512651  -1.97438521   2.77763359  -9.81879635
   3.18314769] [ 19.7035023   19.61983361  43.48262461 -12.98353794 -11.72907515
 -15.88076861] [-14.27427884   6.23968395   0.1196948  -18.78885838 -18.71300778
  -7.85219887] [-57.50618529  29.46022849  -9.15235202   1.89533861   1.55044744
 -15.61705288] 
194 [  8.6235916   -3.1691119  -10.3370167   -3.16962522  12.8907628
  -9.47339415] [ -3.99060636   0.77223084  -2.0351616  -57.60696565 -46.92183471
  23.97636544] [-15.79428444   5.85117686 -11.98538733 -18.08694002  25.19352288
  -5.57944063] [ 22.64385026  53.33479946 -29.2262739  -20.79512193  20.61314191
  20.60690526] 
195 [ 16.90478015   6.0706556   -8.97597985   4.29699255 -19.76021489
   5.86791812] [ 34.5598517  -71.88610449 -23.78934444 -12.02044412 -11.93018005
  33.96113112] [ -2.72050725 -38.1128467   -1.39164986 -21.80890843 -30.34387003
   2.87007917] [15.64550886 48.14691147 -4.3892445   0.31483133  3.98035404 15.30467251] 
196 [ 13.76737289  11.89114836   8.39684419  36.29146853 -10.32311275
  -1.71995039] [-14.45182679 -10.07680262 -26.56268023  -9.158321    -7.07725084
   8.53355896] [-25.76254676  14.59535794   6.28681593  28.56519787  23.3895393
   9.48841546] [-16.22807554 -11.86343355  -4.61768135  -8.40613523 -24.86014824
   2.1176559 ] 
197 [  7.2291596  -16.27021212 -12.89873406  -2.31488676 -24.54783208
  -6.35605552] [34.45859833 21.245449   27.50360229 20.24514238  5.13062681 29.29507337] [-17.28689586  -7.72219477 -13.42536385   5.05701089   2.99807463
   7.73545711] [ 26.6743671  -26.31300064  -3.41352908   1.05817652 -21.73176906
  41.40143007] 
198 [ -4.14667148 -22.12513994  -4.0772745    7.02238231  -6.20733311
  -7.38910802] [  1.77924331 -20.61372328 -15.85264691  26.50033275  28.63229588
  19.14714314] [14.04347072 17.0693423  22.31088048  0.88488918 37.09718343 -4.6797183 ] [-22.54535131  52.71218603 -15.52043755 -14.69773384 -38.03054173
 -28.21171939] 
199 [ -3.07684622  18.10926393  15.78251082  -8.80436911 -14.7995311
   7.35292036] [-40.64771736   0.98367096  -1.9644358   12.65234937   1.86277859
  12.23123531] [ -1.91236834   6.46628294 -45.30318721 -15.00782958  27.68738406
  23.24389229] [-18.44542827 -17.0109316  -30.00414027  15.08271821  14.70329442
   7.15771969] 
