0 [ 9.25548186 -0.53545218  2.42598758  8.62782823 23.14626256  2.59580115] [-26.72192442  10.82886572 -28.49432454  11.10551562  17.51480858
   1.25831773] [-4.14011253 -2.2082688  17.90255051  7.85203628 -1.28057393  6.93217592] [ 21.50899373  15.3720993    3.72029084 -14.21906092   5.07985311
  -3.54798173] 
1 [-7.71059474  7.98138549  1.16523433 13.91261048 11.90212187  1.07949874] [-19.85209463   9.27668381 -13.54931735  -4.3425522    1.2326104
  11.11826981] [  4.26816544 -31.83880523  29.44665624  14.24360572  10.61324425
   1.09784532] [-33.65993986 -13.18562688 -13.03008628   3.25276383  -3.04824804
  15.70801615] 
2 [-5.64760508  1.56553085 -3.16644168  0.36497573 -3.38411693  2.43033854] [  7.60001806  15.44375048   7.55372232 -28.60015417 -10.89746281
 -14.08293025] [ 1.51819018 -0.94199315  1.19160744 -5.15264555 10.15399949  4.18922272] [-12.61026987   6.02064563 -35.70480035  -5.4806413  -13.64856317
 -27.80652852] 
3 [  2.99555072  -1.33577682 -15.1338145   -9.71614672   3.42189826
  11.13564349] [ 26.33198059   9.98203733 -17.81447937   7.23775453   7.48087421
 -10.01425319] [-15.15525834   0.4645523    1.56614781 -23.75336822   3.17282948
  -1.58180718] [ 11.42815629 -42.24361323  23.96400039   0.4308487   13.46147767
  15.23559438] 
4 [ 1.15783405 21.45340214 -2.33292016 -3.46785857  1.8794855  -4.92601506] [-26.63111124  -6.34063016  15.50457432   2.17258626   2.6519321
   5.8453056 ] [ 3.32713436 -7.03184016 21.99025405 16.85961138 16.29945707  0.52379142] [ 47.05376418  41.52522539  -3.23085937  14.65935545 -29.71207603
   2.85523712] 
5 [15.12408223 10.07408939 -7.22848326 13.86972409 -0.52963321  3.43752149] [ -5.60346709   6.72867717 -12.13998141  20.54798093  20.19478948
  22.87989021] [ -9.22342093 -10.45990061  -8.01256722  -1.86252469 -18.02663328
   1.67467383] [ 16.03027284 -21.31662     21.34268889  -0.71282203  13.01383859
  24.57198896] 
6 [  9.1769853  -14.37440264  -0.39038301   9.36392284  -1.45540832
  -5.40645457] [ 5.64163258  8.11039765 14.63165135  3.34479488 17.29181012  4.59825915] [ 8.65421443 -7.15392627 -2.91761601 -1.16756896  2.51874924 -6.81989643] [-18.15932906  16.45345762  15.64100224  -6.79349975 -21.05170326
   3.22713836] 
7 [-7.52512768  7.65669403 -3.62049649 -8.30096114  8.26755318 -1.53485873] [-7.05215102  4.95506162 -6.73891075 -0.36832514  4.64915307 17.94485333] [  6.30310697   2.10019125   6.82745149   2.68121484 -19.93357383
  -3.26850273] [37.65503845 27.91373225 19.67383445 -1.11090888 -4.89842367 -4.86572115] 
8 [ -5.08772524   7.08347125 -11.63011227  -3.49305225  -3.92084426
  -1.92384561] [ 26.50936538 -14.0567086   -7.42401841   3.07461267   7.17446212
  15.3905488 ] [ 12.00309364  -4.90448238 -12.12142062   4.76958976   3.33542659
  -2.94753786] [ 4.84196128e+00  5.98697101e+00  9.93452785e-03 -2.39217710e+01
  1.14814600e+01 -7.83289419e+00] 
9 [ 13.8736338   13.41397016   3.40732705  -4.50472198 -14.75171904
   1.3217338 ] [ 3.19683401 -5.31610572 -8.74788147 -2.43634976 -4.12164756 -1.16589737] [  4.62188886   9.89026912   7.14883854 -13.66792796  11.23973522
  -0.18368991] [32.64294374 11.01089003 25.15001123  6.48884165 11.09239323 25.11060302] 
10 [-10.61523966  22.21498408 -17.95966951  -1.10068182  19.57554158
   9.70077139] [-5.57497648 10.62200928 -8.88551383  7.68500372 14.89722667  6.02370495] [-8.14576405 -4.10901714 -0.45931405  1.976705   -2.92659759  8.18508082] [-19.18329595 -24.27163705   0.95155314   3.23718306 -19.12794077
  15.41398904] 
11 [  0.97365129  14.54783406  -6.98264258 -27.03060237 -12.77174443
  19.81777848] [ 29.58819756  30.75092276 -31.23196319  19.94577719  11.73254583
  -4.3533233 ] [ 8.61609614 -2.47820608  6.31489826 -4.96712488 -3.95943141 -6.24963645] [-2.39562441 -7.1286545  14.15165872 -5.80986727 15.17995244 -6.72406783] 
12 [ 21.26308091   4.29248789  -4.87603122  -8.13575035 -12.87735373
  -1.55943665] [-11.71060547  -0.68626889  -1.09881345   2.92263086 -23.18443864
 -19.55169766] [ 4.26227113 11.02322247  7.71661823 -1.97663707  2.5868821   2.44130796] [ 0.12373703 -5.9067213  13.71171889 11.06905205  2.56067053 -0.24532911] 
13 [ 9.52013028 18.71784973 -1.21233783 13.63230449  5.00597207 -3.47197849] [ 10.88679451   0.11165161  -6.72678579  31.70966161 -23.71091348
   9.13179442] [ -0.95728592 -14.29956322   9.15987051  -9.96001047  11.31974154
  -1.09057231] [-26.27325057  -9.64951868 -14.32379497 -29.68717475  37.02067964
   4.31001693] 
14 [ -9.29278305  24.45839477   3.75005776 -14.33694278  -0.65492904
   6.80733068] [27.63302386 -1.9624765  -3.58498816 25.08149168  2.28109614 16.6781994 ] [ 5.24592163 15.86384149 -7.51652369 -5.02297474 -1.37917992 -6.36077524] [ 20.73788815   5.0487803  -12.26507604   4.80225408  13.16449169
   2.25940243] 
15 [ -0.14926773  -6.39812181  10.04068782  14.34275979 -21.75010198
   6.46011574] [ -7.39415666  -2.99727578   7.23653876 -21.63497855   9.03568452
   6.81426745] [ -8.68310618  -7.40722389 -10.28400245  -6.110307    -0.90193417
   0.13159372] [  7.49019127 -18.91372344   0.14002819  13.59152995   3.97970013
  -2.05109897] 
16 [  9.94217619  15.36517086   7.55430704 -18.88640972   8.28374518
  -6.38007192] [ 22.04171304  15.80275843  -4.179391    16.57155957 -15.20050355
  -7.64022597] [-11.76595009 -18.37418832  14.38428545  10.52973878   0.90197524
   7.54365724] [  9.5139788  -13.26580447   8.35854598 -23.82258939  30.70751945
   4.31276254] 
17 [-6.17915255 -0.34043692 -3.12552358  3.61864765  0.9515879   7.25151277] [ 21.09259342 -10.60413507  -9.33225227   1.90815708  -9.44508
 -15.72802722] [ 8.97232984 10.06375787  6.10673114  3.47270201  3.05316946 -5.6326533 ] [-13.54206306  10.86093712  22.97134049  11.03597457  30.06322258
 -20.06436202] 
18 [ 3.22776573  0.57429782 11.81942595 -2.58443745  4.78116491 -1.98918777] [ 7.7084767   4.27888818 12.00561676 -6.47832836  2.27505244  0.79107469] [ 22.29308009   3.023458    -1.3204115   22.57554439 -17.71597425
  -3.0896684 ] [  0.74612717  24.77142431  -1.11653167   4.92787468 -16.07565592
  10.7117617 ] 
19 [-16.20609134 -17.69334321  16.38197694 -17.43357922  -5.22904549
  -5.09035397] [-13.91425348 -17.09247379  16.00970288   7.3943926   -2.13855956
   5.22963095] [-14.22667057  -8.39027479   8.27777257  -3.46174592  -7.47593144
   2.05925329] [ 28.82563014 -13.60847303   0.09192876   7.81852362 -12.87798876
  -6.97566047] 
20 [ 8.60136951  6.27433189 18.98636627 -8.89144935 16.96254414 -4.20426435] [-7.34034058  8.23254824 12.29238335 -1.75611826  9.15919158 11.63403248] [-12.07397992  -5.80871836   0.211217   -11.8314037  -16.36706376
   5.62358085] [ 0.93395357  1.77263631 -0.6098608  18.92640543  0.76172283 -5.27480352] 
21 [ 21.99177841 -13.41406656  14.52139533   5.94687961   7.52109446
  -2.73115437] [-57.88540497  15.53002584  25.89943863  -7.30724193  13.28316548
  -9.9524508 ] [ -4.4508187    5.19164728  -2.26927636 -16.652669     6.2044447
   9.66766358] [ -5.85642455  35.73236197  -7.43016813 -38.20653078 -13.09353923
  16.49812827] 
22 [  3.97177564 -15.19496792  -7.65326528  -3.6372677   -0.86962941
  -5.48694682] [ -0.05305173 -11.03230586  -8.51786186   3.22803002 -19.5540592
   8.97356733] [ -4.46025138  -4.08882538 -15.22356914 -11.67461198 -11.47969517
  -5.78377518] [ -2.92466165  21.69315432  14.31964374  11.20879691  -7.33739679
 -33.77086873] 
23 [-17.32342677  -2.54380412   0.03530669  -1.15323241  -6.11798174
  -0.27525636] [-16.80000206  -8.12170947  -7.72984713   6.65301788   0.88880222
 -13.01984957] [21.86115023 32.72279185  4.6943797  12.69387699  6.7589952  -2.21935295] [ 33.09072391 -17.9737588   33.54090523  -8.22214809  -2.34566433
   2.6794317 ] 
24 [ -6.37168607 -15.36227967 -10.00769666  -3.05772322  -1.34731953
   5.04973048] [11.62335709  0.82959966 -1.06921248 21.09778551 -7.85442961 -2.09643948] [-4.94816011 -3.3009818  -4.60080339 -4.57671665 12.55988241 11.59993063] [-4.87511493 -7.97375468  8.48573957  3.48433761  6.68998331  6.20342523] 
25 [-2.18312787 15.28432832  9.02844937 -2.89023702 -0.89998716  5.15296356] [39.75921691  6.96328359 10.8634826  16.28055524  7.82460484 12.36820128] [ 9.5026084   9.0667678  12.20387558  0.7772404  -2.74802426 16.53199568] [ 31.10942882   8.05789546  -9.61620473   6.88715358   3.64079323
 -15.11111449] 
26 [-2.56401622  0.77171824 -5.69225244  1.76725017  0.36748315  5.72278237] [ 4.07251043  1.1371436   9.4751179   5.85865106 12.46188533 -1.99670559] [  6.12502172   1.08226907  -5.63304454 -15.70085748   9.65203114
   2.99990758] [ 10.67557094 -10.7939207   -9.24726077  -2.20625738  -8.00371456
  -9.01773318] 
27 [  7.46875429   3.33650586  -1.11804277 -17.11998726  11.14668676
  17.18821333] [-21.92470404 -12.26269738  41.0453383   17.423675    -6.39617749
 -16.35441555] [-3.70517056 24.80078665 -4.56755224  3.83660527  2.14834558 -7.10678513] [-40.80390532 -20.9790319    1.50201263   1.4059251    3.07764577
 -13.29224868] 
28 [  9.09913449  -0.2837808   -6.94202453 -12.99748563  12.56308711
   4.0414599 ] [ 27.36658906  -9.8713468  -12.19488116 -10.0798178  -10.07337872
  -8.29518433] [-31.50854966 -20.57326603 -16.4365928   -2.31562749  18.13623018
  13.15564431] [  5.88674772 -14.38871159  -0.0551149   -8.73882245 -20.20547701
 -15.26533385] 
29 [0.78776313 0.91392453 0.58015092 0.84530727 0.76771586 0.84038044] [0.3763642  0.64827723 0.37930998 1.14731516 0.86120104 0.55111673] [ -4.7289518    9.42973991  -5.29250938 -22.73114217 -12.03512903
  -6.24091816] [-24.77977091  23.34604889   6.53664415  -9.76496137  -9.749776
   5.31836114] 
30 [ 8.32637371 -0.73143109  4.98336749  5.22697873  6.79203081  7.87489468] [ 17.0051012  -28.97822633   0.3282753   32.91044346  -2.45211496
   1.8168718 ] [-10.62830154  -3.95943754 -17.26236464 -15.33392762   4.45181165
  11.13758808] [-20.85082704 -17.22138162  -3.86475118  11.48660024  -4.16574188
  -8.2543978 ] 
31 [-5.15551842  2.00314537  8.57857108  2.76885314  8.95634769 -3.55700256] [12.87009336  9.19101638 17.44467578 10.97507734  4.99547353  6.4077614 ] [-1.1344898   4.8405766  -6.70663524 -5.78335344 -0.4015087   1.94775393] [ 11.86260496  -2.12538426   2.04880705  -7.00359764  -7.54509507
 -10.63497284] 
32 [ -7.62608132  -7.83906361 -11.89545649 -14.03216898  13.244617
   7.9366171 ] [-32.0207363   -2.49936738 -23.5789175   -7.30270214 -22.46524885
  16.3406906 ] [  5.40163073 -14.55235487  -1.26800763 -10.0138102   -3.94497856
  -5.34926276] [ 30.42968075   6.75655168 -10.96491341   5.57455634 -12.27224317
   0.70346103] 
33 [  3.83476506  -5.43779664 -11.37192642   4.68993394   7.13600433
 -19.77310749] [ 26.04565602 -21.9515751   -1.12803648   5.98782302  10.83939285
  -1.71497729] [ 1.45521203  5.30621146 -3.62985147  4.56365625  4.92135081 -4.03248274] [-34.87033173 -20.60424036  18.40926354   7.20007547   3.57806498
 -13.64059339] 
34 [-22.70410592 -10.79658133  18.89856178   6.54176565  10.42855716
   1.74756068] [ -2.75311266  -0.71259555   3.14593261 -29.62867324 -28.29276273
  -8.1320059 ] [ -7.05518214  -5.69430522 -19.39900233 -22.54451195  17.07508395
   2.09305506] [ 24.16215567  18.30572215 -16.71015456 -17.33636926  -3.46407563
  21.39947411] 
35 [-5.50471068  1.24406227  0.60208503 13.53162359 14.78851086 13.65858542] [-17.54784401 -21.00495372  19.41755199   8.00030531 -12.50913749
  16.21192503] [-4.71991756  4.59886964  3.03049782  2.18217087  9.26085435  9.45417357] [ 8.78575592  5.36101217  6.75014297 -2.04021957 -2.23245821 -8.03732298] 
36 [-2.50906002  8.31353527  1.69679439 10.66891858  5.47608679  8.17666957] [-6.78692224  0.74142213 -4.20059485  0.65516791 -4.57219509  9.64768137] [-10.10494343   8.24259328   7.19177974   2.30413825 -11.43167033
   0.41818215] [ 33.29832745 -19.78813902   4.99461972  -3.78654363 -24.38262973
  -1.94554532] 
37 [-6.95350609  1.51366588 14.26396207  4.63571315  6.39080718  0.56345674] [-9.3384315  -2.08926685  0.92988973 -0.36885091 -5.07185274 17.84559597] [ -7.56330191 -21.54590761 -14.42822183 -14.40972295  -4.69669452
  -3.50420465] [ -1.19338698 -11.3533117   -6.93516667 -34.96803501  16.97885912
  18.44171314] 
38 [-18.66302337   0.42894292   0.83063747  11.87394398  -2.02011036
   3.05040784] [ 13.90506399  26.63476425   3.22300066   9.77580583 -12.32989117
   3.27935895] [18.27247761 -0.73053645 20.68139416 15.14777917  9.15627237  5.25169036] [  6.26310069  25.07732757 -16.5183072  -13.21037203   3.9435871
   8.87709978] 
39 [-1.00035426  7.96756285  9.55492511 13.63835376  8.64560125 -4.93272546] [-21.017046   -12.32314749   5.94847263 -14.03692594   8.69008832
 -24.37257787] [  6.62408971 -10.27662432  31.08084111  10.73164738  -4.52762866
  21.96124105] [  0.25114595   8.99346969  37.60086053  37.55664106   8.08803126
 -19.06031718] 
40 [ 5.18988399 -3.21336811 -5.8501804  -2.55408409  8.13356614 -6.64580087] [ -9.16135382  -1.6573456  -14.25950813   5.63049381 -11.20021125
  -6.98291883] [  7.41578509  -3.44857422   1.28285776   1.55077271 -13.47066132
  12.31917641] [-26.41762888   2.19187849  -6.54385375  10.03001262  -6.24695089
   1.20761159] 
41 [ 6.73550685  9.43357565 -3.51089954  5.75175126 13.48149469 -8.4766003 ] [ 15.946655    10.9511629    2.70893004  12.75908656   4.88275755
 -13.37223471] [-13.52892508   4.32933807  -7.10536469   0.57411862   1.49106713
 -20.15899788] [-33.62111538  30.24047974   1.71457107  -8.43123095 -17.84869432
  10.92137413] 
42 [ 6.58153267 10.23521457  6.8339789   5.23001822  7.23451728  3.87356697] [-14.15282561  -8.20928217  13.32598114 -19.79734363  12.36714704
  -6.30325909] [ -8.97861828 -11.18139019   3.87099027 -12.16869644  -8.48441047
  -3.51094919] [ 18.65095231 -24.99992333  25.40880685  11.14713933  -7.90175233
  -7.83595448] 
43 [ -3.61264873   1.43605471   5.77447796   6.36849226 -17.37909212
  11.93201   ] [-11.69506131 -18.6991438  -11.32105737  -4.86057523 -13.78039052
 -19.93133252] [ -7.91829402 -24.53036957 -11.8918147  -25.60520407 -25.90562603
   8.10283512] [ 21.70160109  -3.61506303  11.29192019  11.50345194 -38.16077848
  10.89277678] 
44 [ 8.37180102 15.83085032  0.18563451 13.67785726  4.79329105 11.52100764] [-14.3956688    0.23608672  -5.15921161 -16.79369243   4.45217189
  -9.93667073] [ 2.94465295 -8.69380454  5.33597236  8.46918805  7.96264664 -2.05214454] [ -7.25843501   1.25781553 -19.51368121  -6.44993263  -1.09374414
   3.22291854] 
45 [-4.04819128 -6.28681401 -7.35890148 14.55086899 24.04536426  6.61184966] [  1.47797514  -2.08586395   0.53801141 -13.91740203   3.57670933
   3.44976982] [ 3.78284744  9.26029059 -2.32713137  1.79436655 -3.64151628  1.89192276] [ -1.77808884  10.67674256  -9.78307983 -12.31561682  17.22154136
  -1.72709969] 
46 [  5.76538175 -14.89627522   6.65881398 -24.92311485 -14.11800842
  -9.0208847 ] [-24.66896366 -26.61259338   3.91668418  20.33540948  14.64178338
  -2.37541692] [ -2.9989906    6.63995154  -0.43455085   1.56165067   3.90919161
 -16.09527942] [ 33.15065505  -5.7050454   13.17329599  29.41209414 -23.03414413
 -13.67271214] 
47 [ 17.79757288   2.88160265 -23.4059575  -29.95215096 -10.17021682
  -1.81598436] [ -7.93723189   9.60909041 -24.31606153   9.88105745 -12.25788268
  27.43927701] [ -1.82726889   2.69202361  -5.09005103 -14.97210947  -8.04451584
  -6.99231141] [ 26.26207847   0.25079473 -17.44673393 -25.2398532   -1.19513728
 -12.01218542] 
48 [-1.15716512  9.47663971 -5.17457797  0.26933897  1.49783427 10.81710301] [-20.49486916  26.32907379  18.12171256 -16.81543723   9.70094133
  18.65640614] [ 0.92853518 -5.01944027 -7.16081441 -8.84355783  4.03045261  4.84823146] [ -3.17453322  -9.34600474 -19.94147638   5.94965767   1.51296604
  16.15055447] 
49 [  2.57528056 -19.84079453 -14.1894715  -11.07301431  15.96507971
   2.67177064] [ 28.82783038  -5.26077524   9.55481436 -29.44643499  34.74345973
  19.58461266] [ -2.52709589 -22.90310122 -30.54362286  -7.12633273  -6.6482133
 -11.03518524] [-30.81304099   0.92884639 -21.98945569  13.05793782  -4.56999123
 -13.00156041] 
50 [10.1404532   5.81191898 15.7740064  15.31300588 11.06835332  9.68750497] [  3.30458216 -11.21356613  -6.34475928  -7.09954971  -2.55734224
  -9.98797257] [ -6.64046957  -2.30567876   9.75311926   6.65858579 -13.93528254
  -4.18374849] [15.7740622  31.90040549  4.77707725 11.35842147  2.79056282 -9.57639186] 
51 [-13.67769643   5.44534055 -11.80515045   7.24258085  -0.99409466
   9.22984287] [ -0.40245858  24.87661784   2.00196014  18.35873411 -16.00122605
  20.72895011] [ -2.43082973 -14.90897161  15.70370859  20.42187505  -6.67929706
   1.48869845] [-8.48485361e+00 -1.62520367e+01  3.61745002e+01 -1.45768787e+00
 -9.37479178e+00 -2.30906463e-02] 
52 [ 16.6897802    2.14858188 -37.55476607  -2.96142971  -6.41917812
  11.46771605] [-25.94335761  -5.50789674  -7.07396095  -1.95299641 -10.1335305
  14.52179756] [ -3.24100616 -34.46679101  -2.37764654  11.88394458  12.53077945
  -1.92185259] [-17.11802229   0.50211026   2.23901844  -6.24620286   7.90918505
   4.88566013] 
53 [ 0.92902469 15.14870342  9.47854548 -2.39556873 -4.06022418  5.27261253] [  0.25014667 -36.48949012 -28.47131804  -0.94949368  -5.52918941
  18.4554106 ] [  0.25678242 -13.93416078   0.75635761   8.29011571  -8.69935664
  -3.92125563] [ 13.42278638 -14.19837412  20.4061323    9.27398668   5.01941758
 -25.03032347] 
54 [ -3.79766995 -11.2003355    1.69274707   3.87578889   8.65814579
   2.89436172] [ 17.35189262  -5.4829737   -3.61730894  -0.03658429 -18.88310123
   4.86872633] [ -3.14626678 -15.74042051 -14.24817316 -24.28532231 -14.94645206
  -5.61051297] [-19.82935269 -10.00822347   1.32396155 -19.28858166   5.25099898
 -24.52007583] 
55 [ -1.7734082   22.82308812  28.51584229   1.6839203   -2.1212982
 -11.87128878] [ 24.52002793 -17.15512139   3.77189314  -9.7296594  -19.03112152
 -32.63091098] [1.02437526 0.37987711 1.20620562 0.15504228 0.88063342 1.04081183] [ 0.74430993 -0.47691044  0.95086533 -0.17757186  0.85369217  0.22735165] 
56 [ 1.75116471  0.51706325  6.20223582 -2.81709987  8.63882533 12.15024735] [  3.24232508 -25.69857007 -26.55901995  30.47656877  16.59661411
  14.41331647] [-3.19843347 -8.76881727 -3.46261494 17.51920266 13.8753209  -0.27037811] [ -0.96889076  10.82682767 -23.08266382   5.31022041 -14.41337314
   8.89675961] 
57 [24.12536435  4.27196087  5.08177903  9.07498101  1.48508491 -3.16172451] [-29.95197133  -7.81654371  24.84881126  -4.65580105  -3.58766753
  10.19601573] [  6.91509839 -16.09351459  14.78029133   1.79576539  -1.08275847
   1.63411917] [27.67624578  1.2779622   5.14178807 -4.00854196  3.15032643 -8.24041011] 
58 [-15.08157978  -3.47632905  -3.35358612  -0.15898704   1.88776344
  -5.62856043] [ -9.99819631 -28.77442664 -15.24288398   7.70265871 -21.75020892
  -2.68080971] [  1.69419452 -11.58627821  -5.60156228   3.19378872   5.53289629
  -3.42688742] [21.23187151  4.18601015 -8.03866536 -7.87972704 11.52453824  3.30119747] 
59 [-0.73347141  4.79583661 -7.63682337  0.61984742  0.42193612  3.73500152] [-8.56389678 44.18040624  1.24247682 -6.60072107 14.5534883  16.90383234] [-28.06305452   2.15657129   0.45211955  11.69848259  10.37394113
   1.67428865] [ 49.07084966  18.24775105  33.31279407 -13.64910943 -30.24635722
 -33.29859185] 
60 [-13.49614351 -15.6541181  -17.54536216  -9.12645249   3.26808426
   1.73993095] [  1.76659317 -10.25059205   9.49567987  14.98493045 -20.64202171
   6.25252736] [ -0.49692009  -8.2938487  -15.74313233   5.17558829   4.62992641
  -0.04967092] [  2.08578071  -5.37316246  -9.33156715   7.77041832  -9.48252239
 -13.96118735] 
61 [ 1.59342773 19.8613593  -1.72041854 20.37740287  2.97736666 13.88273386] [ 3.87034569 15.23474867  2.07443596  0.71314644 13.96691271  8.95446551] [  1.61376871  -4.89824188  -4.49249514 -18.78261261   7.07381161
  -1.61609542] [-28.85408904   6.95511168   5.82655901   8.44098249   1.7107033
  -7.33218938] 
62 [  9.30867635  18.93843833  -3.05918034   4.51311851  -2.94529494
 -11.02617633] [21.18319662  2.41952348 15.38556338  0.23765074  7.66075619 -5.46415846] [10.62097545 16.26010106  1.81578731 20.82057646  5.34716832 -2.39731293] [ 20.88195972 -10.15098968 -13.64873675  23.97786169  -2.30722583
  -7.631957  ] 
63 [  5.06157628   5.25157884 -10.23900487 -13.44888413  -1.95217711
 -15.61145996] [  7.09577964 -11.47916741  -1.93908116   4.09006739  -1.74440969
   2.90278815] [ 7.43682359  0.76480646  8.60293017  2.43296326 -6.15633026  0.75583963] [ 8.78471519 -0.50364127  5.96971487 -4.78899447 -8.33629996  7.3014817 ] 
64 [ -2.83971318 -13.72961438   4.55341362  17.67605159   6.58242689
  -6.55484655] [  6.02709141 -14.9833922   10.64214663 -17.76449775  19.36437172
  13.23493663] [ 9.92237629 23.09590545 -5.05433414  6.95746879 -8.71413813  3.65937169] [ 23.27340324 -10.5906577  -11.00121997   1.2693854   -7.01233475
  17.58908072] 
65 [-17.89982758 -13.0867672  -14.60243153   3.56286991  -2.68432881
  13.52112027] [ 50.63643088 -13.95750125  17.68863113 -16.44145912  18.18369087
 -11.19380059] [-11.92186471   1.44062422  -7.36749841   8.39378058  -6.52044986
  -6.51626593] [ 4.62433442  7.16372464 17.88896973 11.39576323  6.38079618 18.6839538 ] 
66 [-17.06430678  16.85986837  -5.96191255 -21.00879286  -7.52009663
 -11.18627215] [-29.01382373  15.85163317   0.73175555  11.83035862 -12.30647551
  23.06457931] [-7.15583536 -1.03419872 -6.36567669 -2.63979265 -0.95365966 -6.78864395] [ 26.93181588 -12.67768591 -23.52158184  11.50605812   7.05418643
  -6.54116353] 
67 [-2.46575019  3.30254214  0.93950304  3.98258668  0.28753595  3.22219661] [ -9.60953587 -12.18483766   1.73283895   5.90611949  -2.58761581
   5.90020508] [ 15.8778094   -1.06344095  23.68876145   1.3961975  -11.53886988
   1.17708076] [32.11920929 19.24114    28.94579417  3.92958193 19.31268511  6.48280044] 
68 [-0.99650804  3.96439777  1.1816992  17.01558861  4.83485746 -2.38204647] [-14.54227546   7.38963703 -21.93740528  14.00770912  27.56862277
 -15.44947886] [-1.34474613  2.6593849  26.56351977  6.36682562 -0.89507295  7.55166444] [ -0.09314976  23.37639835 -34.17107764   4.00087373  10.47599937
 -14.68159739] 
69 [ 4.18337484 -1.05620035 -3.67656171  2.33872538 -0.43205916  2.7186688 ] [  2.51947411 -14.74259107   6.61241922 -14.09006301  -2.37597263
   4.44580069] [ -4.80954424 -20.02163889 -10.80046118  -9.17992497   3.66966602
  -6.63362147] [ 11.23769228   6.84762903   9.92451164 -13.76344331  32.74049835
 -14.59882362] 
70 [ 17.45250132  -1.07727436 -10.78642013   7.39046986   7.51894211
   4.22039037] [ 19.37659618   7.37815088 -14.12375419   5.37366129 -11.76870654
   8.26446703] [-15.99987964 -11.06674588  -2.01218612 -16.56952818  -5.55824769
   2.4851499 ] [ 10.96422245 -22.97595411 -12.22355666   8.45867612  -2.02653931
  -0.04653577] 
71 [-13.96047452 -32.2437643   -6.84207568 -14.33556168 -16.77069001
   4.13633897] [-17.54059754   7.28305834 -12.43021747  -2.72833154  12.03539378
   8.31968189] [ 0.74765757 13.73698799 13.73237078  7.916657    4.85945304  0.94658749] [16.56989737  0.84472497 21.16022874 23.17119865 -8.86051453 14.30470441] 
72 [ 5.52226877  2.89947667 -0.19088837  0.44529949 -3.1335925   8.2413692 ] [ -1.05415809  22.46580612  10.08102008 -19.30195237 -24.75127676
 -17.148627  ] [ -4.61947461  16.89551581  -5.9795753  -16.31461026  -5.20114002
  -9.76993159] [  1.59637279  33.28909087  12.91689646 -15.81095863 -12.37672938
  -6.09450196] 
73 [  8.76702759  11.08041108  -7.92803885   3.18088186 -19.11803414
   9.46810242] [ 19.77314134 -22.78718812  -7.48473648 -17.8758256   -5.75599283
 -16.14247596] [26.90524622 20.7949983   8.86755128 -2.53064847 -3.82859115  7.41697709] [  4.16791982   7.3377935   -1.05665561 -19.77878508 -15.8739742
  -7.97264987] 
74 [-13.19705927  -1.17472333  -0.88841878  15.27424225  -6.74849975
   5.23787528] [  6.0351796   15.65148417 -31.21256662 -30.87377349  11.02027091
 -15.50975239] [-0.37242519  5.81073924 37.15921571 19.31572316 27.60550475 -2.34131939] [ 1.74784845  3.22993607 10.54130696 11.28931406 -3.6234526  15.9201161 ] 
75 [ -0.04325479 -13.44943097   2.78953951  -9.21406633   0.56906495
  -1.84741382] [ 8.40659981 13.61210822 17.4138216   9.99065216 14.76165163 -5.54661493] [-15.18247415   0.76900111  12.1582774    7.24900703 -19.09966566
 -11.6519247 ] [ 37.57069596 -15.87115199  27.42236938 -12.65147835 -20.5115993
  18.187926  ] 
76 [ -2.50668288 -17.22230308 -20.82938144  -3.51258005  -1.54239755
  11.31882069] [ 30.78136906   2.80047215 -21.97592935  15.84010861 -10.95927917
 -21.43106829] [-1.93772162 -7.08657271 -3.55593019  3.72409989 14.49848522  5.90354584] [ 20.42860476  -7.61176429  -1.46398377 -31.29018664 -15.54511234
  17.08919702] 
77 [ 10.84401837 -14.09312005  10.66511207   4.72216792   0.6841956
   5.19016375] [-38.93476512  17.98975422   4.19922984  38.55117401   3.73660679
   7.04750675] [ 4.19307791 13.31775014 12.62420782 20.2279054  35.2827563   7.79718978] [18.01415586  9.22377807 17.5729087   7.91181106  2.20210137 18.22057134] 
78 [  1.26009857 -14.79789483  -0.52999437  -8.50357539   1.65461179
 -13.36429685] [-5.94034386 12.2703509  29.04644487 16.30868949  2.49157591 20.15852035] [  4.84914668  -6.7535471   -0.14602928 -24.22186194   0.19997927
  35.50400161] [ -9.67432245  -8.7697964   10.08451776  26.23107014  -7.11409597
 -13.19020336] 
79 [1.17372147 0.58397202 0.43527262 0.92287033 0.36166178 0.8589004 ] [ 0.63337742  1.02282903  0.61832635  0.68306521  0.56396509 -0.32872385] [ 19.51024788  -7.8121278  -12.2357101   -0.2716719   -1.83712875
  -3.60275517] [ 17.79091229 -23.25661022   2.08247468  -5.01586532  27.28675734
   4.37798124] 
80 [-24.62187235 -12.11234978 -22.83819645   1.47831415 -11.02931391
 -15.47335003] [ 4.32288021  1.86605645 15.15128543 23.05627394  9.4935236   6.90911544] [  1.69466809 -10.47987276   7.61644312   0.45314024 -13.81112696
  -3.70841206] [-19.12863262   3.47662003 -19.74951027  -4.01242587   4.45575716
   0.72967005] 
81 [-11.89029467 -18.0528898   -6.61750424  13.57393604   2.40702788
   1.61665511] [ 23.445766    25.07053699  -6.52354942 -10.3360412  -25.55529762
  15.3620226 ] [-29.24291075  -6.84931929   2.11057217 -10.99992992   9.01570246
  -1.86126647] [ 23.30751117  38.6272917  -10.43078668 -21.3836516  -11.22029507
 -27.69568218] 
82 [0.92329272 0.34237052 0.10075071 0.7232601  0.98892155 0.76872016] [0.88241292 0.08845885 0.64315408 0.63523827 0.76313554 0.55568911] [0.87496059 0.16549662 0.26520251 0.93781162 0.84513099 0.70350421] [ 1.15338391 -0.45653282  0.68949061  0.57435816  0.79530566  0.86742889] 
83 [-6.74913634 15.52114623 12.91773095 -0.82480495 -9.18008701 -5.48787566] [ 9.73785642 -1.41546066 -6.25645527 10.05904328 -3.83800087  0.56213737] [ 11.88681333 -19.60491621  -5.74938889 -31.83461062   6.3785486
  -6.8807892 ] [ -4.34008212  22.52558853 -11.9083479   -8.03613699 -11.05958154
 -13.51768902] 
84 [ -7.85829221 -20.35417151  -1.08112445  15.25432764   4.50101822
 -14.2334369 ] [-17.20097346  16.49888414  12.14555041 -31.69120112  -6.98489774
  11.70193424] [ 9.5641814   2.5282408  19.23687172 10.53268683 13.470652   -2.32026214] [ 3.8262694  17.49708459 19.53447926 -5.20913144 -4.22802131  3.21363392] 
85 [ -5.462376   -14.35898499  10.48666932   1.52930198  -5.88162425
   3.97492492] [-22.73536831  -2.76573407   2.9399767   19.11797952   0.93763944
  -2.31769   ] [-10.76090257   5.44093203  -4.63274853 -23.68498643  14.91221781
 -12.24011254] [ 17.51719228  15.02396819   3.48433794  -9.58104834 -19.47807368
  11.73964901] 
86 [1.1559828  0.61398605 0.47965944 0.8974382  1.08591045 1.34693597] [0.6420716  0.91796746 0.51920471 0.66631942 0.37704186 0.79919513] [1.10896443 0.49351767 0.45008254 0.92574592 0.75609514 1.24985228] [0.70661753 1.00739524 0.57722993 0.3713963  0.30972745 0.75304136] 
87 [ 5.7010309   2.81044637  5.15578382  1.35049813 -5.52415704  4.99134758] [  4.8085281   -6.79821795   3.39680232 -12.02591396   3.93732743
   7.96203648] [ 13.5840554   20.11198293 -12.07207886   8.37572026   0.77820106
  -0.89763025] [58.74575614 26.09131945  6.07608077  7.62492729 -5.33268575 -2.70245307] 
88 [-13.62766762   3.18218583 -13.64083906  -1.31893055  -0.55932341
   1.89052988] [ 7.81601384 -2.61328912 16.43457289 -1.71078379  3.03431074 -6.93387822] [-3.37118662 -3.61130296  0.2776718   1.29047423  1.85722389 -2.97415096] [-11.34795534   1.41776969  17.02378677  -4.85779253  -5.39453557
  -8.82814035] 
89 [-12.00374437  -8.43829096   4.16176621  -8.37952097  -2.59541733
  -9.95130539] [ 0.53790764  9.84235668 13.34182653 12.20510041 30.21982097 -7.17338913] [ 10.61340937 -10.73737595   7.44282012   8.79337972  -0.4001481
  -1.72981114] [-25.54252453  -6.92674767 -13.60845228  27.2551565   15.54224266
  26.55939259] 
90 [ 5.01547742 11.22646451 -9.72986037 -5.61951797  7.42082095 -2.49663843] [-12.9095589  -10.20762599  11.65299738   1.61473598  -5.39141859
   1.69321063] [-1.56741625  3.18334491 11.35569623 20.80507908 25.78377446 13.51801105] [ -4.69917786  25.40083508 -10.86150556 -28.65689898   8.91571198
 -18.7553969 ] 
91 [10.41800387  2.70943068 -3.50280939 -0.43960179 10.16202444 14.75660094] [  0.34504231  28.95662171   4.36390958 -11.51483616   6.24808904
 -11.68535959] [27.00141712  2.04476193  3.9994549  17.76957648  0.60418365 11.26237186] [ -0.65999142   2.76685235   6.10074789   1.00652763 -14.08278014
  -6.19660608] 
92 [ 0.92214254 -8.69209905 -5.28743263 -2.22583304 14.34950665  6.44963315] [-19.04413013   3.32003117  19.8295456   14.6084251    5.33987829
  11.19176685] [  9.660683    -1.27982031 -18.54560601   7.20407039   1.33146558
   0.14604283] [ 30.4339899   -2.40782102  -4.00765866 -12.96685311 -13.28829987
  -0.70390167] 
93 [-16.00268146  -8.97297401  -2.77437746  21.2318413    0.96016453
   3.59291254] [22.52633418 -5.08165306  8.76061665  3.07095154  5.95312117  6.33377981] [ -5.31818745 -14.09805354   1.93164456 -11.5589479  -28.33529714
 -11.99968407] [ -5.31342117  -7.5853007   -7.46454152  22.25811576   0.83318159
 -11.49996144] 
94 [ -3.30484447  14.50260365 -14.91156182   3.39835108  -6.64278978
   0.83829571] [17.82173256  1.75527724 19.20707961 -1.55825504  1.55890296 -2.71045093] [-16.76759819  36.12418081  11.98365941   8.13974669   1.01236166
  -0.96059046] [  0.59868628  -8.3532695  -25.93559774  -0.66590684   0.90107589
   6.5562896 ] 
95 [ 4.20910445 17.6089748  11.40132766  6.54934973  1.42442492  2.88804723] [ 35.71387812 -31.55502323   4.1399281    7.17350961   2.90054056
  11.23495151] [-9.13758579  0.35729967  5.4204697  22.74567067  4.78205514  2.75078873] [ 16.59429243 -24.91765369   8.92994357   6.90379737  -5.45001745
  -8.88237909] 
96 [ 18.63910369  10.58462589   0.7245897  -11.92160569   6.52372767
  -4.41743032] [ 8.41197452 27.62197065  0.58689517 -8.60361207 30.24665112 10.68567271] [-29.88182195 -30.45691723   6.61712552  16.01069138  29.1504505
   1.97062303] [ 10.27170164   1.1896208   15.6190566   43.21778219  13.83318563
 -23.55464581] 
97 [  9.92882267  -3.01425763 -11.46462909   1.5656891   -5.63690749
  -4.28094183] [  9.89043176  -8.50513508 -18.9137018    2.45355992  -3.38981541
   6.25775154] [-10.58848676  -6.12248053   7.40641628  -5.47818949   5.26841499
   7.00670879] [ -9.53841545 -16.24650417   8.27318186   1.01057365 -13.94595561
   1.6942788 ] 
98 [-11.67156589  13.43984309  10.11180641   6.25297883  12.83557366
   7.28954471] [ 22.98845816  11.3728579  -17.62649712  17.62234316  19.27261685
  14.85256854] [  3.27331389 -20.28150098  -0.07598909  -4.61794621   2.9183852
   0.53587017] [ -6.10746008 -28.64653163  41.70186889 -40.15740239   7.71850201
 -37.52452052] 
99 [0.77926331 0.66674154 0.9018953  0.45377964 0.5454868  0.61361467] [ 0.98314349  0.89153059  0.50130252  0.96070225 -0.41421299  0.72285542] [0.75626112 0.6577845  0.91085337 0.42720132 0.5584669  0.62288016] [ 0.99806938  0.88994495  0.53609275  0.92913934 -0.37021535  0.72194611] 
100 [ 6.25391493 11.32491461 11.39263322 15.66014066 13.62201252  6.52938776] [-7.67851468 13.0538779  -8.11673299 21.41636272 16.54620198 -4.75235228] [-5.73927786 10.09271677 -2.02953604 -3.09814215 -5.41307993  1.14170272] [-4.07869075 -3.6725437   0.6502458   6.16461553 -1.94177048 -9.67495124] 
101 [0.88216691 0.85325046 1.31202045 0.597961   0.78440338 0.520938  ] [0.83610092 0.79227623 0.99243244 1.0612592  0.59958887 0.40182557] [0.89493861 0.86012773 1.30272508 0.58976707 0.80058532 0.52867954] [0.87289085 0.79294602 1.01175235 1.06003444 0.60413192 0.35580955] 
102 [-2.05721468  3.29501577 -1.95596791  0.87031652 -3.65658459 -8.60743061] [ 22.58730643  -2.96498035 -11.40606996  14.59660557  23.48504419
 -17.62205948] [-15.75117964  -5.84759144  10.98409794 -12.78076867  -5.99604746
  -0.56207126] [ 10.86360033   9.71275755  25.2317431  -24.76438663 -11.33819699
   3.33369794] 
103 [13.45804513 11.91208701  2.8025352  -2.70015778  0.88743798 -1.30096287] [  4.65678076  10.21005725   4.90815473  12.22819715  18.68289266
 -15.43473499] [-7.18381767  2.95602478  9.99308719 14.10576033  3.97903145  4.80561589] [-3.63879161e+01 -4.12006586e+00 -1.45176180e-02 -6.96376048e+00
 -1.30180632e+01 -9.77352824e+00] 
104 [20.28599395 54.22194879 47.10735574 14.98549991 20.25104154  5.16477068] [-2.99224385 30.04131387 11.71831702 21.38270463 29.56865787 -1.39066991] [ 16.62687365  10.69013875 -10.0136515  -13.98140868 -12.27314158
   1.31684876] [ -1.29721841  18.48196469 -30.8012025    9.02806519   3.89503495
 -11.97823112] 
105 [ -1.73213622  -7.12580457 -13.75271679  -3.66579024   6.81706922
   3.19263156] [16.82885521  9.74109365 -6.59834593 13.97767911  1.5068374  -1.11643287] [-20.03557075  -3.98190849 -12.30599407 -11.73782622  10.87904493
  -6.73815988] [ 36.1598811   23.03625677  18.17927375 -10.82869755  28.31416817
   0.52123405] 
106 [-2.06704651e+01 -2.62859668e+00 -1.05825312e+01  6.06332541e+00
  9.79153157e-03 -3.67809051e+00] [ -3.22157814  -5.00009349 -17.70536224  -7.99741369  32.00862741
  23.11774914] [-1.1653505   4.03537294 -6.74920967 -1.11992682 -4.50894344  0.15406686] [ -8.76557025  -2.61621077 -12.33276275  14.47372714  -5.07690909
  23.74670996] 
107 [ -5.68811187  10.24274741  20.10823842 -23.16187338   0.12234821
   4.99951417] [-23.53428389 -19.9827083   17.70705564   9.28051832  16.21156337
   8.26596498] [ -4.63210983  -7.22731375  16.48402485 -17.96288968  -5.34821627
   6.13063522] [-17.3641708   33.90277526   1.82416456  10.7732978   11.94989631
  16.36990538] 
108 [19.30098006  8.59623522 16.30440227  5.83732689  6.18230146 -3.63516428] [-0.15430659 14.84164742  7.23576832 15.02581012 -0.08120813 -4.11738155] [  7.6947271  -21.4852943    6.11847245 -17.17151476 -12.1035946
   8.18782176] [ 1.90085999 -4.63487347 -1.40728923 16.28189793 -4.49278615  9.62870887] 
109 [-9.42971271 12.27531694 13.07881913 16.03061182  4.08298455  1.42302562] [ 11.74751326 -18.2280836   18.7552396   16.33334937   6.096357
  38.76620029] [ 9.43532921 40.68178513 13.96730993 -0.43929547 11.12530564 -7.19539065] [  4.24168634  -8.59551932  22.86819689  14.72781026   6.14502562
 -18.54886017] 
110 [  8.63263093  15.37922345 -13.77784433  -6.22739806   0.45643225
  -1.47041313] [-11.86029095   3.53003948 -20.6671419  -39.85552937   2.57848913
 -18.56171851] [ -6.23699449  11.83407192  -0.93654719 -10.83942016  18.82430805
 -11.78543235] [ -1.1773968    8.45340803  16.82324308 -12.5665015  -15.98636149
 -25.00429844] 
111 [-11.52432517   1.73180473   7.16252611 -15.74772276  15.56099094
   4.80902653] [ 40.33239578  38.57789559  -2.88164456  -0.97986387 -16.10175587
  -2.43138748] [ 7.4560002   7.85206012  7.79180392 11.30682127  9.86826348  0.08800741] [-22.50597655  10.88401222   4.96665393  -2.52868107   7.69608321
  -0.48600484] 
112 [-3.03198352 -0.16723393 -0.3375032  -2.27013269  3.09008811  9.2599133 ] [ 10.49919346 -16.21045093  24.88151197 -10.68071159 -32.50820572
   1.52894271] [-4.96214379  5.95405891 15.66220024 -1.53709914  3.6400826   0.36687323] [-11.20597476  13.52310182  -5.59829107   0.17619288 -15.6778875
  -9.75421323] 
113 [-14.89480579 -11.89062582  14.09134753  16.52786141  -2.08229046
   1.57335795] [ 46.29256499  -4.06920072  -2.35528883  -8.35155597 -16.90948232
 -16.63377938] [ 12.97170439  -6.09854322   1.99813686   4.73398683 -10.20506781
  -6.47901722] [  8.65672785  -7.8986985    5.30831853  17.11124883   1.87681122
 -29.01833327] 
114 [  1.52228161  -5.82860172  -7.96874317 -10.0309105    5.35871252
   9.60330152] [ -9.09948619 -14.28179228   5.08812428  -6.47850119   7.81426241
  -1.58571868] [ 12.07913668 -17.13211953 -20.07429171  11.94599065   9.62656203
   0.60095793] [ 15.36059688 -32.88162821 -27.49723442 -27.55207494  -0.68640876
 -10.66203439] 
115 [ 4.64443404 23.13445619 -8.77916772 10.30121457 -4.35867503 14.12287574] [ -5.74802742 -12.06892882  25.60696098 -39.82545585   8.92910658
   2.51345195] [  1.31691511 -13.24226461  -4.54895651  -8.67002021 -11.23427437
  -0.05937047] [20.49836287 -6.55049776  9.48477487 -8.99732169 20.74018697 26.05862298] 
116 [ -6.04522258  12.32756519  -1.33639381  -4.80554181 -15.07270352
   5.76814646] [-6.93679055  0.90270149 17.22639005 -5.96057988  8.23489328 -4.5088094 ] [-17.06718504  11.51339189 -14.2989983  -13.91827704  13.27861048
  -1.7492023 ] [ 36.43695592 -40.46728799  -7.82879425   9.79183453   0.39756
 -11.93951107] 
117 [  5.99365427  -7.98957206  -7.95198777 -11.16551211  -7.13465333
  -2.44835449] [-18.3639963   12.45202102   9.13831974 -40.66080631   6.27772186
  -2.46719496] [12.88461135 -0.06515407  5.44018354  5.08483686  4.23350128 -3.87369988] [ 27.86159399  -7.96164304  15.43130875  -0.71823578 -10.82721049
   0.26961231] 
118 [ 5.10767884 17.07395087  7.26440098 -4.67236707  2.55941523 -9.60109166] [ 21.66361141   6.90978518 -36.41308759  15.74523046  -8.72607782
 -31.31049561] [ 6.90805031 -2.94363038  8.86588817 10.33915225 -2.59462636 -2.98853472] [16.86831448 14.16992707  0.93329944 -4.54061151 -1.97519342 14.88181765] 
119 [ -2.83534488 -15.8555404   16.07587516  -9.34537179  -6.63046074
  -8.42397565] [20.05290314 23.74696112 22.45690182  0.80404852 14.91534423 -7.09669243] [-19.4507829    6.04821589   2.10763981   6.00428474   5.57581507
  11.39877522] [  0.02010642  -6.64450307  -2.45048656 -13.18094893   6.26931761
 -15.72781691] 
120 [  2.94626505   1.99801945 -15.64183248   3.50250866  -8.07075585
  14.97384753] [-47.41914722  11.33297516  23.71067347   2.36858893  26.1766868
  -6.54944853] [16.01911131 21.11751706 -0.8257331  -3.2230237  -8.3811008  -4.59043215] [-49.27460998  -9.39436053 -18.20839998 -19.6500873   -3.40874167
  -6.24071503] 
121 [11.74550584 -1.64083979 -9.88781344 -5.25194622 18.77321669  1.56857043] [ 18.80409961  -9.72153988 -11.03773281  -7.40586439  13.77955634
 -22.38356919] [ 10.0866002    5.90363074  11.90763209 -14.15658024  -5.91255039
   8.11547512] [ -1.18418099  -5.33764372  17.02880335 -29.0420669   14.5556255
 -10.19459278] 
122 [  6.27923969  -8.82019289  -5.50112853 -12.77368614 -10.34762138
  -1.23652842] [-30.0306165   -3.47654065 -19.07434368   1.86572247  22.99802673
  24.17759216] [ 1.71519504 13.44389133 22.71984186 -7.99644919  0.14950103 -0.82044456] [ -4.82232285   2.51580917 -29.26427119  18.97366143  -9.42154575
   1.64704979] 
123 [  5.39577033 -11.24772952 -12.25090862   1.5870947  -10.38176062
  -7.86489357] [ 27.73012792  -0.78965484   1.96891929 -12.62271473  11.03862479
   1.83767874] [-2.35577019 18.99493769  1.69747684 -4.50241659 -5.20138737 -2.90175952] [ 21.56207175  10.24835496 -14.65578038 -17.84382494  -5.06113691
  -8.46467717] 
124 [  5.50585845  -4.24910927 -13.93448319  -3.66334846  -0.78062617
 -10.14095094] [  4.08691547 -12.49514811  -1.91113876  -3.05352345  10.73398574
  10.94588176] [-16.35572709   0.51748493 -25.19425673   6.6743831    6.22639018
  -2.47076994] [ 33.28482127 -22.12022347  -4.7598131  -16.07031694   6.90696835
  10.76240687] 
125 [-10.24725051  -6.58359579  -9.51129157  -4.43579203  -2.71475066
  -5.98895904] [ -5.64635249 -22.18388863  12.58230942  12.19622142  10.45007041
  -5.77195898] [17.44714439  6.27916501  4.08567761  5.03551198 10.44693045  4.00017296] [-8.72809785 -8.6052173  -3.57530364 -6.96877057  9.5315122  13.78320686] 
126 [  0.25360619 -15.07985968 -26.10950835 -36.32491085 -11.16918603
 -14.37573148] [35.83431569 -0.52049186 41.37510265 -1.52065663 23.42928491  3.5962314 ] [ -8.44466571   9.15993967 -17.66323539  15.12849986  11.66222599
  -6.62285512] [  4.32323392 -49.78083914  17.28367692  26.43476296 -19.95872789
   1.68147386] 
127 [ 5.32192924 27.28469234 18.1909407  -3.13852811  4.51650368 -4.17807411] [-13.94397867  19.77608036  23.95076841   2.58409582   8.113641
 -11.60351349] [ 9.499704   11.80607798  8.0361536  -8.91848196 -4.59679585  6.21398463] [ 23.995907    -2.09596636 -11.94853077   9.91645678  -8.53943634
   7.73859094] 
128 [  6.1794093   -2.13096998  -1.66452865 -16.46258199  -3.47693015
  -5.59406266] [ 9.41761834  3.79417203 21.85270409 24.64204028  8.31887392 -0.94337717] [  0.84282616   3.27250063 -22.47618345   0.10500562  -6.72786233
   2.22505479] [  2.40910016 -20.18232014   5.6651811   -0.20052485   4.42081966
 -15.60938121] 
129 [ -5.39474513 -27.23726375   6.83614437 -14.39548288 -17.27721583
   4.6901262 ] [ 18.03062488  28.94727571  24.62228518  16.41169962 -23.26041308
   8.50646823] [  8.01326688 -12.44891954  -7.13405286   6.28283747   4.5697783
  15.26132233] [ 19.49345041 -13.9027795    6.27828146  34.37143028   0.90559931
 -11.92683238] 
130 [ -9.74931886 -16.37865034  -3.490401    -3.00712746 -18.46132323
   5.48296029] [-10.52506119 -42.21387806   4.43957571 -34.03383045  27.97866416
 -13.89616553] [ 6.43405122  4.73438876 37.23414848 -9.7024502   9.22253034  1.51212207] [  1.13105273  17.20147814 -16.24060989  -0.86881824  10.00733152
  11.20758644] 
131 [12.79090685  0.41259831  0.48318025 -3.36165184 -2.72577407 10.33707658] [ 21.32708893 -23.45950551   6.53787042  -5.57943309   7.43627924
  -8.96695919] [-13.62730391  -6.99492312  -4.95885725   8.47419525   3.60810362
  -0.38283684] [ 18.3134407   17.47657394 -14.65074027 -10.40595277  15.5324893
   6.01025401] 
132 [ 3.5787203  16.64698775 -2.25884603  1.52460642  0.56590805  2.30741958] [ 10.36444702  35.70624399  19.09279259 -30.43624028  12.11404713
  24.82715173] [ -0.09813791  -0.13615667  -0.97265396 -13.54498151 -10.94543766
  -4.05923682] [ 22.89661485 -10.29884587 -20.99734204 -39.44982909 -30.08689989
  17.01904416] 
133 [-3.85098687 -4.2498259  -2.93128805 14.67846494  5.74703431  2.95566267] [  1.57021118  30.16027365  31.40003946   8.02555918  12.03909635
 -11.89997156] [ -7.03054594  -8.89937705 -19.62036097 -20.88354899 -13.49387813
  -1.89568098] [ 17.07787327  39.72459321   9.21749565 -27.52848207 -20.91682243
   2.47309623] 
134 [-6.93382695 15.12899804 19.42337706  0.13901101 -5.31211097 10.92994733] [  2.60829334  18.12314338   3.72915681  26.05403487 -12.66702958
  -2.03194186] [ 5.49026064 -7.2678403   5.07061148  4.02102037 14.45340271 10.32655136] [  7.68758604  33.392986    18.69605165  -8.40821287 -25.42767403
 -13.78028423] 
135 [19.92662429 35.94662713  3.56735242  0.06956815 16.96529272  3.15161194] [  6.98084484  -3.96348254 -16.96180956   2.19282902   0.76085919
   6.52979516] [  2.47488691  -3.6865718   10.19608243   5.16482826 -11.32188315
  -2.09260399] [ -5.11656921 -11.23336618 -11.17605198  -8.4752246    3.49455893
  -4.0579779 ] 
136 [-7.27525511  1.13922159 -5.87294789 -3.49788352 -0.85376404 -3.4377779 ] [11.02532007 -1.93233433 -9.71006408  6.67277269 -7.91989768  4.40273083] [ 23.90284014  -2.10593981  13.56363597   6.75286427  -2.43492148
 -12.95139046] [  9.26515027  -3.65279801  -4.01684991 -14.16126395   0.89921829
   1.36196281] 
137 [ -7.39121887  15.12021011 -17.35570916   2.72190884   4.45643346
   2.31209831] [ -1.57291478  -3.19333396  14.3953404   17.30202675   7.11426169
 -14.27716212] [ 4.34460344 15.66010027 -8.41796815 -3.07736795  4.88569965  3.66447083] [  1.69562628  10.87651321  32.46234155  -0.03588642 -18.251404
  11.09771006] 
138 [ 1.16836183  1.03309114  0.49308065 -0.20284385  0.46494708  0.60196417] [0.68573975 1.0559118  0.29228693 0.86878142 0.21474859 1.12070899] [ 1.17237818  1.0505927   0.54553243 -0.22340344  0.42362631  0.63588598] [0.70072393 1.02494522 0.21085131 0.97845438 0.18463979 1.13106032] 
139 [ 9.81597384 12.46178059 -5.09252864 -3.96906996 -1.66540271 -2.31377113] [-14.33136763   3.0138089   12.28099232 -28.24082815  14.01986293
   5.16739178] [19.45697674  2.36231933  8.69043557  8.4596125   0.97963072 13.64410098] [-35.08598602  -7.39862904  -8.97206137  -4.46436491 -11.70128266
  -5.88220392] 
140 [ 8.36341547 -3.49030747 -3.60663074 -3.0579737   5.62976918 11.00776808] [-2.20078115  0.40765069 -3.38483742  7.84984293  8.48011085 13.2119227 ] [ 4.83048881 19.40458524 16.60671639 14.65452456 15.6910825  -1.27904611] [ 26.24277139   1.7576031  -25.079672   -11.41452329  -6.95272727
  13.80326306] 
141 [11.5020763  -5.13930697  7.63990955 -3.78750414 -8.71752299  6.03211047] [-12.38047584   5.99667926 -19.52888076  12.38500078  21.70266313
  -6.22046605] [-6.3810847   3.09397811 16.49603874 10.27923088 22.83414778 -0.34344697] [  1.03908969   9.4792344    3.99795659 -10.97083393  -8.24329552
  28.30249444] 
142 [ -3.81499508   4.38228037   0.67012445 -16.47094832   9.30324254
   5.50146806] [-27.42962688 -19.52739667 -42.40667418 -40.5710125  -32.62300393
   3.0538017 ] [ 27.84572985   9.64392905   0.40819052 -10.28013969 -16.5140602
 -15.01761194] [ -0.17746008 -12.61663794  11.21431018   2.04947232 -23.7896581
  26.57787223] 
143 [-6.60457979 -5.66245678 -8.39802624 11.05133738 20.68700416  5.79338507] [-0.05161181 -5.09139602 18.80378253  0.2255769  -7.05894445 -6.73941952] [ 8.55905431 12.86901468  8.38847442  9.91805393  3.17251856  8.76066864] [ 13.44923251 -25.01835463   6.8050471   13.68873083  23.16778943
 -18.53193478] 
144 [-9.84239657  3.45075321  8.7175012  -5.70530634 -3.8842304  -4.15611765] [-10.67869841  10.58022862  -6.22684766  -2.69034889   9.43002448
   6.25497035] [10.23112337 24.53725148 20.38509156 11.20299289  0.89786014  4.64509837] [ 36.10255988  -3.64457003 -17.62953535 -11.08613686  12.63243562
   1.06186769] 
145 [ -9.29438525  11.79481704  12.005952   -11.98349684   3.81690174
 -14.08322094] [  3.84796749  -0.70699819  -3.70976343 -17.0560254    5.88983249
 -11.26198782] [-1.40694105  0.63838116 -8.11835294  3.14636107  4.9918057  28.29616765] [  9.05256116  -5.98800848 -32.8679904   39.44414818  11.11352945
  -2.91667314] 
146 [ 1.72554634e+01  1.41379721e+01 -1.57490216e+01 -7.06785304e-03
 -4.89847811e+00  1.11166661e+00] [ 17.09792838 -34.02217551   7.83540783 -12.43657285  11.14657621
  27.01446387] [-10.46295496 -10.55603838  22.05700632  11.48485564  -4.00274352
  -2.25491408] [  3.7866093  -28.21798752  13.41005119  15.74054928  17.43079181
  12.53329962] 
147 [ -2.7097416   10.18745647  -7.89688976 -11.92794027  -8.01779859
  -0.752128  ] [  6.89535892   4.85597356  16.86805589 -16.46402001  -5.1883493
  -0.24392803] [ 4.64994361 26.13124081  8.22633184  2.63786522 -9.99040144  2.65574537] [17.53536567 -0.18111709  0.51778164 15.57728618 13.82382653 -0.08302261] 
148 [ 5.48350038 19.30666045 -3.88507625  8.92590778 19.70070361 11.93115018] [ 9.69007011 19.51608923 -6.40260298  8.53415542 -2.86872681 -3.76355114] [24.74827552  4.79102746 28.75943062 10.09505132  8.96682236  6.64124375] [ -3.63687388   8.12239229  36.5969952  -22.23798875   1.90482678
 -16.9461939 ] 
149 [10.55575783 -5.35447354 -3.57677264 19.51981174  6.76280134  4.34765036] [ 16.2471814  -10.85797054  25.00656274   8.43045113  21.06916425
 -17.00425249] [  1.00092768  11.95224647 -16.736336   -27.37220283  -4.83319096
  -2.02234113] [ 38.53038969   5.21463965 -17.633887     4.17733697  21.2725313
   0.813467  ] 
150 [1.06783569 1.02575937 0.7018912  0.39005061 0.65824299 0.63474445] [ 0.73206452  0.79812592 -0.15600093  0.54316016  1.09734872  0.62299402] [1.07635927 1.02723323 0.70939697 0.37551518 0.6793774  0.63857894] [ 0.72413244  0.79419608 -0.14989813  0.55353599  1.11144605  0.56904628] 
151 [ -9.4896949    1.02849955  11.25415749  17.47476827 -12.47010249
  -6.80633358] [ 15.46925516  37.43348687 -15.16182798  -4.68408575   0.9392535
   5.08119879] [  0.56381916 -23.24871361 -12.69565839   6.43263704  -9.51000918
  -7.7567498 ] [ 12.63774752  -1.8389181   28.93898621  -4.7094146  -15.18366512
  -7.66649589] 
152 [ -5.5547573  -18.63454663  -8.07057104 -19.25577188  14.92846662
  -2.15364656] [-14.83348208  17.44425056 -15.75968186  14.92743838 -14.46558294
  17.32878972] [-9.03039891e+00  1.30018280e+01  2.23756310e-02 -4.81725988e+00
 -2.28706544e+01 -5.40311351e+00] [ 22.92806143 -11.2932304   -4.94247412  -5.97768518   7.48132266
 -26.0200443 ] 
153 [  1.04297496   8.63854169  -8.50798769   1.89205222   4.88030104
 -19.26503944] [13.77178265  3.71517746 15.47816963  7.1367685  -0.02314778 13.65369685] [ -7.3662235  -14.44969181  -9.11863646 -27.08824477  15.43636245
   1.0928254 ] [-1.8662745   9.66580895 -2.8301717   8.76630899 -3.73905811 -9.86416959] 
154 [ -6.18857635   8.16342305 -12.1109544   -5.56708447  10.38528122
   0.96396784] [45.36079247 -4.16938249 22.81049399 -8.27546115 10.8110184  30.05598303] [-22.07144243 -13.06936091 -23.60406652 -16.80492205 -13.33248732
   5.13361548] [ 15.0818785  -12.54813076 -19.77403242   7.3561461   -7.97757866
  11.67484148] 
155 [ -3.59994417  -3.60227552  16.61194025 -20.32225741   4.3560511
  -1.29728772] [  6.74404709  -2.11230388  27.62879184   9.06027441 -25.43383107
  -8.09667136] [-7.45247954 -6.55486709  0.54639782 -6.56455369 27.38048247 10.58905618] [ -4.58309666  -4.48294632   0.97494933   8.01553913   3.87037981
 -21.67420561] 
156 [ -7.85913076  -4.93505505  16.29639794 -16.75403296   3.65935912
  -9.58420742] [ 21.15787998 -35.72985978   0.61912146 -14.93071411   0.27097566
  26.467342  ] [-7.36821747 -5.89924044  1.61009542  0.04665927 -5.25391985 13.47022097] [-15.81823904  34.48901586  -4.86046028 -35.08738143  13.16602721
   7.94589339] 
157 [ 7.35329441 11.70088044  6.79274722 -6.96929764  4.39667032  4.68302361] [-20.28691813 -42.50831148 -47.36814565  -8.34904469  -6.84362512
  -2.44570784] [  5.58168252 -13.20200399  -6.93741794   1.24915278  -1.30897826
   5.15655224] [ 59.39727929 -35.00052908   2.00684196   6.16780452   4.18721846
  11.38961572] 
158 [ -5.22660098 -13.49002912   4.50443079  16.61969769 -14.61114293
   3.72808796] [-3.8259654  -7.2350077   2.22658265 -4.28139085  3.84272871 25.92472704] [-1.88129969 12.31685697  9.4257559   1.31710793  3.51788742  1.69104427] [  6.03519428  28.20114124 -10.17523502   6.35417705   2.63975231
  18.95471534] 
159 [13.63756696  0.98100628 -1.85004818 11.79651245 -1.10007188 -2.01887096] [  3.88736203   5.54445424   3.95687797   6.84049585  -5.59958147
 -12.41693919] [12.26744192  2.4533344  -9.64673744 -6.63972683 16.53513455 -2.14069382] [-21.5173853  -15.88238138   6.48122191  22.00275536 -24.5364808
  -7.18856112] 
160 [0.91639874 0.06030294 0.92241445 0.83597595 0.25215292 0.36137979] [0.40170878 0.33194156 0.74542916 0.74803548 0.07113928 0.09176192] [0.9350036  0.22573182 0.75532838 0.60660743 0.30641509 0.35158255] [ 0.56002115  0.225024    0.69178007  0.55808584  0.21216055 -0.52521942] 
161 [-9.46996941 -3.48970641  2.93805867  1.44947634  5.47056401 -5.38181806] [52.98044071  3.05032055 21.40042774 -3.17347779  2.43608778  3.71626127] [ 1.06573916 -8.51483875 27.63204454  4.77028675  7.3250762   4.46145732] [-44.95542362 -30.73480336 -19.43383765 -27.46005208  -4.27053613
   8.92738863] 
162 [ 9.94977355 15.87074797 -7.19621787  2.53202205  9.0198836   2.90413229] [ 13.87238432   6.7003136   -8.93875507   2.59059876 -20.08715398
  -2.09716668] [ -9.55776061   3.80366191 -11.90350951  -6.70049495   8.03320282
 -10.08259774] [ -1.87173602   4.53358664   2.42293962  10.92907682 -10.28348254
  -4.4794556 ] 
163 [ -0.32918928   6.8149021  -17.86142178 -14.9943371  -11.14381628
   2.38722246] [31.82850565 15.15769249  3.09772436  6.84099811 14.37975641 -7.45232937] [ 1.30909139 10.83529096  0.17562784  3.89889603  2.10968345 13.15563385] [ 0.41984543  4.24054461  2.37559839 17.34226238  0.06383128 -3.87004255] 
164 [ 3.33467199  0.09570556 13.650873   14.30803678 10.46965659 -4.62069343] [-23.67008607 -15.57564541 -17.3548282    5.85969947  12.10992632
   4.41742362] [-3.07857283 -7.73859522 -3.27400225 -3.98367435  8.40345315  5.4897537 ] [-2.1528234   7.52466938  4.83146526  7.09666116 11.1991818  13.18285575] 
165 [1.1673424  0.86284292 0.1399294  0.39869317 0.60679137 0.39957348] [0.79225998 0.42934663 0.62088859 1.0363639  0.29531318 0.97390279] [ 1.18671871  0.44053958  0.33903269  0.31064909  0.40848752 -0.03646087] [0.56462467 0.06779121 1.34177116 1.22606188 0.26503913 0.85047028] 
166 [  1.13269558  16.27185194  29.62038845 -13.14747243   6.33500124
   3.5303673 ] [ -2.89795068 -29.93825353  -6.98675575  -7.776198     9.76283395
  18.37614841] [12.20590481  3.84626875  4.95048199  1.16185796 -5.15519832  9.94354706] [  1.39673696  12.14766585 -18.6559926   10.90378877  -8.20076895
  -6.43511866] 
167 [-14.05317831 -13.98637766  -9.65325202  -1.87616369  -2.10147713
  17.2700571 ] [ 10.57254142  -1.83780612  17.07994097 -24.93165206  23.76508933
  45.74133815] [ 3.78245213 13.81441677 -4.39569047 -3.15862745  1.34291498 13.58051595] [-21.01095767  64.43280292 -15.52632109  -0.29221867  17.40831504
 -10.43308311] 
168 [22.25801275 21.0806782  -9.21955882 -5.99273118 -3.32940325  7.10339385] [-33.43561732 -33.55462023 -21.01623748 -12.98834832 -11.57344659
  -2.45520711] [-10.74128904  -3.30173412  -5.39831995   1.12055183   2.48229458
 -10.35503443] [ 10.99660511   7.06504448   0.66403121   6.26332716  -5.53692874
 -14.40639774] 
169 [ -5.94143754 -18.09289635  -0.87819779  -0.42885305   1.62503363
   4.33245859] [-24.19541756  -1.90128204  20.17458139  25.60983856   3.16096116
 -14.27766778] [-14.15133769 -12.97334672   8.99014885   2.53441591   6.97403842
   2.09929005] [-21.47693829  11.25897408 -19.41387303 -13.19496836   8.2287717
 -15.44726814] 
170 [0.24227964 0.71427998 0.43389647 0.01442259 0.5393663  0.18897796] [ 1.05776479  0.25100606  1.62648948 -0.23381595 -0.03640966 -0.071133  ] [0.23949405 0.66634571 0.67018373 0.44373854 0.95055997 0.92127605] [ 1.06575279  0.16512918  1.35064637  0.03703133  0.03032941 -0.19147724] 
171 [-0.19330102  2.32332717 -8.19430742  8.80565098 -4.92077311 -7.04224655] [-1.87014195 -1.63001145 20.26604288  7.10680085 -4.56709157  0.78127047] [  9.8743276  -11.97883329   4.90028789  16.59405778 -11.03075129
   4.04889518] [  2.09118458  14.93760463 -23.56958183  19.93977889 -16.56446307
  -9.33909583] 
172 [ -3.98135047 -17.7986498   23.24644127   4.47236509  15.91195759
  -1.13874991] [ 11.55188336  17.40872132   8.14942588 -10.87199866  35.03497681
 -11.41924259] [-10.33082474  10.33115164   4.2656921    9.5249521    0.76557516
   2.85763407] [29.54221261 17.80975844  0.62848163 19.21550331 -9.32992209  9.65148603] 
173 [  8.93002932 -11.5500327    3.25583407   7.52690121   7.35915927
  -6.10601685] [  1.24504076 -10.056135    -6.99937401 -17.46970495 -25.69330472
   1.40583387] [-2.95117872 -3.01864321 15.42707249 -5.32830548 -0.40136676 -5.93477638] [36.53791497  4.87252564 25.4484968  -4.45561646 13.18200018 -2.9996177 ] 
174 [  0.4874747  -17.71605681  -2.09462347   9.17829814   7.50748962
   2.67264661] [-24.18635807   4.96511582   5.23312549  21.3053065   17.16592509
  -7.13871204] [ -8.92591607 -29.01315128 -21.24122197  -1.10654327  -4.92790551
 -12.83483396] [-26.43158863  -7.32434896  31.41452173 -18.64217379 -16.85829053
 -30.4062361 ] 
175 [-19.71367488   1.40441028  15.36727193  12.64656816  14.56227204
   4.51490874] [ -1.91807788   3.69736941   5.9010305    6.77081418 -23.35619752
   1.57567565] [ 0.17416648  5.69642271  8.3304581   5.44112074 23.68768043  0.45253756] [-11.86430597 -28.00247366  -6.91180993  -1.71937367  -9.00075961
 -12.42275964] 
176 [  3.32088734 -10.99880387  10.09691739  13.58155579   1.38330453
   1.04829722] [  1.46408179 -13.60495744  -1.27798103  -9.03707488  -7.31683075
  10.69602193] [ -6.19863562 -19.81936776  -8.82076434   2.03714583   3.68831481
   8.85412499] [-10.97600532  27.42723779 -14.22552646 -24.35832634  17.62835076
  -8.12789804] 
177 [ 0.95935708 -0.1927409   0.63675698  0.9247339   0.78488182  0.60448616] [0.13385258 0.71958937 0.91739371 0.29670132 0.59939339 0.31806546] [ 1.18287686 -0.09305557  0.71994695  0.95600701  0.70005566  1.07253381] [0.05742702 0.63650513 1.07245378 0.44601244 0.70143043 0.45972526] 
178 [ -5.91214728  10.26153674 -23.93506124  11.20885217  10.75851571
  -7.59313377] [  8.53009824  30.26543252 -34.86986466 -10.38830777  -9.29302544
 -17.89553943] [ 9.02938492 -0.6230264  -3.26263129 -0.3606391   8.8228643  -0.73541689] [ -7.9583214    6.09774434   8.92552528  27.36209879 -16.80589133
  -5.83672513] 
179 [-11.23908505  -1.06180208  10.43205368  -0.33876958   2.17366321
   7.44759628] [-10.49877415   8.78947575   7.78042146   7.83437273   7.23001793
  -6.81232145] [  3.12419146 -12.62846174   9.60332233   2.61953315   2.95691513
  -3.00269455] [ 29.30022712   6.47302482 -20.77716514  -1.39236615  -3.36335016
   1.61593943] 
180 [ 14.11626723 -18.33863133  -1.39798659  -0.50856966  13.10166585
  11.90831654] [-25.29806194 -15.52985665 -15.94665876  -2.63774719 -14.74724098
   0.86980678] [ 9.00507218 12.03739216  1.11528934 -2.69245784 -2.9477864   8.75161342] [ 12.16530017 -14.75142189 -14.37366811  -9.67648103  12.33959205
  -0.79605714] 
181 [-12.48260952 -17.63041564 -16.37394852  -9.03442738   7.74308944
  -7.25949722] [24.34921194 22.1918428  -1.24755828 10.59339485  5.64651614 -3.01412399] [ 11.73046206   7.0279017  -21.63520302 -13.51902163  21.05447324
  14.28298062] [  0.21316949 -13.74757344   1.55161789  -6.1908618   -1.30610565
  12.23301516] 
182 [  4.16248401  -8.89820388   3.20599314 -13.05425595   1.10755106
   1.1635664 ] [-34.64766736 -22.33389388   7.11259955  -1.9147331  -14.4250615
   1.21547662] [-11.50439126   1.08478398   0.44021316   0.13970933   9.79662435
   1.96771568] [ 20.26386723 -20.597333    18.65181436  22.08180389  16.56467606
  -1.8765443 ] 
183 [  5.76989356 -12.28086151   8.85616978  18.83225898  18.51081291
   6.18239663] [  0.04260865  -2.94027483   7.96051217  -9.13581896 -19.76090387
  39.56522509] [31.39647546 37.01640214 11.31751884  5.80750489  9.83741254  3.98035377] [ 59.68968356  75.50622782  15.6301321  -10.99983449  22.44383036
   6.26725153] 
184 [ -9.08312965 -25.38384685   4.09935764   7.56139639   0.66688739
   0.31484849] [  5.06191044   8.84976389  11.91236462  12.78449241 -20.17357977
  -1.02847501] [15.55830027 35.59636564  3.09364674 11.76025648  4.56568203 -0.63246786] [11.01253664 28.08829983  9.33439199 -6.90985147 -6.86486571 -0.42624368] 
185 [-13.01235402   2.08524877  16.53197343   3.10410448 -14.41548977
   9.58626797] [ 4.68283567 15.59237298 23.94546585 -5.25436674  1.61582732 -7.86161534] [ -3.44423105 -22.10537607 -19.90290688   2.92988119   1.25814183
   7.68073329] [-22.08690542   4.97290463 -37.93170746   5.36638842 -13.44727961
  -1.6814446 ] 
186 [-16.81276451  -1.51569939 -13.09169775  -1.57667089 -18.39104991
 -12.10671642] [ 26.13109014  -9.68522348 -29.73706268  22.85066879  23.64327419
  -6.0989803 ] [  2.28884466  23.2026754   14.5083433   -9.19080189 -15.35181374
  -2.88221178] [-11.16680414 -16.98893201 -31.05153043  31.2612329   -1.53026122
 -39.35520825] 
187 [ 0.914201    0.0118421   0.92316167 -0.34148162  0.52988692  0.52660979] [ 2.20725468 -0.64302467  0.75348083 -0.32055615  0.36135167  0.1650555 ] [ -2.74938318  -3.35474631  -0.52834161 -13.52743452   2.91352388
   6.62200264] [ 39.71591419 -25.49553071 -10.13515179  13.52462294 -10.50038889
   2.20670736] 
188 [ 0.99749597  0.825532    0.4288465   0.56392448  0.37521709 -0.11603481] [0.73136239 0.67855554 0.52750496 0.46968193 0.94649139 1.12392558] [1.0960218  0.86084262 0.37814401 0.52112891 0.41018122 0.05196332] [0.80746694 0.8184813  0.60025371 0.49215609 0.76637694 1.09843455] 
189 [  2.43216358  10.05043577  -2.90699611 -12.50884579  -2.5455741
 -10.81551806] [ 9.67016081  1.48560152 -3.07504634 27.03731923 -6.05701508 -4.70675831] [ 1.68346002  8.01687868  1.21625501  1.43127501 -2.31662025 -0.67986208] [ 3.24722991 58.02836409  9.64444413  1.61379663 -1.58036202 -7.73394696] 
190 [ 12.36864066 -22.52942462  -2.55458024  -5.20396169  -1.62919229
   3.30085103] [-15.93135803   5.45388534   8.8859144    7.3260806    5.56308071
   9.35586477] [15.49023017 -1.84110814 -0.48442105 -3.81800568  2.9000232   5.57051129] [  7.3735622  -10.74520525 -13.06035476   3.25902352   9.09156173
   0.9471629 ] 
191 [16.35809836  8.70589733  1.29371633 23.53733173 13.27762636  2.84297467] [ -6.34822343 -20.47495494  22.52007639 -17.24881533  37.74594826
 -10.67079738] [ -4.34795353  11.76164445 -17.75470275   3.38070846  11.24663804
   2.96931425] [ 0.04421693 10.09730964  3.1443572  -9.51714093 18.03759734 -2.97791158] 
192 [-4.00363076 -1.12262492  8.61752721 -6.96667812 -1.42153769  2.64071129] [  2.85538897  -9.05976934 -15.14182615  -0.38232532 -10.02755722
   0.9851075 ] [-3.06884707 10.6295362   8.73018497 17.23867944 11.39462213  3.91460413] [11.84708136 -7.36737202  6.16195218  2.21711046  8.47998316  8.7711948 ] 
193 [ 2.68488921  7.76600862  9.23296823 -3.29748954  5.3291812  -0.62592146] [-3.95868814e+01  1.35262553e-02 -2.75300310e+01  9.20281404e+00
 -9.65085133e+00 -8.69260192e+00] [-7.71876551  0.85347112 14.52522908 16.39957358 -6.9473342   2.27566399] [  5.23465539 -10.95082071   9.85043037  11.96627492  38.10614739
  16.13595049] 
194 [  1.11455346   1.57117259 -16.84270129   0.83379117   2.8407977
   2.37463736] [-3.95320593 11.44260424  1.66670936  2.95938035  4.65675637  0.78518888] [ -5.86997608 -12.09818855   8.31042042  -1.85161837  -2.60238573
  13.07110798] [-4.68998214 -7.3999017  -6.44759606 22.6852688   0.46245739 23.84080703] 
195 [ 9.047711    6.60044577 29.85866743 15.56594566 -4.10637139  4.19380781] [-10.15153325 -11.22332006  12.05181365  13.71766187   3.28239968
   8.6586458 ] [  3.61253922 -20.92042179  -3.51673507  -1.05310077  -5.35802628
 -10.51149189] [ 13.43734298  10.31174645 -14.33524358  -8.0069204   -9.2387277
  -3.32399715] 
196 [ -1.25546704   7.32490989   0.95991649 -12.97747829 -23.24703063
  -0.78426454] [-32.37589404   8.32997618 -18.10345739   1.45472396  -8.11859364
  -1.31947679] [ 3.0874805   4.74432143 12.57535787 12.57242995 10.06333462  3.76974247] [ 16.39223607  14.54482225 -26.03668128 -10.9130481   -7.67053824
  17.57468309] 
197 [ 27.88040765  20.38242982  12.15385906 -12.34800632  -3.02425223
  -0.80650691] [-15.65866742  -3.74906973  -4.22926566  19.08295653 -10.70042435
 -16.12163459] [ 16.6418534   -0.72449393 -18.80795836  17.23881864   2.9398595
   6.75697191] [-10.61465566 -11.83413758 -37.86640808   4.13861749 -18.45206027
  10.47821433] 
198 [  1.17091383   4.8187943    4.37684725 -18.4764605    8.58682991
 -18.14507516] [ 13.81485756 -41.76856309 -28.39453971 -27.85987905  18.32278589
  15.11855799] [ 17.44530219  16.12083645  -1.27212548  -3.96874918  -5.38298508
 -10.22497626] [14.30384151  4.19578671 22.23489366  1.51116399 30.22280146 23.8870609 ] 
199 [-9.97172386 -5.88184684  1.64883282  2.59128054 -0.73452337 -0.02840921] [-1.68958357e+00 -2.89538718e+01  9.83147599e+00  2.21970640e+01
 -8.20101901e+00 -8.95541881e-03] [-12.78297697  24.33366952   3.27062498   8.16111469 -13.06395876
 -20.12352184] [-31.05087921   2.68590574  11.9471333    1.33302014 -10.25228724
   8.14772441] 
