0 0.9223831769961927 0.3415535696680134 
1 -0.1709478553589479 -0.7032730816507564 
2 -1.8375798118428008 -0.6933292553044841 
3 0.29808685164191 -0.444890671402386 
4 1.2018612755437874 -1.2713476401176418 
5 -0.6381421986977327 0.3385184182647248 
6 -1.3048818535299556 -0.8046453782797223 
7 1.15459370725569 -0.573145782606685 
8 0.9982904468855889 -0.4510657588460513 
9 -0.5363239677275821 -4.2780951824204285 
10 -0.6280502749381889 0.31520419643371317 
11 -0.029784633899497887 2.479183103417579 
12 -1.5962716198900122 4.424673784642106 
13 -3.3991925899069066 -0.8118248990643763 
14 0.03483417437954134 1.8806545312562009 
15 -1.5707112251349626 -1.6456280861970387 
16 -0.45218220988175223 -0.7495481220709203 
17 -3.007493470473046 -0.6668796453668507 
18 -1.5682468208186677 -0.4880840235915102 
19 -1.0109437686650038 -2.279697531643962 
20 -2.2515478152141988 0.37620027167978215 
21 0.21635212047686153 -0.2785963815386732 
22 -1.8492892736502793 -1.0490425567341346 
23 -0.2848832154618038 -2.7037098057212963 
24 -0.32741152377131477 -2.60707880634412 
25 -0.4138280469433068 1.6913774246774518 
26 0.11153135962459913 -0.8305564339629214 
27 -1.1561559226957034 1.179041961537301 
28 -0.019584736644883128 1.3998230958200897 
29 -1.6219912430048578 0.04746567156617298 
30 -1.481746421451197 1.0131252304698235 
31 -0.5382598569756256 -1.405570661395192 
32 -0.40778516718116514 -0.7573225870972696 
33 5.233985662690727 1.0366316005503533 
34 8.40708297314963 -0.0539296058847148 
35 -2.3520411913153207 0.3365586533493152 
36 -1.3100199598389166 -0.049892332820610216 
37 0.19128198227803372 2.118497369320852 
38 -3.8731042432171834 -0.09158757089430361 
39 -0.41558367445076905 0.91944914231726 
40 -1.107442829533503 -0.901668532688406 
41 -1.3319984377463672 0.4639036182541285 
42 0.8854646910967605 -2.800645447600863 
43 -0.346374152415213 -0.3589634332430356 
44 0.32230900545526775 -0.05312420864092659 
45 4.569660247944803 -2.0870204186279944 
46 -1.1526358137725026 0.9493311833890509 
47 -0.4468510085089222 -2.2150352387115144 
48 -2.4608821968285857 -0.1952143677059266 
49 -1.1093252613936124 3.9054264440504194 
50 -0.4978713253878196 -0.6164573067392044 
51 0.23198591393301146 -2.372641050464503 
52 -1.0291642249689479 -2.7302245998010783 
53 0.1618936822498789 -1.8082728273869866 
54 -4.107245193508612 -0.13832958158471884 
55 -2.399194534637162 -1.5672511993442404 
56 0.8613712812926658 -0.6155653519961745 
57 -0.5673352115483079 0.6086032690686758 
58 -0.3140893086351992 -0.3982797915982401 
59 0.006132835148428281 0.3975247606807155 
60 -0.43734308070450423 -1.7398223503831178 
61 -0.5904379529166882 0.27285379651488745 
62 -0.8956654293989512 -0.025058345396388015 
63 -0.645872403730018 -1.9547728425329565 
64 2.982998359231103 1.0201850047807017 
65 0.12560209776004153 -2.156225215394651 
66 -1.7387082897609578 -0.47680910234005264 
67 -0.5713138200034579 -0.3412722905321224 
68 -0.7126909946286863 -0.3354875558401146 
69 -1.4836214193281636 -0.275919679481041 
70 -0.01558425999887111 -3.2412810433489625 
71 -1.9559729443631466 -1.5934049163725996 
72 -1.4806449973533624 -2.8770610482043866 
73 2.1713770134787485 4.140688403806061 
74 -0.8524586125442236 0.3990017093746815 
75 -0.14427152691837905 0.3487004975732022 
76 -1.6348812374004031 -2.0981160243012127 
77 0.2936935972697597 -1.4562491439558494 
78 -1.1067993742164843 -0.4449724185262448 
79 -1.6700473436496386 0.05341055971507511 
80 -0.12143623116744004 0.0892674537422159 
81 1.7501378718900527 -0.3871107172121736 
82 -1.485872648384855 -1.4857004888191987 
83 0.1523584618079834 -0.21719150346002028 
84 -0.405785109740466 0.11764787043941048 
85 0.39686214642744544 0.42096800171267856 
86 -1.4757845660568365 -1.4115295739474512 
87 -0.47737963139151757 0.17580038095566503 
88 -2.4774337672829634 -0.11496286917795119 
89 -0.9185805038169259 -2.2230086355167655 
90 -1.1368291244988902 -0.28316795202399797 
91 -1.0667411629690369 -1.1453477075832397 
92 0.49369690481843853 -0.15443160789722524 
93 0.4796543813787152 -0.16072384336131562 
94 0.01647119298800601 -0.31919910585018263 
95 -1.9804443887488972 -0.3382259730886794 
96 1.776341045412774 0.04115300713291891 
97 -1.54685871336518 -1.719095087446478 
98 -0.24872836555849465 -0.9731095661441532 
99 -1.4781022036894924 -1.4620140865757827 
100 0.05563458160109817 -0.49229711997120995 
101 -1.6656842895379935 -1.6590845320867962 
102 -3.2931883482013973 -0.5176537443978116 
103 -2.9885720381563012 -0.14039610666600438 
104 -2.1810525002872865 0.3585488190458592 
105 2.6462311782478642 0.0920624536459925 
106 -1.5965325110478528 -1.2995486855057448 
107 -2.1540687722349987 -0.19933481553305926 
108 -0.10840403742866994 -1.3106288283113272 
109 0.5680007499824227 -0.5293362188950662 
110 -0.9870595694914969 -0.6619266047183989 
111 0.22737093104577752 0.02982625203810926 
112 0.03696480918010176 0.11106363328797203 
113 -0.1870164338634096 0.013760827440098683 
114 -3.0228468911646096 0.2995152464221379 
115 -0.3643352713954642 0.19105635757143244 
116 -1.1595694522855071 0.1446927055622086 
117 -1.8412752148692182 -0.03260009755840522 
118 -0.7190384290247586 -0.8104408367353961 
119 -0.14789708599318238 1.1638550602440245 
120 0.0986551126589795 0.3156271596485928 
121 -1.6127342533404274 0.7253691881326484 
122 2.7955904712025914 -2.239678775722391 
123 1.2489080629814453 1.4776933138744286 
124 1.2189950526161486 -3.2906587608582747 
125 3.213447247030627 0.45832059286453597 
126 -0.9202637513441059 -1.028289063366748 
127 -0.43665445010228565 -0.3298416397064964 
128 -1.0114004286330933 0.34772227511904014 
129 -0.277843960587347 3.933441378253729 
130 -0.5376712309999815 -0.13776521809442582 
131 2.493350479133159 -0.41260876801713336 
132 -0.6908411635525373 0.15723209875482194 
133 0.9403389038123109 -0.35859325140057124 
134 0.4452595168774623 -1.636253377323278 
135 -1.3470235674882656 0.10173806564224053 
136 -2.580176081212231 1.8090124694441958 
137 -0.9594296659314523 -0.14482770116264626 
138 -1.9294682656428168 -1.9083184599006182 
139 -1.6232801915985244 0.12744617116221463 
140 -0.07485702839474426 0.14944952633488157 
141 0.18211173666518163 -0.06980401249260954 
142 -2.2512682158544672 -2.2196978794067923 
143 5.297011054286064 1.2028013524371124 
144 -2.3706396949853676 -0.375877204297609 
145 -0.19640356516321938 -1.4991798238590932 
146 -2.3394908579396385 -0.7364294229468131 
147 -0.6439037269041409 -0.5341048188896751 
148 2.0553825492880042 -0.4603295777289296 
149 -1.7436109384760146 0.38331942370025884 
150 -1.2783806195453682 -1.264862634237134 
151 0.15512848167847432 -0.7500539911131855 
152 -0.4550969482319508 0.0685283320726793 
153 0.1425889692333834 0.3354569152811291 
154 4.878340440132203 -0.3527807425971811 
155 -2.0145897630482947 0.7895726909977671 
156 -0.02571890275888783 -0.09875954077991261 
157 -1.2222061461606384 0.8752957737836341 
158 -0.6848533424623099 -0.9506455507010245 
159 -0.32830493192225807 8.219687022105697 
160 -0.8894105379673126 -1.1894611412666796 
161 0.846722382205902 -0.09248781606698386 
162 0.15890250294677438 0.47909298373658216 
163 1.9932391069354471 -1.0633773051130648 
164 -2.043415479520299 -1.7315708359154947 
165 -1.7884260960230327 -1.5993493361702813 
166 -0.3342674671106368 -1.0293250567139651 
167 -1.3555543504698857 1.45014240389313 
168 -0.09762416783082539 -0.5357692007436232 
169 -2.6728673723511824 -1.4184819938722577 
170 -5.679849567025979 -5.667032110375567 
171 -0.03837371909280756 0.3187089941416902 
172 -1.0042119858619454 -3.2040672953274223 
173 0.5396492352581219 -0.5870027297153794 
174 -0.14570393248625987 -1.745625856085273 
175 -0.07171567754305129 -0.4482681579770651 
176 0.12285067709325809 0.5404983638062044 
177 -1.3497281382486241 -1.3176836704669141 
178 0.9889778538253056 -0.5402031381750569 
179 -0.04390988243148487 -0.1636527718649527 
180 -0.00561646512473001 -0.6600232335204241 
181 0.6413470989112147 0.012468195649769195 
182 1.8592334026866217 -0.18776986440728605 
183 -1.8361007767528719 -0.6902729532296336 
184 0.5411047202101255 -0.24514363268221848 
185 0.7916724395791666 -0.06971389277756496 
186 -3.4429555660004896 -0.4614841042719705 
187 -3.5991234720323764 -0.26244292251697865 
188 -1.1499855029763053 -1.1884103247072382 
189 -1.3152113505643983 0.19671292410347874 
190 -0.5631651548826433 -0.7151676849968218 
191 -0.7020438323904137 -0.7772658776760214 
192 0.9654943119367781 0.06492978137163792 
193 1.5414158140828014 -0.1524138032486988 
194 0.289895393266317 1.6916248111404215 
195 -0.3585846984670656 3.298738413479436 
196 -0.33882268308269103 -0.3153641972129295 
197 4.812225307621862 4.401404341876082 
198 0.8305368623956573 -1.218473190209531 
199 -0.12445926738462086 -0.9382509744502905 
