0 -1.5765031291519596 -1.694969701058768 -1.7216799523827817 -1.7324585233027643 -1.6786123308206438 -1.6482699264149399 -1.3787564632690996 -1.494710541399043 -1.1135046798875918 -1.3136686592470985 -1.5770559757722058 -1.602957332119647 -0.472424006888863 
1 -1.453826046733337 -1.5523856188604421 -1.58234483158078 -1.3930603750639898 -1.081501596435849 -1.8063940156382496 -1.3010050081077047 -0.4347042764558478 -1.1567422721656249 -1.3179752474281043 -0.7009014685613201 -0.16540602971623874 -0.8259466968413081 
2 -1.0290916406867021 -1.8695940899656687 -1.9175946516658777 -1.9529955148293392 -1.7994840127020526 -2.244867248737455 -1.3528098423420944 -2.1368197002002636 -1.4553928168919994 -2.471202374653079 -1.1091309017337538 -1.4256081312954003 0.03563234409870364 
3 -1.2836456746881828 -1.7433462484316902 -1.855803011205638 -1.8933442449940694 -1.9010925234222735 -1.7358143493105032 -1.5270338006637116 -1.408551822929392 -1.0939770006523988 -1.0443918667921905 -0.6845938108901317 -0.6220265426215825 -1.0447035642217917 
4 -1.3464603277986438 -1.4959500791508988 -1.564454112863448 -1.1620448766711093 -1.2257648357186566 -1.864333978195618 -1.240752364153086 -1.5637126828234564 -1.2428559432169266 -0.984607730204027 0.19885520838455636 -0.6599510715936979 -1.052489894607021 
5 -1.4101734078165327 -1.7298937652512854 -1.9099837293015156 -1.9432306511824036 -1.9473818627054011 -1.7358143323302038 -1.5766353125623285 -1.4238188152405205 -1.4316534329304043 -1.3370508609863405 -0.7511900129003163 -0.45055646437694064 -0.6294231162044037 
6 -1.415264435787081 -1.5144200065681566 -1.5396527439869692 -1.5042674356597725 -1.541256846889676 -1.9766065797349237 -1.5150452568907529 -0.8655124435794901 -1.3531411948454097 -1.3687223993556117 -0.7341951950661105 0.014274558585416819 -0.47476410375377237 
7 -1.3462345889522909 -1.6457833446800534 -1.7352454255310328 -1.6490658523237904 -1.5186951758342753 -1.0770111544733822 -1.432628009406098 -0.9918531435697162 -1.0786572597599553 -0.774739123188666 -0.9220004501512469 -1.2218638670879076 -0.8191368398322237 
8 -0.7573207036681328 -0.9056050873526109 -0.9935401528870813 -2.00909871181934 -2.456536465916112 -2.186395621484771 -2.041173456786699 -1.120521646993382 -0.7580214585131544 -0.8634923270248966 -0.35148143027509093 -0.6843583702297389 0.17291210316387184 
9 -0.49902594797040856 -0.581535301870584 -0.7832209650175085 -1.418570308506811 -1.429107909239746 -1.3406907411336675 -1.3001569777919715 -1.7800637686270262 -1.3947203881949657 -0.696810342884029 -0.694629334500205 -0.8127344684366737 -0.41334202400518105 
10 -0.8605972708942231 -0.9099286082793174 -0.932527134434536 -0.946856931627975 -0.9494430084318892 -1.1017412636520896 -0.6528916329517368 -1.6672205306393382 -0.9277906570882787 -0.6989863985253488 -1.0942740676676395 0.005324057056463022 0.975095790824547 
11 -1.366578474303789 -1.5078708192318058 -1.5705996872604642 -1.6207433386194812 -1.2696906996757096 -1.0347753427141888 -1.7317452303850764 -1.6835060595637614 -1.3523553099450312 -1.608325144038454 -0.23999467981925438 -0.7883687864327211 -0.7870677767866224 
12 -0.6798882945722591 -0.7551648786465934 -0.7872106969890019 -1.8733076401412303 -1.8219115372419998 -1.0669761386332095 -1.2770559751806208 -1.5809461086310672 -1.557633117706558 -1.2461344767805014 -0.13000789185960138 -1.4900916922865934 -0.442085903988236 
13 -1.4664277722074237 -1.6075100514645415 -1.6429252016465796 -1.666817992999826 -1.667222478986561 -1.3148774642606695 -1.2628795910233963 -1.3890338839790626 -1.0491470471886912 -0.31410315067417016 -1.7225799917403848 -0.9011327021999156 -0.669217051593235 
14 -1.1390671227663565 -1.2148506307946187 -1.2645650607844094 -1.3375968278324706 -1.358847049355475 -1.5864422542690362 -1.6234169038225328 -1.5848107529329627 -1.374669408590285 -1.250206629366647 -2.3297118470423257 -0.681929944665536 1.027475849762261 
15 -0.40255606281474665 -0.4763889945105611 -1.709243472471098 -1.733659681069181 -1.7395052348265643 -1.748756502701125 -1.7019045259195562 -1.487308235834048 -2.0121433275236296 -0.6474535736799782 -0.9913016604602835 -0.9335072883774376 -0.8409804388848816 
16 -0.40419071142253954 -1.484771440738045 -1.5100497709600886 -1.5050533483266326 -0.9158350695614548 -1.4119543385134918 -2.6829683678661236 -1.2026707127568999 -0.9499087402022903 -2.0164699570556546 -0.32958081717267845 -1.1457271016878712 0.7553284341461194 
17 -1.7381454669607965 -2.2673208698601037 -2.456662730195913 -2.5217961314935007 -2.532734085173739 -2.5235898125252576 -1.554944100357417 -1.06144306222194 -0.6846677124955216 -1.0679484102608425 -1.035071319068441 -0.7447088768235104 0.08090206047968684 
18 -1.2143006624581782 -1.3513255391397514 -1.3778661647114792 -1.3909556336431197 -1.3968419368649432 -1.3995973344679264 -1.3779586018160692 -1.1919342597739053 -0.9375143603645744 -1.068679336285479 -1.1262770923264807 -1.4598530828690102 -0.04425148384519098 
19 -0.6936375367255219 -0.7753588263670947 -0.8293282134786435 -0.8806878536432838 -0.9216031030690978 -1.4017670194854284 -1.140109054507314 -0.8545097280376357 -1.1596640935899132 -1.2699661854002335 -1.973343412089223 -0.24150722451702022 -1.130162436949651 
20 -0.04987692189896986 -0.1459727531543683 -1.5872297639617416 -1.6346888374613209 -1.528043161663574 -1.0079905681069388 -2.002800351241585 -1.7872470018678022 -1.740751797936646 -1.1978863745808048 0.09444950684755737 -0.15149947432244543 -0.13211316647402666 
21 -0.06503902586960125 -0.8159112650172919 -0.8724715015263764 -0.892650058690699 -0.8957297169870442 -0.8975330431888084 -0.8981432860724885 -0.882159409127225 -0.6137910815421128 -1.1920542081335421 -1.339490384448799 -0.25734625767505687 -0.6217550725809604 
22 -1.3108706843378235 -1.4626326699716543 -1.5405749960752595 -1.5408358823060007 -1.2564342949140626 -1.6742060761366244 -1.2864922002441692 -1.4642234689371776 -1.0015790667605056 -1.5645466816025024 0.2270576717847264 -0.4942880447050352 -1.0113266573633102 
23 -2.0415664190171503 -2.2123735387900303 -2.2642060391495606 -2.291066094201705 -2.304839110592437 -1.7513855211889786 -1.7284339805278444 -1.662956827842588 -1.5267664316910523 -1.8073581127644802 -0.7469196480663036 -0.3256234219661632 -0.4920946095542346 
24 -0.46824731253713775 -0.5566184325989818 -1.7240953113935975 -1.742166311469573 -1.7471680305728867 -1.7397894693452458 -1.2211306016429941 -1.2668272986389186 -1.3119011597733505 0.4239593424988887 -0.9842312154834869 -0.6985236727522377 -0.3342212675418532 
25 -1.570717322753703 -1.6775202412046903 -1.7381481705576625 -1.7843865679427635 -1.797928266973835 -1.8038482602097736 -1.8073836627673454 -1.6012414140237619 -1.4152461922993091 -1.269825369052522 -1.3678301989303363 -0.8979815118089225 -1.2984580780227113 
26 -1.5809493297152803 -1.8155715925637215 -1.894588991458741 -1.9316070486688408 -1.8783401751613074 -1.6561507136718532 -1.8502802071386482 -2.3869113149046104 -1.385078229471349 -1.5419737855938467 -0.9959024012590603 0.22793866788212208 -0.7782928742676309 
27 -1.3819928259089158 -1.5738539265513423 -1.674777852826323 -1.725965832602707 -1.7824743666466203 -1.64491827702959 -1.4491392211654253 -1.3643554835241614 -1.4921182167455171 -1.486269726248937 -0.7865894742064565 0.03186236278524271 -0.4529961994220059 
28 -1.3478615773580662 -1.4569953037929904 -1.5076690157198984 -1.7585179347132969 -1.5682490799913704 -1.3551475545695757 -2.042074173307521 -1.4432000717926738 -1.616580647393323 -0.8365161060470094 -0.8976017318609031 -1.5140451586279888 -1.4992696413017377 
29 -1.4758347648899752 -1.6663116344711046 -1.722252114146944 -1.7391487309246396 -1.7405033660775175 -1.7365180087135386 -1.7031294636401553 -1.6290369719977025 -1.512514097499902 -0.8492291907041725 -1.3434734483132127 -0.9547787008899834 0.348777758815047 
30 -1.3214460498170202 -1.49674302252324 -1.5771093998605936 -1.6343939353899497 -1.5819717231400507 -1.8651668683071327 -2.02837870477863 -1.8379966043819842 -1.8667658810177175 -1.0569425326286985 -1.1130777785836932 -0.7878675852316961 -0.7191023675704721 
31 -0.09756859126568712 -0.13324295107245637 -0.14951983556217557 -1.836470782264018 -1.9718276575438063 -1.3085790663544723 -1.1508268762747405 -1.0181704621006145 -1.0683118779565721 -1.0343176435995711 1.1552325511867734 -0.8085016940722265 -0.31734951273210943 
32 -1.3690203589040457 -1.4537320955247965 -1.4859890202597883 -1.5081052101220793 -1.2250551701873067 -1.1822190361394647 -1.9593117971118525 -1.0798919172082422 -1.3260069023122198 -1.8066166135286568 1.1411419748582947 -1.078408317208603 -0.9228523343355288 
33 -0.6432182168408423 -0.8102824209855884 -0.8787914089966105 -0.9058392054300204 -0.9310344145162444 -1.7897270856692857 -1.0834196305683135 -1.6366027195170174 -1.4172261752678552 0.17368148536359035 -0.2891680509008101 -0.6832504854459899 -1.4186841209746026 
34 -0.19519255462221963 -1.5052027251791946 -1.5410052614829577 -1.5563762121098974 -1.7187535487859693 -0.8230165536055639 -1.4791712301717446 -1.5297374877680003 -1.0614391760617528 -1.2156870947295935 -1.1774444222582563 -1.9325658264784285 1.11739718330845 
35 -0.8885371219706963 -1.13716203453186 -1.2913256160186108 -1.3715576289878795 -1.3893181363978946 -1.3967712957668907 -0.9333501045354893 -0.8455952837609668 -0.7962312869818711 -1.1685628413688123 -0.9393183036796426 -0.13490047206923816 -0.7091287823724619 
36 -0.37898064805549253 -0.4915474096307045 -0.5232468943537457 -1.6726090568114669 -1.431158535367071 -1.6219928938966803 -1.527033800668687 -1.2710400487163214 -1.8464073784470938 -1.1192801077806074 -1.969160005774145 -1.0754642477833303 0.9423369566965432 
37 -1.4807454523120147 -1.5513384132116539 -1.5693777120477725 -1.509984836756367 -1.5415468952269114 -1.5086491161573992 -1.6331300349470688 -1.421393445810144 -1.2145460356613285 -0.9654475406676035 -1.6480131910162623 -1.7970212567364559 -1.3381210214306563 
38 -1.6440046010193505 -1.8517442381625855 -1.9324586828609442 -1.9670785744718102 -1.971676419184781 -1.9734735010764708 -1.5872872570330274 -1.4857766407916309 -0.6283389861628039 -1.403986968546276 -1.4112089708964581 -0.47082320641013675 -1.4344783031834902 
39 -0.8566382625787582 -1.8799445198417386 -1.9594815036234943 -1.9821064569614926 -1.987301447685389 -1.8412458950923356 -1.393306671256893 -1.2693362921888238 -1.7450424407486018 -1.8586072446271138 -0.8123902168676994 -1.1162872434692535 -0.6617881286590561 
40 -1.569327168744699 -1.6745167804548002 -1.7022585539843034 -1.7187976330934303 -1.7188995654656296 -1.7568139716997329 -1.67320092515537 -1.5687955365055408 -1.0074944204838325 -0.5064176522744825 -2.236553087568632 -1.1011218557435738 -0.010501685197905397 
41 0.17520941135890114 -1.7736108709790954 -1.8281859396511233 -1.8487238556980898 -1.8550532115223597 -1.8573545458172493 -1.846807079854246 -1.7202853048163127 -1.4833205604593245 -1.3239018371548177 -1.0828613766362927 -1.0247239813587212 -0.183610231729728 
42 -1.6109484838956056 -1.7520466377965511 -1.7852577690563898 -1.79743423793397 -1.8001380752027698 -1.794495648909073 -1.820322978110008 -1.7860475754871987 -1.4152955588589553 -1.1781030032303819 -0.576189939355841 -0.8121675678743763 -1.1926629148287033 
43 -1.2995573516998853 -1.3730419872152988 -1.391906320445608 -1.3985521560945884 -1.4008044595040785 -1.402163579562203 -1.3825871852243479 -1.0909170503859293 -1.1762831194102965 -0.6645210470264863 -1.3511611932306749 -0.8008594927878778 -0.6260689482007317 
44 -1.6340708037015408 -1.7382164928634956 -1.807004120919534 -1.8548591524942784 -1.8702987847966583 -1.8265332613645389 -1.7529147725141379 -1.662956824649158 -1.3547687761566118 -1.3768209267246476 -1.1680584458464027 -0.6870853984565537 -0.7597977228699625 
45 -0.47235891542741565 -0.818621004761286 -0.9004981403648452 -0.9544751178365161 -1.4334794329712541 -0.8994665983466543 -1.2361730869390435 -1.8073686580147128 -1.3911699843692662 -0.6976213934976716 -1.7442163059930804 -0.6634811492051934 -0.9146773486520593 
46 -0.28039723209994166 -0.324063309233387 -0.34212502670145334 -0.36537531664497847 -1.7777565912159108 -2.304118019180572 -1.5791375052324648 -1.992267299959672 -1.8039593844888446 -2.2994553218258824 0.35234294403758537 0.3010119391938354 -0.845061119463661 
47 -1.500349305377768 -1.7741392108393772 -1.8723469684624483 -2.2644586483728992 -2.304407229163667 -2.2187186044023255 -0.999369308188621 -1.352961251814362 -1.8078497823059432 -1.1665158853404711 -0.8564384685873085 -0.7457319581174596 -0.8259282164734629 
48 -1.5993969892714324 -1.821409767698445 -2.081715119275084 -2.1024658843732866 -2.106213967913614 -1.5127094194385209 -1.6054210904320407 -1.084748561655723 -1.7509476148029088 -0.8709343670147955 -1.8963604701627044 -1.4005736046367052 -0.9859212192106341 
49 -1.5264815124834137 -1.6973313213268728 -1.755967741150176 -2.2608777503968955 -2.2907976433303503 -1.7823152537003593 -1.2578154694708314 -1.3968145024200869 -1.357984806608627 -1.2964548086293695 -0.7779865459638176 -0.9372340107870519 -0.6789251710066657 
50 -0.45634526938590336 -0.9931594230736591 -1.0711612212590635 -1.1301099570928583 -1.63110474553736 -1.2869755405341772 -1.8743392493946616 -1.661537758486601 -1.3239608633262467 -1.2197177976462479 -0.826646740419722 -1.6138159078358327 -0.5882020881901606 
51 -0.4421379016982846 -1.2736331080457932 -1.2931844403900212 -1.3030088518828369 -1.3104700035642838 -1.2894332108036188 -1.345411754231027 -1.2304481628660522 -0.5135426207012563 0.4105487620422639 -1.6237323491452103 -1.3217480197545277 -0.9470310867890039 
52 -0.6554147421856888 -0.7482898010385272 -0.831111979094295 -0.8639689437805356 -0.8793552449858894 -0.8642117895023047 -0.8700117221990709 -1.5663827371365395 -1.2615245472163132 -1.207028604647431 -1.8376156410038598 -0.8671162679976051 0.32921435994172304 
53 -1.0079499969904906 -1.407387749557464 -1.5428812931600697 -1.5882296248691152 -1.6006689331259651 -1.5890058688701736 -1.4031005463867967 -1.2450831281129089 -0.42957376908429235 -1.134152277433328 -1.1044890706338666 -0.7561054196329522 -0.40366647549924695 
54 -1.4155312258070571 -1.504787651135084 -1.5531118567585789 -1.96529156607553 -1.9715896416311147 -1.9729858711682637 -1.5872872570330185 -1.4857772055043534 -1.7844736211153902 -1.1496481615348308 -0.701387856754943 -0.8015146351918195 -0.16733384501367765 
55 -0.10488759992913056 -0.16945572519020913 -2.244213382780697 -1.8304502600331163 -1.8262742642512744 -1.964156140910874 -2.002257526760584 -0.8981341216435319 -1.0525726063127638 -1.6447123914445454 -1.198409116825173 -0.1528022685814287 -0.6426683901319462 
56 -0.772733148421139 -0.8936254617252255 -0.9540350620155216 -1.007300274647942 -1.248143860955109 -0.9970529996584536 -1.5766353125638495 -1.7239396810999539 -1.2065115675065723 -1.74078597167113 -0.7181184455895692 0.3283015621075929 -1.0077344304996299 
57 -1.5414537565143862 -1.6592254618924946 -1.7268472050130794 -1.5805206097292097 -2.0949111466023216 -2.182048060484686 -1.6995217236027809 -1.548405308454512 -0.9315050244807508 -1.3007130740475166 -0.6036325653510893 -0.9841484325027876 1.2259976205445007 
58 -1.1051062679844268 -1.2841074078658359 -1.375012104147045 -1.4139641083636503 -1.424428061761242 -1.2791629605483659 -1.153644761769251 -1.4232508303890632 -0.9096833899245288 -1.1090969502658587 -1.342732434187071 -0.9932069688348736 1.0884218704684563 
59 -0.6475133129055244 -0.8779967398663928 -1.3216443158558213 -1.3537965613135206 -1.369499262217277 -1.139302979053804 -1.3830769699256145 -1.7579718794674073 -1.1380667305180203 -1.4558988210429615 -0.6765223910275013 -1.6350877678229485 -0.6183142549812645 
60 -1.711255340213003 -1.8186781323645258 -1.8563979637484733 -1.8908237676850357 -1.5186951747688862 -1.2623590497521164 -1.1821504572450585 -1.6960294278908057 -1.3908931776357534 -1.6374745175630085 -1.2132003638061528 -0.0731974173904486 -0.06628688906373964 
61 -0.9120087535869726 -1.2090374684139724 -1.8485568675015542 -1.8794271524306363 -1.8997972710371482 -1.7358143350752147 -1.5270338006618989 -1.4404925523846677 -1.7055957330707723 -1.0745864443155144 -0.6519937614246402 -0.9033086946594608 -0.029278483019740453 
62 -0.7408162414066609 -1.4238789328309052 -1.542246473761474 -1.6167102764232566 -1.2067834560244137 -1.580302175533263 -1.8647243366662474 -0.9890934883468463 -1.0363086675165463 -1.828439011586025 -1.1997687728023372 -0.17714873303678413 -0.14220969732678757 
63 -1.337410881486121 -1.442008994683285 -1.4776065784297703 -1.4982697618034564 -1.5054628593961883 -1.498560111779845 -1.4066553663673091 0.04279093970992437 -1.4922839497363105 -1.9012468488808147 -1.172083717498357 -0.9582073852407627 -0.2760736891570693 
64 -1.1127583181786536 -1.1851797786572456 -1.2215124769565948 -1.3050340815476293 -1.3739534188957876 -1.8183524926941084 -1.753897253184575 -0.9147257921806774 -1.9336520799816228 -1.5412046094007892 -1.5775540742943943 -0.42569642018120013 -1.3853874324096864 
65 -1.5325926661643496 -1.6875997203339104 -1.7311647333032523 -1.7508157686159804 -1.7534222484376918 -1.5609927633745795 -1.2412761356026292 -2.6095684186897348 -0.8292619653415216 -0.8700926957377808 -0.30682864313965735 -0.3633271808325788 -0.2200011590789277 
66 -1.3035821212123377 -1.3898511202461468 -1.4178939844145253 -1.4306804563837714 -1.293709914819339 -1.2794863337496034 -1.7462966683036636 -1.6834890678474754 -1.3804253794554724 -1.375870350736729 -1.7612356143779648 -0.6952816862983972 -1.337903902738313 
67 -2.004876126150209 -2.1812436662970858 -2.2558882581627913 -2.291628295194346 -2.432625094620631 -2.631294341014606 -2.1224451194648895 -2.2802248197539976 -1.5852305037254908 -1.1190119134457424 -1.2295911669591222 -0.7518324488943506 -0.2481238701574484 
68 -0.9129404272473398 -1.0580526203918028 -1.4921633634203406 -2.1699492407153445 -2.45805151269375 -2.1526433473610385 -0.8962588429426912 -0.8412734869460112 -0.7605298025318248 -0.6976710459722895 -0.9065988726297207 -0.9372639290384489 -1.155940845535861 
69 -1.1064762201802165 -1.8982497133027758 -1.946376800548935 -1.9653971700642932 -1.970879897124275 -1.9717308188239806 -1.5872872570328103 -1.4857770307801723 -1.906971456740194 -1.5316058421560987 -1.3069717510836987 0.4350452487040642 -1.1430357918004328 
70 -0.3907276452781888 -1.6686770426001345 -1.7152835498054286 -2.2643008268150986 -1.7686127320414964 -1.5319624889794974 -1.2710138582826853 -1.4968211062160142 -1.271731694578706 0.2407798193204143 -2.3624066214971045 -1.0597607998274698 -1.0859752317746496 
71 -1.5591621533345819 -1.8463475112606333 -1.9033704162341287 -1.9186939775795386 -1.8782500371575424 -1.772978651238587 -1.559391443469074 -2.3921330777037157 -1.5262085498653402 0.8219955979420586 -0.8316058764885013 -0.580574831041283 -0.21691909517434216 
72 -0.8349271498244691 -1.8363465648937183 -1.9286340114085991 -1.976053714574323 -1.9923523646225751 -1.883877331757587 -0.8628203657711553 -1.5550173294210838 -1.472249251269309 -1.180016983256049 -1.700152711109105 -0.5378624097819409 0.7967146222583344 
73 -1.4944516350068382 -1.5794341180630982 -1.6142057872955733 -1.6472126927177326 -1.7584025075101546 -1.5939331209254224 -1.4838631724169176 -0.8315170289597336 -1.7683188587933287 -1.4101517510005244 -1.1511060459776303 -1.0761806867689734 -0.9114864004234835 
74 -1.4766784616027278 -1.5277564855461814 -1.5529766780918703 -1.5941433969063512 -1.26906405140461 -1.5237055638595218 -0.6556831063845578 -1.6511034859600042 -0.979484035083707 -1.5859155143112633 -1.3373216604324105 -0.5981088483622784 -0.34107863731349114 
75 -0.7137275468910057 -1.0379771506017805 -1.5311705683137165 -1.8717928935028239 -1.8173598967929 -1.0469999648759079 -0.9523245099321693 -0.9793102310660629 -0.862265357424334 -0.8156814282855087 -1.302483018948672 -1.2883735369816294 0.4132564928006992 
76 -0.5316266083280308 -0.698448856516747 -0.7780866623975624 -0.811428722981389 -0.82066250714827 -0.8175864891316197 -1.264207623709917 -1.652574403988487 -2.219472625396433 -0.35200798832192776 -0.94237868472638 -1.1010967408452572 -1.271420757417433 
77 -0.2922702648636526 -1.531113233812282 -1.5711420968858356 -1.5849958817719818 -1.7850251706520404 -1.7717584653411165 -1.2644668975866147 -1.2770734576844212 -0.9380922691764259 -0.8214291529961236 -0.48010009724763797 -0.4570375523075709 2.35128614032041 
78 -1.0209096269432576 -1.6342393357498017 -1.6590061789819968 -1.6738342858465929 -1.4963629656741166 -1.7603973278367204 -0.5622643554527575 -1.662583577266088 -0.45101386990840725 -1.025390640655754 -0.7625230612047053 -1.4200864980244983 -0.825860229075146 
79 -0.6131998662765812 -0.8226233162690968 -1.1590526039137612 -1.1967208073523325 -1.210901768561052 -1.2323371188294046 -1.4499608403643003 -1.4375643482019274 -0.7219691854583887 -0.5846086344389552 -1.1904082594069594 0.33131046264007513 -0.4923180117842382 
80 -1.5872953970924573 -1.6975010247135889 -1.7667878678661872 -1.856859581812351 -1.568249080882889 -1.1887907861842315 -1.7180542588258114 -1.5819058080481667 -0.31398864406145993 1.3661784954333998 -0.3812500517835529 -0.9245516828114007 -0.7822341906381788 
81 -1.3329731789605543 -1.4798670416886717 -1.5325299888375112 -1.5583229771078033 -1.2582471615517412 -0.9963145871966947 -2.010558378017177 -1.4894845744928111 -0.8903390261079315 -0.27744594829464675 -0.44642617654062033 -1.6533585515748526 0.15067504830346268 
82 -1.3551006086068478 -1.4216855800066552 -1.4953027775461771 -1.6089560292774925 -1.2318489337988492 -1.2369082734466443 -1.4139454686102921 -1.710849703707191 -1.4311214506115109 -1.500019758937629 -1.600778117276033 -1.7863070875729992 0.6799677402501099 
83 -1.1711473600143893 -1.4209467357196068 -1.5029534362548675 -1.5174290494053637 -1.6525411318148138 -0.5626768565488347 -2.388239254749387 -1.1747925275323223 -1.7010320979610256 -1.6258862259004854 -1.4803124507443106 -0.8762017724515317 0.12443958498100471 
84 -1.0735142939313393 -1.2566402638654288 -1.5493671153485815 -1.6395903564734318 -1.6371917004122194 -1.495768682104912 -1.5688834966065466 -1.1157316890955893 -1.1859632777366123 -0.8119203128443817 -0.4383960721922015 -0.48196557662787176 -0.6591415232149347 
85 -0.5925487489388193 -0.741676082613416 -1.1000647798361847 -1.1416803875544421 -1.6183141445356366 -1.9638166799458756 -1.8647861347613564 -1.1124171924848656 -1.512714420044054 -1.3905590058163297 -0.4324274085213021 -1.5320295184604964 -0.2311954563969758 
86 -0.9698140496158298 -1.1041055414220244 -1.5808825337722276 -1.6053656379886352 -1.6138347248962457 -1.3106394230485128 -2.0478396971912325 -1.2038025979028182 -0.9107628337368776 -0.9735148460091372 -1.1082819121337282 -1.3828698594344533 -0.11850022363212681 
87 -1.5597585122176456 -1.6146428703719868 -1.6325632563184276 -1.5598173801826636 -1.4874893184074651 -1.156297738638777 -1.2985153333804151 -0.6989045051793665 -1.1276356240810421 -1.3751929370705211 -0.9670785279822331 -0.766272129519334 -0.995287446762275 
88 -1.4587061097601124 -1.8839249573838792 -1.9481777560622833 -1.9659158800826644 -1.9695904794917054 -1.971117878269061 -1.7180542588258503 -1.469573069535744 -0.7941588517291582 -1.302737946239806 -1.2548822187238773 -0.8508813699066865 -0.7282256742050384 
89 -1.561195142560199 -1.6842987273859085 -1.736380513944136 -1.7591994039977799 -1.6747528520988713 -1.3841725682845325 -1.208664046007747 -1.2498956405406618 -0.2616479118557156 -1.473358161882619 -1.357583801993381 -1.044722075050909 -0.7894053810556136 
90 -1.4334600410418405 -1.5172154534631426 -1.537594081001636 -1.5491373271467677 -1.8190500561276848 -1.7137961054876136 -0.5013727640996771 -1.4969756431659307 -1.5186218907716182 -1.500046404056731 -0.6196107582113803 -1.1575394242604709 -0.2957989460035441 
91 -0.15433433587867418 -0.27877890668988553 -0.8639835728047711 -0.9396611802472328 -0.9663296344289323 -1.5187543773883465 -1.7460860397201285 -1.6099351187830298 -1.6826961559046278 -0.9303670392725584 -1.2323725255206122 -1.4320851200019014 -0.053150803799365876 
92 -1.779681884983776 -1.8671163176060261 -1.8904031706086442 -1.7181817240896429 -1.5186951749358824 -1.3987672975463261 -1.4167170957044317 -0.8486187166941053 -1.0987331742781972 -1.392931162318375 -0.28808893401236196 -0.7161063593156726 0.3709250557531472 
93 -1.0569421020459624 -1.1893709811138171 -1.2958392488134414 -1.5063358339890134 -1.5092294377033701 -1.5010018439851507 -1.5766353038525893 -1.3947722325235907 -0.26119670794355765 -0.7174803452187939 -1.6576497709353177 -1.2889429714106135 -1.764279318683564 
94 -1.4519433536129915 -1.515048312191838 -1.5331658991502168 -1.777544510061217 -0.9497687470341369 -1.374775550262561 -1.8650032030506996 -1.7972419691109154 -1.0059889689875958 -0.7090747802786002 -1.1986291396351108 -0.7290768536812038 0.40673446513690475 
95 -1.8878849173051615 -2.0119971530461576 -2.0664290277491215 -2.4778480164831924 -2.5092599774317055 -2.518793238706431 -2.3882392547493914 -2.136819700200264 -1.883379199609403 -1.7402597729936171 -0.9316138272179073 0.8396607827340163 -0.9647381019246627 
96 -1.282829936444605 -1.3634345846490101 -1.3951830478742764 -1.4143407437504798 -1.4193369640096773 -1.348716679550679 -1.040184825180653 -2.3630776480998597 -2.3201315315143374 -0.6808013131431445 -0.6124285654603788 0.38416430847568994 -0.9103562587247371 
97 -1.7768224128861494 -1.8553694304807027 -1.8793065481805944 -1.8894062677568764 -1.8699628747696715 -1.7260576103481844 -2.0477953371186377 -1.206124842071962 -0.7833573368149764 -0.5329263445255449 -0.7023973842252729 -0.8117786274977394 -0.8530576069714719 
98 -0.35882914070088257 -0.39095709577870136 -0.4054700690532433 -0.42320821494299016 -0.44476061976608894 -0.45302829299288994 -0.4270639308584237 -1.335642826594981 -1.8788165081667478 -1.462646457977364 -1.6402587477145558 -0.07473210708914957 0.653539109286335 
99 -1.5720223163269917 -1.7518893950045498 -1.85255861437193 -1.9107820562543192 -1.936985457486681 -1.956711209895042 -1.5872872570332603 -1.4696424918805975 -1.4269728366561747 -1.1931463408798697 -1.3388153004440015 -1.2433340170432166 -1.5040021991120494 
100 0.5026397675901124 -0.7583479972026699 -0.7697476296163792 -0.7771209873851779 -0.7837414320003355 -0.7796643133808395 -1.286339124990893 -1.8096402158117812 -1.1145092435602173 -0.5479717796278991 -0.24380955301228951 -0.8274625237125488 -0.5328699663655728 
101 -1.0307904196128477 -1.4806905084396038 -1.606760601924972 -1.6713221251394343 -1.7207922274994583 -1.7099509797627157 -1.622533946222517 -1.01830778791848 -1.4504729296377568 -0.655500357814988 -1.0743648616079515 -0.34345165767645486 -0.3288639364004634 
102 -0.6579103233184236 -2.490344890160287 -2.5441168430371643 -2.5691020868176055 -2.581013175899955 -2.621095893189048 -1.7901322666379031 -1.4585641225480552 -1.3955834833363854 -2.249167141954826 -0.6930857592965443 0.3067048836295068 -1.5708797042840734 
103 -1.1143702918621523 -1.6594193670947548 -1.7883973688929997 -1.8593404515178729 -1.5682490820148378 -1.2367229868601939 -1.7196609681798822 -1.2850743089657857 -0.78335733681497 -1.0302484045840121 -1.1625924197091804 -0.5025652512712997 -0.21726488764573454 
104 -1.041240333151252 -1.1175821418287777 -1.3890222143951363 -1.4313655812432016 -1.3974844781689006 -1.2920449432027012 -2.0038574280990566 -1.3101824396841795 -2.087369768569149 -1.4032366442906832 -0.9943142576765223 -0.9986714282049187 0.07298067600790575 
105 -1.423670974367881 -1.737480618093133 -1.8039003877506086 -2.304517420381294 -2.3574914331874726 -1.4026837901250109 -1.151582873167816 -1.1792925577378888 -1.5909042304071996 -1.311692542135933 -0.5361431144995175 -0.43975652056826353 -0.13090935345744825 
106 -1.4951777903390906 -1.6886017951422572 -1.7354343851519207 -1.7557384554944098 -1.7098792318019167 -1.7436629734632074 -1.7019045316064054 -1.3849439324971735 -1.4243473807065485 -1.6368854239892114 -0.7417613537797125 -0.0904149745091068 -0.8457244393411618 
107 -1.4036755347295902 -1.4745179438429519 -1.549134432755536 -1.6119629520518823 -1.4688617713954235 -1.2146411068577367 -2.4817298416114433 -1.529810808963656 -1.2978993974298607 -0.29749577919293807 -1.3214539134217793 -0.5907740798212002 -0.7062576315836654 
108 -1.5143284954740825 -1.619234596686546 -1.8566934477785884 -1.9346601369435148 -1.9576594619738543 -1.965109138822445 -1.5872872570330734 -1.4857747023103864 -1.4894655177853164 -1.4713375079240145 -0.9475142334972255 -0.9316515197590824 -1.2891740925611384 
109 -0.7945419824874693 -0.8800494589444803 -1.4308843980413668 -1.9746610064574348 -1.878429475925774 -1.3308718980259169 -1.6605050336834866 -2.3029230587291516 -0.44596613293058357 -1.4343971203028725 -0.36143498383822253 -0.15824552526772012 -1.1157042803772144 
110 -2.07434103351523 -2.146197334168092 -2.2369603843888517 -2.314946167266351 -2.330947851891159 -2.3449030623780125 -2.6779331102873667 -2.386911314904604 -2.120502562732967 -1.684007675263646 -1.268681133186444 -1.079617248123419 -1.2924276715706815 
111 -0.28772270455091553 -1.5497753249246042 -1.5705125858573359 -1.5858373643955321 -1.2049583453335122 -1.5404586923004793 -1.416233617568486 -0.5289845789005208 -2.0985624502869165 -0.4817307186219654 -1.6949088151997778 -1.4590690888012632 0.4942158073080844 
112 -1.0679886932518299 -1.9032152901806891 -1.9324604843836717 -1.9469551599349881 -1.952237691203688 -1.957402341093002 -1.9455057019057458 -1.086741727292693 -1.8955385937312406 -1.5625364954925174 -0.7959479711404213 -0.21702328941818422 -1.1160002665489945 
113 -1.0737946354093584 -1.1498466449248566 -1.8818443454062077 -1.9201467302676312 -1.9430526946972702 -1.9561443827723504 -1.587287257033181 -1.485771988973645 -1.3995911022623893 -1.7007673458221937 -0.8570105065006628 -0.7169529120510181 -0.3543388794875958 
114 -1.41685655551169 -1.5557154006820442 -1.6219109822596756 -1.6898054427561466 -1.6863758750746514 -1.0185478227166067 -1.2425321293215614 -1.57711557953197 -1.0818561263881683 -1.1934739099696223 -0.0809469371600412 -1.1521942092032313 -1.059981114551663 
115 -1.413527817425987 -1.5881109278907206 -1.6460836888809487 -1.6843437705016377 -1.7364233218382354 -1.5747621940012788 -1.208232630885702 -1.0565255071397064 -1.6612779550808454 -0.6702432786085792 -0.5525747219364483 -1.0349448674697157 -0.7351403419305361 
116 -1.5162437728845242 -1.6141775735839963 -1.6583367427970273 -1.756657639575875 -1.5186984949785665 -1.895057368279541 -1.864937279775009 -1.32743237577658 -1.0378773023093948 -0.5818636994988606 -1.2799872735206337 -1.143663564650353 -0.4986368094152157 
117 -1.8550741757640064 -1.9596878285136285 -1.9868466539052463 -2.0000470053563113 -2.156325872647578 -1.4936136617739455 -2.6522791964282595 -2.1368197002002622 -1.7894618487203053 -1.99262831202484 -0.5793012563919682 -0.5808299542943112 -0.9674077340336364 
118 -0.2327465647454141 -1.3930801436397466 -1.4825439284595188 -1.5537884741100867 -1.5740951524229252 -1.2482016644738891 -1.6328035910227854 -1.887824520815869 -2.2170277182143785 -1.215377958218519 -0.5904698876447518 -0.608302126869593 -0.42696740877935657 
119 -0.45677610235949895 -0.6569284344991344 -0.8281071601025867 -1.3828033550645071 -1.3856041035632272 -1.387293857177992 -1.1470703011335839 -1.2897371696082025 -1.3626259973296428 -1.7107359462518033 -1.0757156736672304 -0.782104240835813 -0.5198418598070835 
120 -0.41029526090098556 -1.6848173808336593 -1.7302773746090556 -1.7633796472501997 -1.7751507713267523 -1.3829458156010124 -0.3450531169308285 -1.7855116975997505 -1.1788662368202423 -0.1675383064839639 1.1357922644393315 -1.6437968141563584 -1.1835631983318693 
121 -0.9423610219726796 -1.2123433830679935 -1.3518624668172643 -1.3908191888449422 -1.4936778486419984 -1.363960623754999 -1.2843191928923978 -0.6361933316750183 0.07895787729848303 -1.0940047706605511 0.6797134203780966 -0.8615806851716789 -0.6573786682444014 
122 -0.21155738491545617 -1.5269284356658086 -1.57657536003892 -1.6343737225620352 -1.532237123892409 -0.8679760578587641 -0.9779128202899723 -1.4857858144138916 -1.2175275053202754 -1.158592993405698 -1.0999729873607562 -0.7301934553440832 -0.659284894975904 
123 -0.012457075569010767 -1.5032883120982887 -1.5352149363263592 -1.5554454051425268 -1.5630044586499456 -1.3724148913029754 -1.2789111649279563 -0.8938381604519937 -1.0907530198210105 -0.6187305890812997 -1.2298148595149307 -0.9075177948731666 -0.3626740344536159 
124 -1.5182752881540247 -1.643382638147667 -1.677373922058045 -1.698463359063631 -1.4988704802262782 -1.7534321273018934 -2.4562148890933178 -1.9126826654018854 -0.9198110253621965 -0.429717114929609 -0.9413131939740724 -1.9796910803637826 -0.9245656459662146 
125 -1.2503194075305735 -1.3157863617396222 -1.5391657702230632 -1.6229641514853446 -1.7869570754785125 -1.1803156129283576 -2.0021948309096267 -1.1124171924848554 -1.2492356763450672 -0.6774429185592722 -0.6511835058107126 -1.144398856499691 1.1147744311567158 
126 -1.4646483357392142 -1.5645998119045745 -1.6119111291365125 -1.6588383982085784 -1.1454364134127784 -1.0587417135247297 -2.653146221030278 -2.136819700200267 -1.8464073784465262 -0.8309342635296055 -0.919094737988021 -0.6799794635347999 -0.9406366838296465 
127 -0.5749250884809398 -0.8198750113551739 -0.9087560880754102 -1.4336602391503814 -1.4407379798088278 -1.417072642288832 -1.3662899859040696 -1.6834648798524046 -0.7651070991030003 -1.200781088309231 -0.7837921900664708 -0.2759538990229025 -0.7792756983155085 
128 -0.7646675687525109 -1.0043230013874107 -1.8935942616391355 -1.9359953182157918 -1.9400569482208723 -1.7260576091456972 -1.5270338006569515 -1.2378124175750225 -1.421091530811093 -1.2770543076312695 -1.2289422590035226 -1.2023591367579705 0.5938238109113594 
129 -0.8221739565807857 -1.4395085810583002 -1.525143390262973 -1.5572592937766137 -1.211800223080342 -2.246188945980101 -1.6035890956935328 -0.8495087239288996 -2.419270262979641 -1.195352254222657 -1.943620558803247 -0.9445772815784446 -0.39228483801437436 
130 -1.2617713280610037 -1.8110724773999665 -1.8514267067387409 -1.8699518325952964 -1.8769873356986952 -1.3478099094004325 -1.0732655349632265 -1.4111399188269922 -1.459957769176694 -2.088492576269177 -0.21351541769348692 -0.9249258810976027 0.2475047353109897 
131 -0.3499529341050561 -1.7609396851960086 -1.8239182796428404 -1.8667899615062873 -1.8780347224070149 -1.5415767258177286 -2.163583685589034 -1.8453291482306529 -1.0007766010653625 -1.7331606437880442 0.2825053528820351 -0.6154856971876164 -0.8461772575520542 
132 -0.3011869512062491 -0.48294891316723537 -1.002343984650241 -1.426343089432419 -1.4335408653761255 -1.3490751535270782 -1.3706802036970165 -1.4647919762618562 -1.3764091436701913 -1.1221357880033704 -2.1775181132346244 -1.2867076786461638 -1.5620013582324566 
133 -1.285485654697066 -1.4951044160176727 -1.5479900371772457 -1.6153397934961515 -1.5683272014590517 -1.8210574284279024 -1.2646431700684437 -2.386911314904618 -0.8902016204956693 -0.18898302777446674 -1.624068836803148 -0.7604848735054006 -0.951581904549196 
134 -1.4798660974631486 -1.603236335643759 -1.662508232768936 -1.7029818603800686 -1.4511221230717894 -0.9355277243360672 -1.6299417211521778 -1.5341919376664408 -1.7883420791969487 -1.1272674156906453 -0.9773841725507653 0.007367205702447421 -1.2928220204109562 
135 -1.4551787261152913 -1.6034311639811016 -1.6423429601805655 -1.670210066413317 -1.6950453505586536 -1.3503427732645827 -0.9524511024431426 -1.1124171924848578 -0.8127335778318702 -1.0359742520126254 -0.7362613925907454 -0.21163439145892404 -1.0450965980457134 
136 -0.24905229026834286 -0.2644540481857721 -0.37241463410742687 -0.39474483723935827 -0.39970553035186285 -0.4014898338673301 -0.40088976512859925 0.47843038926976855 -0.3396160512306303 -0.38016734898831495 -1.3631338730636773 -0.35762480949396136 -1.0278790765424728 
137 -0.29356040028025154 -0.5310351978256606 -1.445204689332817 -1.4717524403962523 -1.4776367650237685 -1.479519072228526 -1.296947680580176 -1.2230346861947625 -1.181857273864106 -0.8971062459423239 -0.29891345472119746 -1.3207066502293432 1.2429965671769914 
138 -1.2326859498296137 -1.9736281883739997 -1.998472487518871 -2.0059527787291334 -2.004586760607673 -1.9997676600777567 -1.5564290249802104 -1.2693362898831513 -1.5965926109346356 -1.7785650230882144 -1.283083060796391 0.9102701599257744 -0.24723728745169404 
139 -0.4625950257428398 -1.3917528442823661 -1.4818359328696369 -1.5315504943399847 -1.2173460216325809 -1.6765001515829043 -1.2244436670715424 -1.0138144601899313 -0.8912801920728584 -1.4300568194272287 -1.049916734044022 -0.47549556669214327 0.3990131492828031 
140 -0.2124829980010945 -0.475656116710444 -0.865915618126074 -0.9267985806440708 -0.9431198310134682 -1.3840884992578781 -0.8781402177308424 -1.8631525114177259 -0.8908082886576572 -1.5539214027176818 -1.5413411455533907 -0.44963223827646964 -1.1284734356706518 
141 -0.4494530946480604 -0.6499496266998629 -1.0807474409375477 -1.5495496972400635 -1.2417299786150084 -1.2634598567349875 -1.6595062806391399 -1.533170439750429 -1.1456702691530847 -0.7739409606709506 -0.6217438323645039 -0.8554823720265927 -0.3463041321463346 
142 -0.06829772163511072 -1.5003516555452086 -1.5567789738845572 -1.6448334488883218 -1.3279788123716334 -1.5585968745114749 -1.3706807751544625 -1.5178536880775035 -0.789412728185205 -1.567564638970246 -1.0236015182655092 -1.0640135509876338 -0.4407624813556688 
143 -0.35908676529639805 -1.5215971162981843 -1.5380008579012676 -1.5423706909867159 -1.5445601230426074 -2.479575443566032 -2.089397767990643 -2.226272417503523 -1.2225709821066992 -1.2348902531059132 -0.26009688504738343 -1.426323811774806 -0.16011864227709804 
144 -0.3242390618533213 -1.7984918174001439 -1.8824326489006658 -1.9095195309467723 -1.9202333639297133 -1.9358220836875153 -1.718054258825812 -1.469573395845823 -1.256396969217769 -1.6112295013866949 -0.7937434747346752 -1.1748298381304627 -0.829627401214261 
145 -0.7845617928532163 -0.8445890780163721 -0.8625629900972456 -0.8679173360661634 -0.8686814550477431 -1.6750263849524822 -1.2339484393903317 -1.822304848275094 -1.47533446880525 -1.6991577035846175 -1.0772015265841781 -1.227252238431179 -0.4135917064443999 
146 -1.4833897726092966 -1.6616708558714985 -1.7355876030825939 -1.7725599339812959 -1.815978596522483 -1.8607207183543377 -1.231274956870639 -1.0231793206898927 -1.015890214116895 -1.8301091580180964 -0.9240750149670132 -1.1372370455617788 -0.879056714629127 
147 -1.2516490337591395 -1.2921280553582684 -1.3205977432381708 -2.276389355081354 -2.278254775844995 -1.411728895772776 -1.507797549178442 -2.0562071276494636 0.6471960056677818 -0.9663520526097723 -1.1858492922038109 -0.7669271471394867 -1.6825223953334016 
148 -1.5590079446755174 -1.6222734383159687 -1.6434136594052937 -1.6631858206460768 -1.4127630581735693 -0.8666804208478484 -1.6730324681215816 -2.386911314904612 -1.478828063794008 -1.4856966726077294 -1.0731090726676515 0.46077808609541204 -1.2637573406107876 
149 -1.6772377851489981 -1.791007454867871 -1.8274984388732314 -1.8364201036389194 -1.7395064080508837 -1.6885168050112762 -1.1899551776768136 -0.9529184892869658 -1.2103847531769363 -0.7211834071482042 -0.054653066198051325 -0.70201422043106 -1.3458148253141191 
150 -1.5308629577620585 -1.5685596739785592 -1.5888973784976876 -1.6654126670606608 -1.5221904218151123 -0.9164381742589343 -0.9162749069238809 -1.112417192484866 -1.7806355141290742 -1.48922400545112 -0.664323767929069 -0.6338326818035147 -0.75337506294878 
151 -1.292928905862143 -1.5331772063846834 -1.6136563276471279 -1.6590136082987685 -1.6919302467011714 -1.7483311864061917 -1.4870724091529406 -1.9066565864182614 -1.0448774265891991 -1.3516043908866757 -0.8007191048757106 -1.2030893353658074 -1.4488756542435508 
152 -0.8603462377555312 -1.525104812583035 -1.5855392184168053 -1.6432405428048171 -1.7448928432679953 -1.53680522182552 -1.2924997899347415 -1.5119139780037822 -0.8010637194460581 -1.440547460014497 -0.9192246354679636 -0.8835062089355233 -1.0064610186065897 
153 -0.660779883791109 -1.3275261072431348 -1.3652122513209008 -1.3869277901753083 -1.392389982669075 -1.3946855625003236 -1.3844195246919562 -1.191937859166474 -1.1927092259383818 -0.46815678231304725 -1.4330623061599916 -1.603176339164134 -0.8831611788490568 
154 -1.3573251902619217 -1.4879424834201762 -1.5352848927689744 -1.7896697114273228 -1.771046805061779 -1.6938503666235372 -1.0696458898055208 -1.5513162633805824 -2.2580989877226316 -1.4251105831283941 -0.6706526582270034 -0.02174678478153591 0.320414192045568 
155 0.01679376862643797 -0.7675396370982366 -0.8378974609501743 -0.8833427183655634 -0.9049970642475316 -2.269742037976343 -2.4445533988176202 -2.2401106916612954 -1.0366791390680263 -0.7971706351433878 -1.11350619736182 -0.043394587531439766 -0.6724560787576559 
156 -0.2816178814607767 -1.0941612951945054 -1.6204417026661138 -1.6597260551004576 -1.7835596684558024 -1.2558306931902599 -1.7694335898421631 -1.6323548582860579 -0.8016115988844221 -1.2676710316093316 -1.8056861048247015 -1.0448267747838695 0.1602219507932231 
157 -1.5477527818284196 -1.7335847377998268 -1.7871903102324085 -1.8303143880786743 -1.8840333850542386 -1.8871786285454686 -1.6732009251553577 -1.0784628112871562 -0.9485968849488213 -1.7933348815836088 1.0156063922203262 -0.9291836383249164 -1.3691564885115928 
158 -0.6988036506986508 -1.4426319114617732 -1.490126394160712 -1.4125683962115296 -1.4115173154722516 -1.81914773606006 -1.6346205037869015 -1.0454267852904584 -2.093579695706394 -0.9398733576105924 -1.2084491308072822 -0.2074138375711132 -0.929168781626262 
159 -0.20375201242826035 -1.5873911812299832 -1.6053607348846084 -1.626129167494456 -1.7145344769031843 -1.6849155757392138 -1.2089714513757754 -2.131948046157194 -0.9364556214912193 -1.81207435326119 -0.6700794987481029 -1.6951070034901878 -1.0574539782377417 
160 -1.2972624116396037 -1.4742738945378004 -1.5541133275296608 -1.3732124407031805 -1.348013884638739 -1.8397047584181299 -0.8864529509701226 -1.2312597005162629 -0.7654488582380831 -0.6978528413178563 -1.370417900922928 -1.1404891481119597 -0.06571898711269886 
161 -1.7793841877737893 -1.855369233660971 -1.877378244736065 -1.852914318025414 -1.5682490787441608 -1.512671671141872 -1.1890530231305432 -1.8728451632834218 -0.9344034576549894 -1.7474921513347796 -0.46078844457034374 -1.7687398317298844 0.06351417830010686 
162 -1.036029001503022 -1.155721616436949 -1.5305710917004716 -1.7181714519416174 -1.558624435755199 -1.7094756313800104 -1.7729985039016551 -1.4723585092125835 -1.001444026620708 -1.37725029340303 -0.1747826720125063 -0.3124634418246801 -0.033427708996631944 
163 -1.4447339611593515 -1.554243640771659 -1.5884152835162424 -1.5908067575091818 -1.574642813738151 -1.5813508687575728 -1.60795126475103 -1.168652360308021 -0.1837458450490152 -0.9168807722948094 -1.8925164914261656 -0.5223217819102334 -0.73756285839393 
164 -1.5262547668096484 -1.5887645579425742 -1.6120356838155665 -1.6265203720947292 -1.4631590690723177 -1.451175358607578 -0.8354323163108903 -1.1117221135504398 -0.5469560432385019 -1.0403858329372995 -1.092251775190038 -1.4653097161558284 -0.5962968867002028 
165 -2.168572179271382 -2.275261873922078 -2.314988851518612 -2.3425169435502005 -2.6033008207649444 -2.47957544355292 -2.105192322619404 -1.3429524314590486 -1.2886002090997755 -0.9601242029948043 -0.05524394779966524 -0.8916867206964565 -0.9393092720665402 
166 -1.3646070752919852 -1.8102731934440484 -1.8957271985300173 -1.9555915265967752 -1.987235947377432 -2.015091830561351 -1.5766353125658998 -1.4272568745886063 -1.8187142700707803 -1.2602480067965474 -0.463931122408469 -0.6988242167169002 -0.9786860650444997 
167 -1.09168269830245 -1.176372811512047 -1.2238739676306267 -1.631809689232297 -1.5133881927073367 -1.2558239364777575 -2.0024664686528846 -1.533482108437842 -0.7671553410808849 -1.7928909058456264 -0.5421622882081226 -0.9800256660868523 -0.7773080631287267 
168 -1.519278922036815 -1.6201582576563427 -1.6430497250376581 -1.6543163252326354 -1.6744720151247248 -1.6156084500377266 -1.2943251519567323 -1.4087328468163567 -1.4510623197990675 0.36449706556183126 -0.9667813406931232 -0.41154803843664606 0.0449830987280182 
169 0.13361073556841452 -1.6298162244908485 -1.9392975350493467 -1.953433027456692 -1.9550022125871505 -1.7260576035697808 -1.5270338006446207 -1.425108007779087 -1.9087776808468926 -0.2032228936661289 -0.1484920851395003 1.1578399953458827 -1.1083813191291483 
170 -0.33801109785552935 -0.5816023802445441 -1.6674553099409408 -1.7067137757812838 -1.4456376895369658 -2.0122573106409294 -2.289114946956706 -1.2061248420719721 -1.8270465932768656 -0.9856609328285995 -1.4582336461897039 -1.4037382659782207 -0.7449570017852226 
171 -1.1543650967139638 -1.8526242113344031 -1.8754231895738689 -1.887432462676318 -1.5682490787047496 -1.6881637919802013 -1.2204912214411388 -1.6188123812643083 -1.1852283942849298 -0.7059697207981466 -1.322414810689907 -0.8833802440783087 -0.9565588871850224 
172 -0.5006564319410554 -1.015742841901379 -1.0654526359102974 -1.861809929310712 -1.8409601284736445 -1.5520934486369686 -1.281563206278835 -1.3224265686918955 -1.1720982067601273 -1.3425446805086074 -0.7437319821748577 -0.0929835568439158 -0.9383915280275585 
173 -0.5203309629000805 -1.6259506362635938 -1.674270376155657 -1.9474708776175906 -2.6934830233658023 -1.7769056151480103 -2.3882392547493865 -1.8681749938717567 -1.234195042956311 -0.8868308129771931 -1.9911720461072382 -1.301391321744551 -0.4700142685312437 
174 -1.4356479312434967 -1.5205735090984218 -1.5553851503648384 -1.5870282179266302 -1.4886881393747236 -1.1082359001809843 -0.9448498047740199 -1.5034488389929388 -1.3485030188646785 -0.8642350057770348 -1.1689346788649093 0.7277537443519272 -0.5295621802156412 
175 -0.5667369179328825 -0.622926200144587 -0.6399514448894024 -0.6567591907746981 -1.8004182553613663 -1.8011198419163934 -1.7964677123929618 -1.7445903072432865 -0.777690731013447 -1.261304588388327 -1.3535625208982585 -0.14481095292281065 -1.0315878513006398 
176 -1.0472834403789655 -1.3953361083239089 -1.5152753885204175 -1.5975934405722063 -1.4426605039772091 -1.2474843171881786 -0.9081017376495414 -1.5529777784449532 -1.1322851610042663 -1.4647778036081764 -0.5682879045025505 -0.49307091210745935 -0.9453994987853427 
177 -1.559297232949626 -2.0624946425410786 -2.084477182750653 -2.0724761364360544 -2.057074739037602 -2.079799440520488 -1.7895568699530395 -2.2893601826696663 -0.94371009701783 -0.9068806919614218 -0.9509715240278811 -0.9351190595190984 -0.46865711318536096 
178 -1.1773241682840454 -1.3418410339728035 -1.3814465068784183 -1.3994737191092272 -1.4045385240135608 -1.4077711001088922 -1.4068398039769643 -1.4162173448135063 -1.059435380755358 -1.304575224866357 -0.5088558232015625 -0.9018662223766196 -0.7228071836505185 
179 0.0035860833337577613 -0.1432496935710178 -1.4142091400577326 -1.6465769556337506 -1.5189148926901601 -1.256709913338463 -1.301149203638726 -1.1510794233060087 -1.2955557962850892 -0.761987125222003 -1.1839672069938838 -0.6316569978317133 1.8922900115931225 
180 -0.7272848443440959 -0.96174947674078 -1.226141015499032 -1.5295990554269996 -1.5710470709049789 -1.6193846240560479 -2.0621955326359145 -0.7993735823678817 -1.1716879717316264 -0.5775702501705117 -1.4227280451283506 -0.22063460576551297 -0.5469837609774572 
181 -1.196688654093139 -1.3522432160677351 -1.407779759316532 -1.478309539275723 -1.6979288985073948 -1.8810196796770917 -1.9366912391980848 -0.9620381992325082 -2.1518903755714427 -1.1009102639146953 -1.7651789817752956 -1.446626003934656 -0.436502753483211 
182 -1.3484077365108211 -1.4997494540950664 -1.5751344168020336 -1.9966232367370615 -1.819257351054571 -1.5158195281118236 -1.9592888879609172 -1.1919336312825322 -1.1449267012440378 -0.881152022580892 -1.2454564298032267 -0.9611167111000767 -0.20051296525765294 
183 -0.6877720922953875 -0.7745395381029467 -0.7988963914100322 -0.8275411891028464 -1.6477098229012501 -1.3252897138573623 -1.3036293049607397 -1.0036355128683991 -2.1103101244416704 -1.0115975292946224 0.23604284798818792 1.2697460612024976 -0.4675776875353277 
184 -1.601652004512042 -1.6866374806901905 -1.7079128656368585 -1.721939892325491 -1.4836755824514778 -0.7186121263908243 -0.14796124733763866 -2.0754186537716577 -1.7938357442570882 -0.6976781674853948 -0.054613309155967515 0.1518549118761458 -0.6173188400624765 
185 -0.22814240287492232 -1.4731070308438283 -1.4976693666417626 -1.5052461846854128 -1.5081547956493537 -1.5116607175252659 -1.2518644946434627 -1.3963665984386218 -0.6404109128295314 -1.0879451655599808 -0.7133783921423889 -1.034535534619175 -0.735780077066519 
186 -0.1661299891337638 -0.2892452188000058 -1.5624506121793056 -1.6477895184502307 -1.668960947753832 -1.3039890037435395 -1.5482760446261066 -1.6876745439319238 -0.8656159673510008 -0.8748908199281602 -0.016088853829381744 -0.38919864116079883 -0.4935062882289879 
187 -1.367856115817672 -1.5139851698186026 -1.552698189321084 -1.5723354813310464 -1.7294112991988384 -1.580650928304371 -2.550078976985374 -1.1309885325857776 -0.8891294091755365 -1.3752392291452469 -1.6018714686076483 -0.0033734601745912807 -0.6092015318441721 
188 -1.5347339975590406 -1.7935961376263951 -1.862828851509662 -1.889762908295787 -1.8576182271201107 -1.7260576089674875 -2.0020993188775025 -0.9861551740937162 -1.5580839240075413 -1.9993088700757773 -1.6480124628411925 -0.928297354232844 -0.051297601532834414 
189 -0.8639610356189096 -0.9223453729587502 -0.9407831995810961 -0.9520621237040184 -1.409612278099045 -1.3326799402452099 -2.0020318855232473 -1.2499526412172053 -1.7467215741086801 -1.3914031852609474 -0.5444621294824823 -0.390181730112174 0.23503877045683924 
190 -1.5492037838219197 -1.603073117346498 -1.7848300855770967 -1.8372418045918888 -1.8321210624481745 -1.5486698314395397 -1.1186594541360129 -0.8913364942241329 -0.8231680325802846 -0.5854895383304602 -0.3265732987251967 -0.8456609728476849 -0.9590562447778403 
191 -0.25114106884127846 -0.33751908138232345 -0.6560417806989913 -0.7042202772451372 -0.7212541785248456 -2.2187073072360333 -1.2862186858995612 -0.1867508069673052 -1.440877612171907 -1.409641656157207 -0.1463383144380444 -0.8304725481474879 -0.052529792273159126 
192 -1.6212136204375662 -1.7309369134048331 -1.7662769402984666 -1.7838839898967913 -1.7950472057645341 -1.8313374072839075 -1.8218956255383818 -1.7965501272038658 -1.4208322302306566 -1.2809691980097924 -0.3802224668370134 -0.2996904364524079 -0.7731627254109068 
193 -0.4462044176385297 -1.2774060350726195 -1.2980878459293628 -1.2880947139553163 -1.3877985983107055 -1.3913168471893207 -0.44917468899008484 -1.486427761740705 -0.39656326537214603 -1.2733746447424947 -0.6896569118676574 -0.9960329880737464 -1.553395734329994 
194 -1.810160900671414 -1.9101056938034515 -1.9455573154038124 -1.9602710646084924 -1.9633562517068288 -1.953782850931145 -1.5872872570329137 -1.4857774780808972 -1.196597206956779 -1.3709673674804783 -1.0188636935219617 -1.2851997456888251 -0.7365374144788597 
195 -1.4630586623331643 -1.5992536387494918 -1.6728060555230433 -1.7297125406095692 -1.4649665319604968 -1.973575256714068 -1.7132389377188697 -1.0116136025749451 -1.86777966387007 -1.0410737924696334 -0.9638248932193825 -1.1682860646821398 -0.9420517842293051 
196 -1.1986415169601377 -1.519571228903468 -1.6329509081130267 -1.7091421934322373 -1.71042357219774 -1.7369088221958857 -1.2865757639914701 -1.1096950754671353 -1.2952165068467452 -1.2853021634227222 -1.7862767895348228 0.17554375340692002 -0.47630556004618724 
197 -0.9285945399920232 -1.745306753675569 -1.7646949047545624 -1.7762630377365476 -1.778342565552641 -0.5646946419878125 -2.0023199912958156 -1.20233443396828 -1.0516294251064335 -0.9445313477558696 -1.3703293608683769 -1.0763779679724748 -0.26449199529565576 
198 -0.5522828172167955 -1.4967446112020943 -1.5827377141286425 -1.6330098875465762 -1.143448008031746 -1.6560784635252863 -1.9592245807359125 -1.0960101637466855 -1.7356852916196972 -0.9589877174003518 -0.1717918915476787 -0.9925866148430458 -1.4496349565511724 
199 -1.615942876000565 -1.7585423826595523 -1.8274400200348428 -1.8754876225582673 -1.8947413243718123 -1.9072468927170698 -1.649842074223543 -1.5685783200372931 -1.4435738839440055 -1.5382798539921683 -0.7942456558446703 -1.4141456655265316 -0.6560194090722076 
