0 0.4058006888698652 0.4130617989936619 0.40369514191036293 0.39403326858759896 0.37313325930547825 0.5119948972559111 0.2917776746216737 0.5693828532409018 0.3636688483574752 0.3696613398258688 0.625858423915785 0.4169151102566151 0.019193343423480377 
1 0.452871227226649 0.4784716543068135 0.48659603966517534 0.4264365945525585 0.4400036755490401 0.6195467250336968 0.1028027215919307 0.0704129690356814 0.2983139089393193 0.4860781500916157 0.15382160925742822 0.0375897486245141 0.25438128892447653 
2 0.24139802788411965 0.48649511873677564 0.5025169679096511 0.5143145283422639 0.48272152991171663 0.6332142079857734 0.40438930778022747 0.6047515705575417 0.46906555990144716 0.7024002191960881 0.30979822318055705 0.3483628952486155 0.04000622842335838 
3 0.2837471047861584 0.36976380203912795 0.4076968932407214 0.4221395810383256 0.4261603846269484 0.42403680169208924 0.37426544108684523 0.3949173896532685 0.2542531162994094 0.2996433550886634 0.03859916251179039 0.12724591801480867 0.34543744656412134 
4 0.3483958059501663 0.41872571823790883 0.4636498734208364 0.41276377490148364 0.48999220258765047 0.4853379686170556 0.3257891603649621 0.42366617602052015 0.39809184079140747 0.3985559978105401 0.06551233441547362 0.13853082348430254 0.08172886397747824 
5 0.3001134453187058 0.40028880104269693 0.4380436767397494 0.44327400088309177 0.44437046495223775 0.4240367989536765 0.41442672202075836 0.39861435140408497 0.4246945417216542 0.203095505555304 0.13125930281475406 0.02683156498220593 0.2532646007469603 
6 0.43313295472898744 0.4554554466800198 0.46002661817263174 0.4362490451514217 0.4394920978021346 0.5657403638868292 0.42849351582928374 0.15406694853652403 0.37487629771022857 0.347844793216658 0.101669100213519 0.030532358588404127 0.08660815596982191 
7 0.26975904106866766 0.33629372159973253 0.35689323203194834 0.3587271822189023 0.43806891881935006 0.1436122903193709 0.39923369205595516 0.12541882794865056 0.2662747587788628 0.2348902647479647 0.205264155964873 0.29772169779421964 0.21441765799630372 
8 0.14357766564806454 0.1713951994060312 0.2000720051362541 0.6093626993783511 0.7711606614090772 0.6945490658623004 0.716263521750554 0.45339144692782213 0.14750245827612435 0.13667598083187427 0.08749593345673923 0.05357271598938688 0.00495141843549045 
9 0.10198523080026159 0.09004909999613323 0.06825981331837552 0.17172921727253151 0.1919369569970698 0.12908894813392882 0.10269570933285013 0.4965754118980769 0.11837267201468579 0.12048661482669193 0.11818562839431827 0.35286100497437256 0.03486412405898243 
10 0.0567942648119881 0.05978237318623518 0.06192321340631257 0.06483623263015811 0.06676234201245645 0.14384596331011168 0.12235956297757461 0.47208051181578836 0.19455661300427185 0.23845567662281253 0.006376239081693623 0.1311538828334609 0.011479890968709631 
11 0.23022049793784577 0.21210705130336266 0.20426295108289913 0.2025877531164408 0.21737055864433213 0.17423887859260664 0.4599622996468361 0.5456450511293612 0.35433769546424854 0.4231934972408118 0.036845090446525564 0.2723438337735461 0.03290731870921345 
12 0.14612606243178994 0.1468232812469754 0.1491062380060698 0.531406720030918 0.47054697760634123 0.1948884792780446 0.23341320652909042 0.30468205388994074 0.43005623773400303 0.34334828569597864 0.16491660588722892 0.4239624283347325 0.07365144015160491 
13 0.1998499510234809 0.216452508010548 0.22401104823688894 0.23114582328528038 0.24001912344706894 0.41616441896226986 0.3431438361145974 0.3974249731307187 0.3358525324818489 0.022055698514154058 0.4692329955815105 0.22964165851341206 0.038380003288606385 
14 0.34071205861840137 0.3749746515221636 0.40281051666241746 0.4242065808241046 0.4164642769217638 0.38626924799674245 0.4335369870596965 0.42145640273251983 0.3659997309582208 0.27582955283774724 0.6619825347804489 0.1391600235086936 0.0618465870699237 
15 0.05091516142037568 0.07012003781315436 0.5154370184454579 0.5243382891386212 0.5260252683925459 0.5972315764184103 0.6185241240176995 0.5022550817627811 0.7115074350777806 0.24083743371331068 0.3284141685851447 0.048176471858871264 0.11837147214549909 
16 0.14167128332133672 0.43976883382431514 0.4473325675637172 0.476057864018371 0.03374738022177072 0.12897929248010892 0.7850618777994707 0.14667265214518643 0.14148408655963787 0.5856028327094658 0.06400240088120232 0.3306367758337567 0.037319908702461047 
17 0.47483987813082296 0.6568971859097177 0.7325500398214496 0.7779030479891516 0.7910502682305074 0.823212258837587 0.5275586771157632 0.20343820134934903 0.3110679950212053 0.3471329877771997 0.09124499596441968 0.24606134939388657 0.027145051994752686 
18 0.14212861931641757 0.13427565917248724 0.135083541554405 0.13933015000365093 0.143128494456376 0.14510554120670585 0.21904819353132687 0.10611640776184142 0.11279160921516547 0.11475672310327673 0.29404239510424474 0.2999108435940771 0.2336845841738497 
19 0.028529193287129967 0.03297627813169051 0.037967214696423224 0.045578839251140105 0.051667992298451704 0.15868186445448065 0.13017267039541913 0.14921560978278686 0.4265301454707139 0.2124329074448579 0.46178071389438335 0.027342426063487444 0.2562899568538379 
20 0.015939255250761862 0.007662395147959401 0.2019789818488517 0.2026990092558787 0.3330387608499186 0.18311542223385763 0.6460398248622559 0.5697151642828859 0.4446500884479975 0.22652899052628905 0.11249929663729319 0.07127683014013839 0.09525318804642349 
21 0.02586255840604118 0.00835107357068282 0.015406303853097355 0.024003665151816494 0.027619319472241423 0.030846379537387232 0.03381089352355893 0.11701903659569209 0.18722361323851938 0.3653827628535433 0.45026455134890475 0.12811145189405354 0.3120324752393777 
22 0.3552610535655003 0.40265515908453725 0.4467613694786948 0.4569299338780544 0.4767114431578187 0.4452401660655162 0.4347785508172852 0.3798468162999177 0.047688975650316656 0.3525124697729294 0.16882826634649978 0.05115685047807039 0.24621972021024083 
23 0.7027152681332325 0.7514135876252147 0.766600263498354 0.7748083189724857 0.777631242676478 0.5905985462219723 0.5761319459938343 0.6105053698080443 0.5816391239920189 0.5516781060762298 0.1658158343403763 0.015407388756267272 0.13591911002312992 
24 0.03978295921079379 0.05617785164948924 0.5227047131460979 0.5230640388493404 0.5161216515521887 0.5610373530343772 0.4384678962747074 0.308030685475208 0.3688407759582516 0.033070372524686184 0.30839360222512036 0.22776236146601936 0.14563485078815702 
25 0.49632581478213667 0.5506795497842161 0.5822583898453815 0.6043495779559466 0.6100477318486005 0.612251631397599 0.6117451471581661 0.541656009867135 0.5039512680085132 0.4544697338390694 0.3702524108563936 0.2745237911055856 0.3218671647503223 
26 0.42956179163787855 0.5047138598278684 0.5159309048771393 0.5191960003939038 0.5388759643503309 0.44105838756458476 0.5954652542246524 0.658099640312537 0.3365684201759475 0.4068192289696507 0.182131895505751 0.05964919238389797 0.061626529490749225 
27 0.37491827642936 0.46649832173756495 0.5049131593402957 0.5062641034916537 0.5535829646679442 0.38113041708600204 0.45789636918981347 0.35637253153510695 0.31875522856162014 0.48688375045055154 0.26532720692327294 0.07429098141004871 0.1385162145963838 
28 0.4184140361815444 0.4443714467204606 0.4540081874308963 0.5053527327531971 0.4129517858826621 0.3923345332237528 0.5730359069199835 0.3864957026947122 0.4046934211492186 0.33095545663225956 0.13822938045953267 0.3591122346088097 0.3399767779491615 
29 0.42353118996616634 0.5125937157245333 0.5344229272294423 0.5369153613249023 0.5341699324363676 0.5626711316495063 0.5265737902421026 0.5107569133438614 0.46369809047480476 0.07028327265743434 0.3128464562646807 0.3207240612039668 0.08960012325379343 
30 0.37129176028264954 0.43010832294274676 0.46351555309917225 0.48884683419711866 0.4722909388279991 0.5997647748667435 0.5002107417791044 0.41414924289161725 0.5124417521391202 0.17197913145203536 0.3381347280474354 0.3710077051867514 0.42465975774513426 
31 0.003667034756777153 0.006489227891705037 0.010003624041344212 0.4849688173847815 0.554960888519162 0.2755594293275038 0.2765715501982704 0.09077482604499545 0.26424428687876655 0.256169556031004 0.1044542641871021 0.2269720244963349 0.22025891456347838 
32 0.3890334766652056 0.3983859572812897 0.40744333002023 0.4138282306041545 0.49048146034506995 0.3242151250501636 0.6384058386867397 0.2540939208466475 0.20120937298965721 0.5029714776444969 4.419118499670221e-05 0.37252636516609794 0.27218070743522826 
33 0.058462379977549106 0.08171499919452509 0.09845556839910971 0.11064878835144955 0.12694229118155553 0.545935918520823 0.2669965306071882 0.4246570803844038 0.36810452072268884 0.021553423604675256 0.09005456441104984 0.045231555539596575 0.46291370647586494 
34 0.01381900438355132 0.42439347744282746 0.4433186168133739 0.45398700163433986 0.5236357393351697 0.16845049091647202 0.38601123366317797 0.35698767583343316 0.3870826412593712 0.35231128218202834 0.31142581798592484 0.538456296027204 0.042373024280943694 
35 0.04398403033202106 0.04388390306953316 0.08403048081114332 0.12866899647705743 0.14267364555826384 0.150302539542567 0.06060736968322316 0.13540357324376495 0.03974569074920782 0.19785691113957787 0.17527904564477964 0.14671423719577337 0.16087766833883063 
36 0.002757399790043204 0.0015973750542161113 0.004856955603609687 0.5498865242442934 0.4922077250258141 0.5419406722876648 0.3742654410884593 0.42608885751004155 0.4655333931632949 0.3185506792099424 0.58557920647961 0.05538879995621356 0.0003736214376722355 
37 0.4527413687449313 0.46513284211728706 0.46826855287257574 0.48257417829159094 0.5057242172033631 0.4100499880191462 0.47175108010716454 0.37630737848833423 0.37429398398647973 0.2641283120115758 0.5693006208522926 0.5117556985569627 0.36049564060606204 
38 0.42571643518518276 0.4375283774305321 0.43082714823953233 0.4201163425176232 0.41724915630320847 0.4159711342893857 0.36241323664830105 0.3399512318937794 0.21924683219162172 0.2135491282099043 0.3090367292412559 0.1256851743504987 0.4017260310925004 
39 0.2962728540091681 0.4894256997172487 0.4707002297342048 0.4544590920465684 0.45252953701665455 0.4423139760030699 0.35967502097794335 0.32804844851398873 0.35252746892172643 0.5543251262060567 0.23012330173348247 0.3508306590600284 0.23600171241306533 
40 0.46190083178092073 0.5055123755962809 0.5201559891950064 0.5301290829378109 0.529033948804024 0.549184082430058 0.4942918082662513 0.5206755023514029 0.3770198102457333 0.10364173284476443 0.6695026014249834 0.40769979686156244 0.1382344635191372 
41 0.02116963944828394 0.4156782630395242 0.4439679912860248 0.4552368929983519 0.46107921032247984 0.46480518007871807 0.4610541392815671 0.6010149124375479 0.46983047813996504 0.5011510297432256 0.2887459626847275 0.16297668278062727 0.2944534905549453 
42 0.5661501086067576 0.6035318365334889 0.6055514659463417 0.6013066621429631 0.59804900359932 0.5941066918196177 0.6190203909483505 0.6133677274668007 0.5039639176302203 0.4418693248680903 0.12128651731653592 0.18518796048969338 0.2541671322085026 
43 0.14188730522490262 0.12959085558990016 0.1274756665397612 0.1315416820466112 0.13554603619463607 0.13904040487958993 0.21963295739978778 0.107960105275395 0.09649375365698423 0.0741979575022713 0.33928855668868074 0.36557392350423856 0.08529691252090238 
44 0.5343161871036157 0.571517548803947 0.5929010803444846 0.6028586567757226 0.6069950882446973 0.608343194716104 0.6247377671247415 0.6105053714814487 0.3720044462389347 0.3639214425598536 0.2973461299913382 0.1551248316826572 0.14050642638882124 
45 0.07591310880500948 0.07340975710997083 0.06828994312540329 0.0588741423070139 0.1453611919062875 0.14170235045780222 0.09410569104092734 0.519659375132745 0.3919354301692729 0.1200507297138266 0.5208834051478618 0.1150732186712535 0.2274995339203142 
46 0.009101459772805853 0.0063349693080389635 0.00638919785650085 0.012477678347228526 0.4999540704580808 0.6835312389856879 0.4201351937258158 0.5376714379593862 0.46960649591970943 0.6464147013057019 0.1642546910382734 0.13520667161471533 0.17430393763615432 
47 0.4514830472262522 0.5381107767716755 0.567164753987742 0.7340816687554356 0.7497733874118205 0.6648517516601697 0.24246967371125389 0.2772638839255074 0.5077029681119323 0.09822143158417018 0.24439569007562506 0.10835738967274927 0.30586502668635296 
48 0.28818181871924764 0.3801493901650451 0.5398501934090603 0.5618268271315396 0.5682448409654801 0.5410694049798368 0.4814822118356849 0.3471565008342863 0.39611532792739634 0.15271326459721934 0.6241764734784094 0.3552956572988448 0.30826068700607756 
49 0.40076374059061554 0.4799013236680485 0.5096928495008455 0.7326372359474361 0.7550909569795896 0.5487288645522694 0.2747747310776957 0.41692352158906054 0.42501191005304795 0.35240990658418114 0.0049093689341708005 0.24886533178128928 0.460116875163972 
50 0.04366781110785628 0.21262607040092874 0.26444563287032086 0.3189162161533473 0.4940723388998754 0.18567082893893488 0.5423135178449574 0.4351016772793612 0.377738383413401 0.3556941603470556 0.3333885977283402 0.40280204543439346 0.23245247508557035 
51 0.03577055366194937 0.21441902420098158 0.225167250283461 0.23140029609554327 0.23654783103344432 0.2335523668687407 0.3616022536288485 0.41826088434450925 0.2456611137427824 0.09413302393650369 0.364303908142961 0.35303983723248633 0.14066452345729066 
52 0.08276689845341234 0.09249266020974696 0.10037265165158474 0.0785343626389163 0.05992081093269186 0.04590774703055247 0.04511237376986166 0.5766072890868799 0.3319119369680635 0.3534750876232234 0.5703771490241387 0.149973718930224 0.09750316863819206 
53 0.2824611204960702 0.3463264383206493 0.3644000074153316 0.3684511858835052 0.36773158810343637 0.3261999647063847 0.3290887632617557 0.16625837144615263 0.04310951132972866 0.2395240981991127 0.42658356752167437 0.1177385986220257 0.08400093050144919 
54 0.38874831371747987 0.3882314409871211 0.38480133587632126 0.42114161468055217 0.41786609372632094 0.4167357977773625 0.36241323664829944 0.33995128216993664 0.40817799374402586 0.17114103341196163 0.21548907618303847 0.19584105732567397 0.03891936873217397 
55 0.015263342653063738 0.029525641578243316 0.6260172893323341 0.48515121132779226 0.4858486066217351 0.6200241396849814 0.6458298282608117 0.33188270697360445 0.34116498374195037 0.5471333844235148 0.4071282090438223 0.05026673542936686 0.2551483831738946 
56 0.07233029645617359 0.05812320017902556 0.04729203535639907 0.034367390569053205 0.027012545665521366 0.009967387275151987 0.4144267220209533 0.45461889655949356 0.3806680247036337 0.45234787981611513 0.05983484144970595 0.06503443891709085 0.3915781966032441 
57 0.3383144181133283 0.35656438077019437 0.38256280965473344 0.3815079640437403 0.6560275527932866 0.6211435989125313 0.45706580878152436 0.4152950809840945 0.22131566308322898 0.42992677816911457 0.16700188737415642 0.27672995590037175 0.14506406843528702 
58 0.09055110524494156 0.10615784360087215 0.12361032257575333 0.14232237546232446 0.15117947482951438 0.1444072265788194 0.09863868749852374 0.376391087512792 0.32596630892705947 0.40594755117050907 0.3638329229690165 0.28177697679685104 6.449752128005684e-05 
59 0.01771162016746653 0.04063296830735668 0.08460233498417412 0.10125993437899936 0.11441814507540843 0.15165697609108367 0.1597358099329229 0.5451772462803802 0.2683058458183917 0.4399865009185247 0.16131157865388193 0.4783173217141069 0.2754941658557545 
60 0.4033273260756536 0.4195011461729512 0.426319106811232 0.4329402102755706 0.4380689179890461 0.4227324684140187 0.5151209973581505 0.5546365697309188 0.3564749808420876 0.5143596333077618 0.4400002989288949 0.14288436598693882 0.025364949505553194 
61 0.02299635173259193 0.0869418660536263 0.411657619378301 0.42116680536949525 0.43068253960480135 0.4240367993963644 0.3742654410862578 0.35514077180356046 0.44436475979946544 0.1938327083960542 0.08192940927034667 0.1913058284396305 0.18313714800735545 
62 0.26975444906284685 0.38606184261633103 0.44948150876160325 0.5017064952087548 0.36275894143252185 0.4835865521171604 0.5718581415846778 0.2563933761947894 0.05932469872148955 0.5858124694037949 0.48212543228115856 0.17707484367331544 0.05925555180624048 
63 0.3598028913181667 0.3854939490550725 0.39381084308999686 0.3951978118068594 0.3932899370502298 0.3841834517541362 0.3442322270705226 0.22677128931958423 0.42588797403739076 0.5872646557051249 0.26229254469989816 0.32890935102966057 0.12529219457730964 
64 0.2375963750165203 0.24756154607294345 0.2551950127074668 0.27066388101365974 0.41041524697412224 0.5137609603887647 0.5203999153545225 0.23012688115280278 0.543817465543937 0.4155228032471675 0.49599749552921557 0.08862689174881233 0.43839915476364844 
65 0.45598368402058537 0.5242344100317987 0.5384528847843774 0.5389769194081366 0.5692974523718317 0.5298653661997871 0.4839572257746729 0.8692417824277876 0.09334763269111081 0.05854408279945446 0.18316443559795065 0.10800181308695855 0.01930476892497577 
66 0.18580901254362647 0.21434313540301533 0.2300695732092809 0.2398387201178665 0.18002525730909139 0.14438854383728988 0.5729869744913394 0.5456651811905858 0.3912053957831513 0.412364084725378 0.5429347301130489 0.10028910560050588 0.25570191177154256 
67 0.5679906648520041 0.6267106068857418 0.661207731295705 0.6832047980181493 0.7953085444904853 0.8720174263361902 0.7526210562129665 0.7696451573991314 0.6084564108329105 0.3163890985207587 0.36180519356439056 0.08273018255484954 0.15442940469846733 
68 0.15991099801170933 0.17863554658598996 0.3513795396087326 0.48660706990221636 0.7716451921249436 0.6365907097357153 0.16786280385928415 0.1906092783439237 0.12466783949913662 0.11994497045999719 0.25272789199500795 0.32004670352556025 0.22540052354967938 
69 0.12170424025606691 0.358421670204518 0.38367601700357445 0.39947602421022416 0.40574491040354604 0.407742715601084 0.36241323664825686 0.33995126661416786 0.4210658968488745 0.5211957250364792 0.36761309444037304 0.05810651696137735 0.18296094694084886 
70 0.13679811237576872 0.4271523150385281 0.46020066795514586 0.7345910415093155 0.5508786694905932 0.19047799707653473 0.4399030999571689 0.49696053858530387 0.3534174761153106 0.17191491526456243 0.6719076103584316 0.29733523212501833 0.316675232808061 
71 0.3107183660557695 0.43340118476996103 0.4723181689776962 0.48964221729971935 0.5388650252366521 0.5190596313173678 0.5489582495187368 0.7155078854634608 0.4012397177830713 0.05924034086320924 0.12649032511388417 0.21747148780416664 0.13557490502872302 
72 0.1531840437099355 0.4944438873122029 0.5408627742018314 0.5828379826175016 0.6003082303208749 0.6058910972129088 0.3195477788053058 0.4299241188540535 0.4013395190934244 0.30341147484322706 0.46142186156361403 0.3335905044754388 0.009947929583985764 
73 0.19133326532840683 0.18297491766187618 0.17719862356596783 0.17590795014605917 0.24395496160447172 0.24404249255039673 0.27083195769504165 0.18005949219652373 0.4445664295529293 0.5132641482518161 0.13458821365928092 0.3704192450253756 0.20579717094784866 
74 0.4366828061248482 0.4448486978130453 0.455486116117602 0.48315210054681074 0.47871364790489873 0.46939430245625957 0.1656120733180885 0.4198521160546191 0.14288628537136439 0.5487711087001368 0.3372379067728428 0.14601610767834686 0.13394799769509427 
75 0.1828168733182523 0.21385500439749217 0.3717768447933335 0.5027976321038344 0.46994136014846566 0.17275614412365908 0.19865360316731942 0.26577420011708797 0.13718455060572748 0.19410843647902254 0.528597738586308 0.34738924453321995 0.061163242589897054 
76 0.08905591507515245 0.0858241760357803 0.09256130297260944 0.09461164266658773 0.09345652176927552 0.09241922801087386 0.13272488117253922 0.3597331515794706 0.6470504946940345 0.32143208003471885 0.08793895938867183 0.38905628983259827 0.3002733282358466 
77 0.05744664018931713 0.45162484368825684 0.4762562889599297 0.4840510626851542 0.557044782387119 0.46111113967456246 0.13266834228509267 0.2991314047515812 0.3166338197282348 0.1425667083839111 0.05503091573926151 0.10639422237263524 0.026410243328236736 
78 0.29329398075505453 0.5194458549785865 0.5339743344399681 0.5433167288632827 0.48109350400504974 0.5561172188447563 0.11427255786397242 0.5282352159986414 0.01979799462544629 0.38487504904192943 0.1471121125157197 0.36645432054976473 0.2576935213168606 
79 0.14504815542961724 0.16139665890993637 0.13555006382571522 0.1458041317505228 0.15594990940600512 0.17572756515724677 0.3651840616711189 0.4407007411272885 0.18131687370103783 0.29530596049375957 0.3523201824490052 0.008970142301550568 0.054803923394621215 
80 0.4456673494787097 0.47485460031470983 0.4860426995356152 0.47410213195816264 0.4129517864457799 0.3852730727162837 0.3908325229931921 0.39637707050811366 0.04983093227682811 0.028078070830775015 0.041670086735366055 0.37244148097289154 0.0751587386643337 
81 0.35938895834953044 0.42347901385873227 0.45241947824761647 0.4799880134755513 0.42293922560105646 0.49886317816803966 0.6166942063851357 0.5534574713592721 0.03191477351876004 0.08698466462983606 0.23586677508129847 0.5112246966839015 0.044359112556170664 
82 0.40174570338433 0.4345226977881145 0.45702901635667426 0.5126742921799795 0.4026601941713781 0.38247901647924665 0.3900804947770686 0.4508284375358706 0.43149659745362706 0.5051644435468842 0.44278290834327905 0.5049068635989921 0.3500281888806044 
83 0.2787966840020941 0.37623575480898974 0.4168489221302074 0.538279337443522 0.5403590436768557 0.3328960914180684 0.6897397101775196 0.3054834452006354 0.5742081569790695 0.42914123805698023 0.37524520702992975 0.1091249536674899 0.2338687493685067 
84 0.20377171215132261 0.21915908408139043 0.2917257950495283 0.33054043966359886 0.33218446879286256 0.5769672098366279 0.5225506596715275 0.2725476968356546 0.2907306244634974 0.05970266689675319 0.38913193102776705 0.14761163678856434 0.12747847751829808 
85 0.03722610574653995 0.07161301069657872 0.2734874456423803 0.3179933733831128 0.4901958533427769 0.6199086977010619 0.5464272119080025 0.20864473540736217 0.3899491486610025 0.35629618962113674 0.14457349799692576 0.3085812635914479 0.04787522948158254 
86 0.2215889790172848 0.2744578793132014 0.4658545386925881 0.4790694533435528 0.48911895639602687 0.46458128447644864 0.5659614243204066 0.14667874587034163 0.11168820695748377 0.22140645194935138 0.42066917344914895 0.3032087262093327 0.05572332397946786 
87 0.4209712486203724 0.4273054840049503 0.42752705250627404 0.4653530310983238 0.5073812917407263 0.2957086190515614 0.3209976201635994 0.4036459087773598 0.1500273557645094 0.3126610570614582 0.16286098516830608 0.08280877105143626 0.3278480290813157 
88 0.3264910269170811 0.3849992138941327 0.3970509773695119 0.40207056273512926 0.4045438620514269 0.4064372372808366 0.3908325229932443 0.3512716963607598 0.2581655420872273 0.36350972165153034 0.2799981096788607 0.18292495113948828 0.1423370363651084 
89 0.32155378785982325 0.36194994616250586 0.3807072839758993 0.3896454482939686 0.43600070764741994 0.36392191161760545 0.24530711318059173 0.20307573297550408 0.14126672256747386 0.37152152429547364 0.3423940161549499 0.25099480108372874 0.2651566240815597 
90 0.3701972663947352 0.3978867407028329 0.4054866734474321 0.4621169570486794 0.4701839320482799 0.46881023008227973 0.10119722108647443 0.4423191467557834 0.5403425570873829 0.5141636034642936 0.3103394074141958 0.31298479919395467 0.010747258819485251 
91 0.0011622435300204306 0.0013058573046833546 0.06249348777011961 0.06836705918765235 0.0755096201283138 0.19382924719824318 0.5813759926933495 0.5164320427392235 0.5096652537354409 0.26728986138554456 0.39124122308862364 0.4208206788349146 0.010911602537364305 
92 0.40323111179851023 0.4260375891577392 0.43312191438246694 0.4431194005121839 0.43806891811919146 0.1600156980834352 0.18048782638928998 0.11362973678841137 0.29171911070271944 0.3399703643512799 0.06999414777840346 0.09419359606198868 0.03469376796949666 
93 0.2581696955208266 0.3261549796504576 0.387993244385197 0.39287139740911886 0.3885033342692753 0.37896665817805153 0.4144267209002228 0.34509596092298017 0.14073030296381633 0.20954823771801595 0.531747982958301 0.34779641217502333 0.47891340436108937 
94 0.3430403837569561 0.3659265945319767 0.37440800684749537 0.4726745907629234 0.059639650551220044 0.12622968048886765 0.546476230037906 0.5103472047106856 0.21638965976094798 0.07724470114491436 0.3410797655973091 0.25870722122650003 0.23771765957610677 
95 0.5402571185542834 0.577984782410726 0.5961481958181043 0.7297986697622677 0.7373717923432819 0.7477429756575894 0.6897397101775207 0.6047515705575418 0.5327313967276742 0.6378832497179285 0.1706221019733995 0.07245318935908249 0.2729535175779165 
96 0.13787778231369274 0.14522776276316895 0.15102279034733906 0.15688004797420071 0.15666881634737467 0.10749246952050587 0.14158688437678965 0.7177806043726951 0.7230508286397472 0.24311174668517313 0.08966465513142047 0.06369988227077626 0.03848874176318543 
97 0.389385551246174 0.4118890388928244 0.4191597251505161 0.42038740627234233 0.43753936166217067 0.4126382096173144 0.5659775527498672 0.2682427214598485 0.16699699864368506 0.3023897088845813 0.23795718348545392 0.1072007552928981 0.2597802756484162 
98 0.0412093859744854 0.044210802299410254 0.048361357077491535 0.05681778697822058 0.07316010353900201 0.08056141329434602 0.08897027831527693 0.5542216986033949 0.5196258140708683 0.442678061057718 0.5264286255759683 0.0011130982878919254 0.0513810168485778 
99 0.3788271211817602 0.43422451932077616 0.45039763978616343 0.44652828030159886 0.4395371035328296 0.4320493154474037 0.36241323664834835 0.35126347975826205 0.31406132930591946 0.3108989768393476 0.258806201553863 0.4187645372731321 0.46354083806903723 
100 0.02509556447306221 0.11504555938813887 0.11535270653570248 0.12033358353151202 0.12573766090895894 0.12911092462620768 0.27238540469632566 0.5007779526790197 0.415768598738809 0.10990211951351814 0.09308738947529734 0.2735797876467764 0.08304772743840512 
101 0.18225732575727943 0.2090833975780344 0.22867841513886744 0.23821739769903383 0.2510400844874188 0.45183427241236873 0.4520039950406135 0.30298706315535184 0.34376455963993713 0.16866008066173943 0.3764100504323813 0.33607885479700106 0.22033633074625467 
102 0.15838359024355592 0.8044758798077499 0.8311086716480655 0.840222117252976 0.8443047250037703 0.8678356508101155 0.5707142581670676 0.5328241029564795 0.4064806225420822 0.7506591065460896 0.06292360933768026 0.04198288484360196 0.391868824923121 
103 0.2686409398288117 0.43450116901383373 0.4674512470896735 0.4721731925231718 0.41295178716076203 0.3824495332637189 0.283560761370172 0.3014237580887271 0.1669969986436846 0.32736410357862433 0.17573470232353913 0.01278343942667892 0.021125758596192847 
104 0.03381062773917508 0.029933779284343334 0.09767588361776183 0.14332567162594917 0.1469845630532718 0.14457267036900284 0.6464809764473337 0.4110671969903943 0.6340412168529976 0.3707120065927434 0.2613828822704884 0.12058369957874832 0.09516369437672688 
105 0.3534657037697889 0.5005335822049023 0.5354648439964332 0.7436292843277341 0.7638618155412973 0.09272521224693864 0.09098290688771324 0.09867691810558774 0.4851647247213118 0.3346928188162699 0.15531516841864945 0.11473457217160227 0.010099468774780943 
106 0.42327936746150163 0.4800473643018044 0.4857353600334767 0.47870384856331927 0.53041870422075 0.6237676857055389 0.6185241248458401 0.4024324702740498 0.537388430727327 0.5422287510981867 0.06496365686096209 0.001539260616468968 0.22478170437812228 
107 0.3569282725913296 0.4008572197988215 0.4504560320063997 0.49750756880011593 0.5161679390887048 0.37683831595951645 0.7708041012763238 0.41386726242807803 0.4819389365418214 0.014235082839044906 0.4813031823882621 0.17124073405893508 0.10686940074331588 
108 0.41714135747608483 0.4446442432688135 0.4586520096246053 0.43823186423257204 0.43068674478422264 0.4252575525586288 0.3624132366483105 0.3399510593216272 0.3168568814271362 0.30475584365927033 0.15044426160326968 0.26301450008985994 0.1944142128459589 
109 0.042050328440058245 0.04967348733264601 0.32479169626274473 0.5373107333476094 0.5388865878208733 0.10116440850160258 0.4378327903338919 0.7078929071655695 0.07797835691766586 0.400986381587289 0.13635570077401452 0.07838139079041136 0.182868667111434 
110 0.582042220361235 0.6121523787437306 0.6431831209085652 0.6711089453047907 0.6794625104522829 0.6876227991850816 0.7823852121175422 0.6580996403125354 0.620567020846906 0.5525872499355551 0.42932826007054326 0.3266514363020775 0.3387895890104268 
111 0.07067627904089921 0.4506284935562134 0.46379639810549966 0.4831683631157836 0.4679008008084935 0.5024059229885866 0.35389673265698196 0.11718279344568674 0.6499971920955032 0.13521925330488666 0.5697495909475911 0.4774570033309775 0.052003951842660004 
112 0.16797480632800427 0.3577700555625113 0.3689521093881182 0.3816888779423711 0.3880366788638435 0.39382541229944157 0.3948617972665086 0.29440604624560107 0.4382576628001049 0.3346056322830979 0.16254338146296932 0.10773960863170542 0.327724135648744 
113 0.2593281217695132 0.26417850788536035 0.4488172961845761 0.4421675592619325 0.4365157594444356 0.43185737843510097 0.362413236648332 0.3399508177946616 0.35182117408687397 0.3430814692590003 0.27451925054317095 0.19304648183046014 0.04262503503691051 
114 0.4027339853930282 0.46777957197119746 0.5026023644590676 0.5403421315868817 0.5400615966010243 0.03751087958735273 0.44502551219195713 0.5684773443261668 0.19874867821284786 0.41405719667060537 0.2040071762528735 0.45775767599061634 0.3214695222115095 
115 0.4163210190849339 0.4945973522264877 0.5177131570541333 0.5392691849058238 0.5515120026623861 0.5204589093382759 0.4388717575195351 0.297027050347319 0.4963770237238249 0.12589187114818023 0.05975866405202633 0.2847274726282448 0.13343807635511012 
116 0.394765409832478 0.4235417051173097 0.4381349812788431 0.4249652340158559 0.43807150541553025 0.5229495260153663 0.5464661661316744 0.2859886294099441 0.1688560530482445 0.07671041601206713 0.23406487615674718 0.296751196405608 0.060128049206661247 
117 0.5403665427474789 0.5549611086843063 0.556063917454842 0.554159397147173 0.6124065385938915 0.4156296492106162 0.7801607218495646 0.6047515705575413 0.4941682221828602 0.592447298116167 0.13355919212621511 0.11595702037281544 0.18260936472432507 
118 0.036094035632524946 0.42350786967366016 0.45646904528254356 0.47869722327276376 0.4846135186494859 0.3889753437154886 0.49790658160716106 0.6329283222492027 0.647661413298851 0.3495339585854012 0.11735028236549915 0.06146828209277069 0.11540765684530305 
119 0.0456769831020284 0.06555545954860285 0.0988538658753216 0.0871391263608334 0.09048280128745581 0.09299745392338053 0.07643250018435427 0.2563594569174398 0.18670304138437102 0.4829455292123863 0.23423178405307968 0.13837599686109528 0.12329434763262355 
120 0.0741204729561765 0.4139839412899291 0.4272825121392131 0.4322705138303937 0.4338503836363129 0.36415158064725306 0.34052150101660195 0.4840457893723956 0.3998572934478497 0.12499709116392774 0.16729272913497745 0.5248849780352389 0.33070852233192793 
121 0.18798435994550944 0.23281950210311098 0.27683117609145613 0.302305952715915 0.4381265605688725 0.2899150044686847 0.32653741166000716 0.25199961703782214 0.06748783003952508 0.32511576593089503 0.02990684917177036 0.008404810226774327 0.20974783069177544 
122 0.018268462063035368 0.20460867791527187 0.194833201321136 0.19320655711628865 0.19963115385158925 0.31245083120995343 0.1419157460174244 0.3399520487821309 0.3732963268988226 0.1458953689193332 0.26016061073113195 0.08267998782448904 0.03169273968625723 
123 0.0028376277250076144 0.2230723264413798 0.21432392414681684 0.20554433266603162 0.20147718742965776 0.28498472181220014 0.2767993800588012 0.37532449665789624 0.20355713685006377 0.15970573591535936 0.30345938349623525 0.30717269162008876 0.06191900266623178 
124 0.45485447169130055 0.49119627540668653 0.5093544373018373 0.523424927061821 0.4810387376696028 0.5465851159225595 0.7943822434360068 0.46694395783243403 0.16606181477597326 0.18973143500982306 0.15874150590580954 0.571023246845004 0.19411064320643123 
125 0.1647877794933169 0.18100901260035124 0.280442223216678 0.40502574241261885 0.5656343650773009 0.14505174928235354 0.6458061301722111 0.20864473540736067 0.3328423650772122 0.0798655668220138 0.06905307496367336 0.5646021947863937 0.026257918887646392 
126 0.4345742517508676 0.4780015531704198 0.5046111104121733 0.5355890620148545 0.4297896252570497 0.28274390345157036 0.7802898324590228 0.6047515705575424 0.46553339316315523 0.1733001604031909 0.3922140752778289 0.04700110344631432 0.2303701266328011 
127 0.058098420144127 0.07264192770787833 0.077076815311891 0.14737838793145958 0.1644978606711327 0.17555837059547025 0.4030758514672872 0.5456939222580801 0.1265327335379344 0.24321901586531894 0.12311046431725249 0.1817274511821801 0.2257055757408128 
128 0.21104967513944073 0.24295539232860958 0.41962734623339415 0.4369713579468461 0.44181715023631307 0.41263820926085726 0.3742654410846527 0.3112357080547398 0.3826869825824729 0.18321707055428085 0.38004869373761746 0.3314460733283475 0.04934434919786043 
129 0.17676552363645281 0.3947847123986834 0.44304350405584264 0.46509751446553327 0.3782277529855206 0.786470813043572 0.3268120728514359 0.13470215696034832 0.6794686126725052 0.38029695326227864 0.6148773026992099 0.234501457429726 0.1367357936112288 
130 0.28893511843862774 0.4286507022202709 0.4450698135671525 0.45068234677978614 0.4514218681020625 0.3826547444439369 0.2771297278374813 0.47917603922336766 0.3725216362939915 0.6557624805205309 0.024975331909093616 0.0728359896825358 0.0055462525657272495 
131 0.014899629177501513 0.3978693173560036 0.44718571780209937 0.4887852114298668 0.5388380672454052 0.4402897884660412 0.7358815903939699 0.5664306803947661 0.16297735515016146 0.535146722219684 0.15005927626797594 0.14228332419483686 0.1526813463907566 
132 0.03870034030294514 0.052088510570929364 0.06321368625547173 0.1295463790604876 0.14452662854257986 0.10773396873120256 0.12710909894685568 0.3827898189541734 0.40574190552745726 0.19841993933421626 0.6837696402091804 0.3620302959667352 0.39974985451781353 
133 0.13876589411743182 0.192223301406022 0.21529174536508489 0.2578293132774131 0.4130043551500023 0.5580381333670458 0.13262980355575393 0.6580996403125401 0.13377497303212804 0.08409114900121273 0.49887741093849974 0.2858533591588557 0.3653819632816405 
134 0.37913994638586 0.44866240727519746 0.48634870401409336 0.5148188388910184 0.5115378171908406 0.43884953147990685 0.5241370578281682 0.41311206012715745 0.5818730442120965 0.12310695047616474 0.2875624432373489 0.022370949676915365 0.36619290064218163 
135 0.3968396236842403 0.4605955766637271 0.48494212883943427 0.5038711730451946 0.5084154653364301 0.38728596007616417 0.274430500309924 0.20864473540736123 0.1363510171326161 0.24271528650082172 0.1304727448414862 0.07306143589977743 0.23046751654681646 
136 0.007017154345412561 0.0049051003964656024 0.010664312058558601 0.023971294012686925 0.033330474846363645 0.03822090434679485 0.04276686717442396 0.05002341870247301 0.01353319347524132 0.001787856821822015 0.4826050687270812 0.2895663640982022 0.28304543478878375 
137 0.15451144077477957 0.2020296441356073 0.3078944141140673 0.30516983853362956 0.3049763555822562 0.30536182770061354 0.28061654179908724 0.2652966747670057 0.24782203951077691 0.1106134917143862 0.008833836620893654 0.33533953481517975 0.12296052456144807 
138 0.35951371043544794 0.47619325436782634 0.4708149426461522 0.4659728863626955 0.4639857115379673 0.46065990608199237 0.4513240719239028 0.3280484483161421 0.3977611197846913 0.3990948855085985 0.4577159683953391 0.00828684883456007 0.043170858302337786 
139 0.06983398813921324 0.3680416498296447 0.4096095008625036 0.4377285631022446 0.48613696946350454 0.5423493025171243 0.16085703971666288 0.23554097865354034 0.10777919884696271 0.48788743925758904 0.34202984452440055 0.29424776596903796 0.0061467069022137985 
140 0.016631322667750453 0.013904503620868498 0.07078502963456842 0.0732368726038983 0.07033018255140058 0.10046216608488837 0.07646523732378491 0.5460469785260877 0.24923718042563453 0.41187335818654836 0.4803366629284088 0.07300992467613882 0.44940390273127656 
141 0.06822011803919703 0.11239335224561053 0.29880573813841665 0.46501678800999513 0.44757292105612634 0.16055920285710337 0.5104369815816827 0.41447025534012144 0.29132358667837227 0.1224156570045663 0.12164629514530842 0.26955281119557345 0.16734666129513287 
142 0.026545065634309483 0.41934920635438266 0.4570590865303651 0.5252689336920469 0.5107571871351405 0.39746066218557846 0.3601082098094833 0.32562455425890235 0.13747254986278046 0.2893025116538934 0.29278476021712285 0.16818694456418792 0.1695131728564136 
143 0.08213117344800133 0.37283517433329194 0.38294133422166976 0.3881339515545643 0.3908489806443862 0.8337692827714092 0.6364682605597576 0.6869862930656291 0.25136328301965527 0.24673837198721127 0.09152714232484883 0.4363259955098221 0.01419586229975301 
144 0.08282294375315445 0.4552551985797488 0.4394655286843425 0.42391923225185135 0.4191732806396622 0.41453734224805966 0.3908325229931956 0.351271659625945 0.31820491661366906 0.22668714325744233 0.16020552343480843 0.492172019337995 0.2092449060167766 
145 0.2002177850636069 0.22870151316356674 0.24024784673401872 0.2447586721250035 0.24471656886839221 0.4848250697963824 0.08077467168941463 0.5736697552922808 0.4685259164641846 0.5089978778378949 0.18812837094260232 0.4217213447546537 0.17911332616940567 
146 0.29802760046084337 0.36786848664432853 0.3996215617450456 0.40927880954465834 0.5242499416783004 0.6035527403517698 0.43182004862627954 0.3734946618022938 0.2708702020802725 0.5151257286382697 0.31633949727074206 0.2318749617637618 0.2753366528881525 
147 0.35217602585256336 0.3740230688612768 0.38980447826527403 0.7306075741808646 0.7310479294376884 0.49515062527171616 0.5311993708035476 0.6313862395428056 0.20429658866043615 0.12182881251612013 0.32950834046168365 0.19682904423278125 0.47615415360709357 
148 0.4830979434538264 0.5147504217863317 0.5301534056344157 0.5449424469407649 0.4632075054442688 0.2115922428959715 0.5435726470258312 0.6580996403125374 0.39700392577271615 0.2684068932562234 0.12545125137879698 0.04933318135172743 0.4231330676958973 
149 0.359419246420556 0.3999810135290742 0.4112097231114749 0.4138092247380768 0.1414442219636476 0.12099993510941436 0.4582362389579214 0.10397206404365031 0.25783486650017207 0.23427596783409982 0.14899239071831727 0.007044134007020701 0.33978324444475616 
150 0.27814348854898824 0.2839806539740207 0.292333263697633 0.3617444256001533 0.2930566238133522 0.1430894816628217 0.15615232168013485 0.20864473540736211 0.46722270996149 0.3611299958706794 0.10875140392609578 0.26085930759392256 0.1927568246927362 
151 0.32450221019958014 0.4358743085909548 0.4695621597210228 0.4901853221641368 0.5202184828789367 0.5465818816820183 0.35723809477475715 0.5450717957274209 0.3485209036260577 0.31989596744110127 0.22335861193258616 0.4468720752959692 0.5325999417919519 
152 0.19343023816372107 0.4486290763549038 0.48415111964009383 0.5099146988751566 0.5433645585917964 0.5175285577504829 0.40048956505637023 0.4377292154673417 0.10815197734010867 0.38527769908817455 0.12929184464436025 0.25762790039401817 0.17380430046369175 
153 0.09312390183767003 0.10121378105218483 0.10865261904692744 0.12386247764161314 0.13239020486842212 0.13772292852767332 0.21988173769131342 0.10611511120070768 0.11119847074944526 0.06588895742712779 0.44285293293081335 0.5217631568445993 0.22837414045354393 
154 0.33236769069922556 0.36270301013635176 0.3753379666738743 0.5255557113359512 0.5820177300868284 0.5987603016909011 0.43658577325859216 0.5297902956562506 0.703047746320524 0.4412311652638212 0.20134749908694283 0.1560217335270302 0.022532630294887057 
155 0.025724327853355322 0.006806059689936172 0.008557770998971068 0.01943191155642171 0.02956168986522969 0.6830295032916042 0.7407340680223444 0.716322091395184 0.15785090391336795 0.03010560346682671 0.34282637686440887 0.03729735992714206 0.2132451729299224 
156 0.07238862312754238 0.30273756728163526 0.5298173588207427 0.5418912317982394 0.5610502541462145 0.08580897594191442 0.5133916563750374 0.458216645187117 0.2936353914887815 0.30895206773430955 0.5107732832484972 0.28598180160771797 0.052109274216029976 
157 0.4845062628820782 0.5327642393622771 0.5435176842495189 0.5498298794848823 0.5757353098254343 0.586704140211003 0.4942918082662462 0.05866409738781034 0.3023835771104696 0.5270381966693444 0.08303086762659437 0.036095994246162284 0.38082904716554333 
158 0.12126359250346971 0.39961815238722054 0.4265320459635782 0.5175434098334017 0.505397832727275 0.4985471938696957 0.4429543799444977 0.2630669138834232 0.6989783515208678 0.18515296372426 0.34505721179958876 0.08399853813014299 0.04629950765141999 
159 0.08594354770517537 0.48651555113810924 0.496993225763993 0.5101763127709051 0.562393367512052 0.5271563929289143 0.4380149356901765 0.6324195622040704 0.164843278451493 0.5656597548043308 0.174390444025414 0.48653592622201214 0.2112605973178984 
160 0.38349357464591033 0.4370548539209117 0.47211032826316823 0.5221207702075674 0.4575932382222022 0.621184047088905 0.16002401331930377 0.09749906407587008 0.16881755105984123 0.11944029705120211 0.2961530130663381 0.20977969713514588 0.07325529275368228 
161 0.38121540272964166 0.4095117026513828 0.42039204456034746 0.4230484324540519 0.41295178509487585 0.5410676733471829 0.5172641518964978 0.5797240324680484 0.17939514418709518 0.585275616561538 0.14444791191235656 0.4959925798844822 0.07125098158885793 
162 0.25414483180405095 0.31467047027554484 0.44902433403523645 0.4761186190719833 0.4528675308982064 0.5464740437971104 0.5253437077409737 0.5247897831429784 0.1063203847101742 0.36236051152235266 0.11941675539744984 0.21754982996187217 0.07855761218820173 
163 0.3491616524731644 0.3924229636444968 0.4124873822493651 0.4200647182574012 0.40401980428587636 0.40735782952982835 0.6048315853082833 0.27665583753435097 0.10585866728021598 0.20166919364777997 0.5465242400926349 0.3377617376118407 0.21346916072281952 
164 0.24570133660211257 0.2356171845264365 0.2297356693845282 0.22618904724453737 0.32633315024275555 0.44367077151220746 0.3671567403886983 0.3771641056085355 0.21680251144662327 0.21897294918484977 0.14194650382279972 0.3561201136603121 0.17862051254978986 
165 0.6236878010825162 0.6725060908696814 0.6946870265315603 0.7115193078799618 0.8350013367866965 0.8337692827347072 0.7365300606145293 0.4379403362986085 0.22316530365876788 0.07917779632149877 0.018990243663956328 0.16606707764171302 0.260926646773586 
166 0.4032019651507437 0.46256274819391296 0.511586595640643 0.5629817554688935 0.5952341409019116 0.624553911523616 0.4144267220212169 0.35222393773578375 0.44438800301174175 0.23961274060299548 0.34977238417985856 0.08614244746864194 0.1957715391898799 
167 0.3179962004396861 0.35620908022948833 0.3850826657758032 0.49214960175586664 0.4606044906523661 0.43460715078761697 0.6459367781198353 0.4256673003919593 0.12784531726336384 0.5972450532496525 0.06347247257416486 0.23951998219473847 0.15972605309968974 
168 0.47086445496645285 0.5180671342488676 0.5321225856712389 0.5409130955263652 0.5516794331848762 0.5217340336907293 0.3154320598845024 0.3949638214611421 0.349219009482695 0.07537026519388568 0.12876125502032398 0.10644559751531049 0.008854749011593478 
169 0.0184328954934766 0.3519622743434837 0.42085728687736335 0.43120754671117356 0.43464669258350896 0.4126382076079683 0.37426544108065285 0.39891075528509296 0.4563487661691934 0.011168181107813941 0.10071862785710542 0.00878949084134114 0.20329814850701397 
170 0.08534723393666474 0.13250663219398645 0.4888481984810595 0.5189756466890362 0.5107535091936285 0.5560258566534493 0.7397715331527615 0.26824272145985006 0.48374016389508856 0.3614293752021951 0.4517164691583856 0.2824447819887358 0.23134848618586287 
171 0.293708622188804 0.424517679071559 0.4338809163979797 0.4393368851659423 0.4129517850699847 0.4369766050410403 0.3197011025599875 0.46091180267524834 0.4934584166574831 0.20910178596528975 0.5720616491631982 0.2160745276581799 0.11836122358273991 
172 0.12538796365567595 0.2716254939699798 0.2875458497158022 0.4056339984565206 0.42759837415003354 0.40030358408250777 0.3218434603378227 0.3294181355862338 0.24360783679331088 0.4879097554595825 0.05586827650167925 0.015708769191939143 0.235035361515737 
173 0.1275801140680949 0.41931034417567264 0.44323747031834926 0.5385802960289605 0.7826505430701826 0.6312849539217091 0.6897397101775192 0.5922109514740196 0.4601147083263539 0.16730887752409002 0.6225634129432258 0.35020304835161886 0.19128733937108178 
174 0.426583448655288 0.44225747276415006 0.45406747093082045 0.4762734365490005 0.516759067074521 0.3496091239246766 0.13752966119451404 0.3824852553269361 0.3861942131828612 0.1748973082398317 0.347030837342792 0.09612320848940792 0.1633947248042257 
175 0.15654997400528112 0.1662705788390982 0.17078975252512232 0.17971688233364613 0.6096899250305516 0.6104285454617131 0.6083901961577849 0.5821269891987484 0.12622325532838136 0.36867139252910985 0.29632813180210726 0.0417646988084872 0.24138295198327103 
176 0.2586824595444564 0.40278384292469016 0.45880291321950917 0.5023742040954013 0.5202788966623918 0.3890072979052371 0.29796808948408304 0.40311785965488883 0.3305507594663315 0.37796838666729227 0.09892212500569958 0.19952477739117297 0.16556419270160297 
177 0.41667722823341813 0.5983686646544797 0.600941531040696 0.5907560090541728 0.5797267369155833 0.6282150005385034 0.5845993542695124 0.6578802994209862 0.35611253833513223 0.3252373744027933 0.24989314539524182 0.31969624736234026 0.01911524860921384 
178 0.08659177276937208 0.15551377216377626 0.17474481637564665 0.17295886672296262 0.16547450337614023 0.1626929229923624 0.16321687900094844 0.48068849330248703 0.31760179794113874 0.4392394713929 0.26325698380301915 0.2458553414173476 0.059547359803762176 
179 0.005989521283494481 0.0044382994614012 0.18827830430497322 0.27453305322056754 0.43823336382307443 0.4341640843060564 0.10282117007057961 0.2393520551415726 0.4005290099381754 0.03518255094589558 0.2731601741572524 0.21635927395539098 0.023020733337785614 
180 0.11083019077832566 0.20615208444164285 0.28356836521890916 0.3748559600272027 0.39704601878517143 0.43684735069834435 0.5626711931366635 0.34429596647244587 0.3404174571423429 0.21454384975703866 0.3076826156528508 0.050987721382743795 0.1052019423649156 
181 0.27072144580010304 0.3064710988584819 0.32350605017457157 0.35378909531379166 0.4747247849572232 0.5584349906366501 0.5751232918076759 0.37032894563267205 0.6441525637578933 0.2881558270563255 0.5154362366173286 0.5016110494143662 0.25447293858852704 
182 0.282515263327669 0.32705237944081633 0.3367272904312951 0.5019637116952614 0.4702123760735817 0.519241276734046 0.6383974300980588 0.10611663406436972 0.10886522417858652 0.4083984163107751 0.24859836678146258 0.3201714316891727 0.36270442545991505 
183 0.1658572781554371 0.16699226235622844 0.1675914511368592 0.17452305060420048 0.33256792034599825 0.28176678587822723 0.2775364249685469 0.2636668591527538 0.5417668894370192 0.22003934802154823 0.056047145935227506 0.020484808171829336 0.2706552631470524 
184 0.4993779393188036 0.5387842312463842 0.5523986622316215 0.5612962156133832 0.48048404892884533 0.35188278650933 0.25649089046078505 0.5943843575656785 0.5035857553586014 0.11991624732347575 0.09389340842492044 0.24327337323368065 0.11274477679028194 
185 0.049487953865059955 0.3758966091347782 0.381824804654998 0.38047314157409706 0.3777626604586016 0.37512158260891076 0.3226731131520918 0.2933300977870338 0.2844877391016223 0.1853660436548189 0.12161350325470521 0.21636624300634705 0.18935520792035393 
186 0.02560571525582291 0.031501693874659537 0.19924270875048378 0.20885739197572667 0.2075611691798418 0.3686096760264591 0.41820789379466927 0.5077562420540962 0.09535355615546702 0.33389509508128096 0.11743582248066993 0.18148856659559554 0.11857963134107131 
187 0.22789080605803097 0.21933566303933227 0.20935055009779152 0.20192457681838033 0.3783411587238343 0.3608876705389068 0.7319863030810295 0.03165974713988587 0.19255415579770632 0.31266223649397196 0.3359953485180428 0.04966321222525837 0.16035989785214966 
188 0.32197747530855636 0.4096616311178355 0.4231965489989494 0.42355450404059564 0.4366094834841631 0.41263820920803007 0.6457619872956274 0.21353257931854863 0.4091268496501781 0.5853739095962496 0.4568904176197571 0.17507295266523026 0.15779089442867222 
189 0.05513708228173916 0.057237904952569814 0.05971400699381565 0.06296267424005136 0.1584577425744702 0.12869036155256625 0.6457326026609046 0.2816358292700249 0.5057978283417206 0.35705144947577194 0.2152688455563267 0.07622888413727263 0.00014269306208987962 
190 0.3993651133204299 0.4086883582687492 0.4682861923468534 0.49145798404784924 0.49555235257379726 0.42418942589222675 0.2757909991590167 0.2692345633919314 0.2449330195043153 0.2103649576400338 0.2453980023002478 0.2555993144684604 0.20153961725000402 
191 0.10218187214361338 0.09821294469040188 0.0902306976437469 0.09149818602102232 0.09470830552798334 0.6648437010314867 0.27039684781725326 0.11639858778247655 0.3987569103416502 0.32446746174441254 0.07555088297993387 0.3117192323561062 0.26902705676884503 
192 0.5533464908961295 0.5759441822432876 0.5809919522707783 0.584993641138754 0.5911420762154523 0.6194443636526845 0.6197028801331077 0.6189040521632223 0.5037914430059898 0.45602320170526145 0.052969553844051116 0.12009193817746752 0.4060908597565439 
193 0.0028098196536220513 0.10240269253551265 0.11217485818717259 0.1097734975216893 0.15953267072480162 0.15567286263866814 0.07414580505610588 0.37805940724384474 0.4753577287744526 0.40477464987404344 0.21628541242812974 0.4234478810155779 0.48129627076014025 
194 0.45023617296126667 0.420805121119056 0.40451647666834095 0.3984063308912343 0.39824031277586336 0.3978824030950193 0.36241323664827796 0.33995130643779625 0.29777051607624394 0.28087130151628226 0.3081822494309536 0.24784352887325065 0.29383326795081227 
195 0.3933178832914359 0.4588645971889289 0.5019505026324902 0.5375736006476802 0.4625647314857124 0.5468864894175552 0.6243210798094985 0.21580003571585427 0.5242647360367861 0.06455644401503927 0.17639686461213555 0.3436638184135533 0.09973397953564142 
196 0.301220119869284 0.4352332631027217 0.4972096158402213 0.5210457124838812 0.5131671495405077 0.5615342981930982 0.47411654758806765 0.47628797780125687 0.49813314282302973 0.2830594209249057 0.609354868610551 0.011256652645984383 0.10231116217060111 
197 0.28121806801742316 0.5488334294277791 0.5609579323624716 0.5676196185735386 0.556929268058734 0.3125536364910798 0.6458728489375305 0.32725848453572975 0.22520492765906297 0.4187154282608342 0.3953985225564626 0.45209165114805805 0.09180017770001353 
198 0.12382700561718574 0.42047657275887607 0.47837570340406016 0.5300190719690411 0.43685112777477375 0.44106098985012465 0.6383739024470918 0.2906020982396141 0.4701123429302934 0.19602731276947238 0.1434096992318566 0.04589629024348352 0.4072131012403377 
199 0.5029500278871526 0.5512479744811027 0.5786227467144036 0.5961346488559023 0.603251515590113 0.6109411619036188 0.6172685311391197 0.4133360351843542 0.45137928480344247 0.5278254520639148 0.27288037643335783 0.5060378923456801 0.08478667102786813 
