0 199 101 101 74 47 62 47 74 59 62 56 35 59 53 65 41 71 83 89 74 110 155 155 134 
1 77 41 65 80 50 65 50 53 71 56 50 68 74 44 44 74 44 68 80 83 86 167 146 199 
2 131 80 50 41 77 59 74 68 71 38 71 56 59 62 53 26 89 50 59 62 92 149 140 199 
3 86 98 62 41 62 65 53 53 53 65 56 62 74 107 62 62 44 83 92 71 107 199 199 199 
4 137 98 68 62 47 32 80 86 59 56 71 53 41 41 68 38 56 65 74 74 80 131 199 199 
5 107 83 59 59 122 56 83 74 62 44 59 65 92 116 65 65 65 86 80 95 199 140 38 199 
6 194 65 101 80 74 80 53 74 62 77 74 65 74 29 68 68 62 59 74 71 98 128 170 199 
7 17 77 20 68 38 41 41 20 65 65 68 11 56 62 56 29 68 47 68 65 44 119 199 104 
8 125 62 71 68 53 65 80 56 77 65 62 65 80 62 74 83 110 98 92 74 29 92 80 182 
9 199 62 62 68 56 68 53 59 68 44 56 65 146 71 77 80 77 101 107 56 92 116 86 110 
10 199 131 65 62 74 56 74 68 47 62 26 74 68 14 80 86 68 89 74 77 101 199 199 199 
11 199 71 68 113 62 62 20 62 53 62 68 65 74 41 65 53 38 86 185 59 14 188 56 199 
12 199 122 89 68 47 56 50 47 56 59 62 56 62 65 62 89 68 26 101 86 74 128 199 199 
13 83 59 50 56 44 41 65 50 71 65 77 65 50 125 71 146 74 101 59 83 152 199 199 199 
14 68 68 59 74 74 77 62 53 56 56 59 77 77 53 80 167 74 86 89 116 185 104 199 199 
15 122 35 47 56 38 80 65 74 68 53 62 83 83 71 50 62 71 92 80 89 134 199 199 199 
16 86 26 65 68 59 65 68 62 65 50 65 56 68 62 47 68 80 89 86 110 167 119 179 199 
17 41 53 59 68 74 89 68 83 53 44 68 62 62 50 71 104 56 59 65 8 146 199 199 170 
18 155 53 89 71 71 62 47 32 68 107 62 65 65 59 50 59 65 71 116 71 116 68 101 199 
19 152 77 83 68 56 59 53 68 38 53 59 68 77 86 65 65 95 80 77 155 191 199 176 182 
20 125 65 56 17 62 62 47 59 89 65 59 68 53 26 59 65 80 77 62 71 71 199 140 199 
21 131 62 56 74 83 89 83 65 44 68 92 62 59 71 71 56 101 98 92 143 104 80 92 199 
22 95 77 59 35 50 68 53 41 59 50 47 59 98 71 29 83 83 77 35 68 134 149 199 199 
23 68 62 62 17 44 44 23 44 68 56 44 53 62 68 62 71 71 80 62 65 74 101 137 199 
24 161 65 59 53 44 38 77 59 56 53 44 56 62 50 74 23 80 161 98 86 74 149 110 104 
25 71 50 62 53 59 68 56 59 56 62 56 65 41 62 65 98 92 59 62 89 80 119 104 83 
26 65 56 59 68 62 47 59 59 53 59 59 62 65 89 62 74 32 62 95 53 113 161 199 158 
27 83 62 50 53 74 56 77 62 56 65 65 56 71 68 74 74 77 74 92 92 80 62 146 199 
28 104 53 41 62 68 62 68 62 62 80 65 50 44 68 50 71 56 92 80 65 199 199 199 199 
29 199 68 47 59 41 74 74 68 59 62 56 68 71 65 65 59 65 83 116 71 80 173 199 199 
30 125 53 56 38 47 38 71 53 107 56 50 59 38 71 59 71 71 71 77 122 179 161 104 185 
31 167 83 68 65 65 44 68 20 59 56 44 11 80 68 59 71 50 68 107 86 116 176 199 199 
32 146 74 62 47 65 29 83 71 44 41 59 62 59 71 68 65 68 83 59 107 50 71 77 119 
33 110 56 131 77 62 71 89 62 17 65 35 71 71 62 53 62 62 62 68 77 68 176 158 199 
34 98 41 53 59 53 71 59 68 56 68 53 89 68 62 65 83 74 98 38 92 104 199 199 199 
35 56 74 74 56 53 53 68 65 41 65 56 53 62 65 59 62 44 128 86 77 199 74 199 199 
36 199 83 65 65 83 68 56 77 77 65 65 146 56 77 89 95 107 71 86 77 122 179 199 199 
37 86 44 56 71 26 47 53 38 62 53 68 65 53 74 65 68 77 104 131 5 134 131 191 199 
38 110 92 35 56 59 62 56 53 62 80 68 83 47 62 68 80 128 59 149 68 83 188 199 199 
39 170 68 44 47 77 47 53 77 59 83 71 47 65 74 80 62 56 83 74 80 113 199 167 199 
40 140 77 29 62 71 56 68 59 53 35 59 68 113 80 74 74 71 92 152 80 101 199 199 199 
41 122 59 59 71 65 47 23 44 59 59 65 62 59 89 71 68 71 83 62 65 199 125 110 199 
42 131 65 68 98 86 56 50 38 59 47 83 62 65 53 71 74 62 74 68 119 62 74 176 155 
43 92 71 71 32 59 119 59 59 56 65 62 68 65 47 59 89 77 104 80 56 95 128 199 199 
44 110 83 77 80 59 50 23 74 47 62 71 53 89 44 59 71 59 68 95 65 116 110 179 194 
45 119 74 56 74 14 80 65 62 59 68 59 77 74 59 62 77 92 98 71 74 188 199 185 199 
46 113 62 41 71 65 71 74 89 56 59 47 59 71 53 68 50 56 86 74 56 199 199 92 199 
47 74 62 62 65 68 65 59 71 68 44 59 71 32 74 68 59 65 83 56 122 50 59 170 137 
48 143 77 68 56 62 56 62 59 71 71 71 53 65 8 62 65 35 71 128 80 143 125 199 167 
49 107 71 56 38 59 59 47 62 71 59 53 62 59 56 62 65 65 32 86 74 56 68 62 95 
50 65 68 68 71 50 65 68 59 47 50 59 47 65 68 50 80 86 95 74 80 101 110 116 199 
51 185 77 68 62 68 65 71 65 74 56 44 41 80 71 74 62 140 77 86 125 122 125 149 199 
52 199 41 50 38 26 65 65 65 68 62 68 68 53 80 98 62 77 101 83 104 68 176 199 199 
53 101 50 74 56 59 29 38 38 65 59 53 59 71 11 62 149 53 47 68 92 98 77 68 199 
54 199 89 86 68 59 56 68 77 47 74 47 38 59 74 80 71 80 26 113 77 98 199 110 101 
55 98 68 56 74 68 59 38 59 62 47 41 44 74 62 62 62 71 122 113 77 125 74 199 199 
56 107 59 62 56 77 53 62 71 71 53 68 47 62 56 71 71 77 59 77 50 86 116 199 199 
57 107 71 65 56 71 56 68 71 80 110 56 68 92 71 86 68 47 59 26 71 199 199 199 199 
58 86 56 44 71 53 59 65 50 65 77 89 38 62 47 65 83 116 71 110 167 199 199 140 199 
59 14 74 65 65 65 59 77 68 53 44 59 65 74 50 62 50 77 77 107 68 98 77 199 17 
60 128 80 71 62 56 56 62 71 65 56 44 65 38 50 53 74 80 62 53 71 68 116 199 199 
61 107 26 41 56 59 65 38 59 59 68 56 74 62 53 53 68 74 80 77 158 77 104 199 110 
62 199 80 71 65 71 71 65 68 71 65 68 77 71 80 71 53 68 86 71 59 74 128 199 161 
63 176 86 65 71 74 62 68 44 62 68 56 59 50 71 68 35 77 59 89 155 199 113 119 134 
64 199 101 65 71 62 68 59 50 65 86 62 62 56 68 77 53 59 128 95 44 128 77 179 199 
65 26 59 47 65 56 59 41 59 59 71 68 47 59 68 65 56 71 83 68 83 113 137 199 122 
66 128 65 20 65 62 53 50 80 50 53 71 32 74 65 65 65 71 77 80 149 155 152 199 199 
67 182 92 59 77 65 68 59 77 50 44 74 35 56 110 77 65 101 119 92 128 140 199 125 199 
68 104 23 56 59 62 38 62 68 53 62 77 62 44 62 71 71 41 74 167 59 83 53 199 199 
69 137 83 74 56 53 92 98 59 29 68 53 56 44 77 44 68 68 107 59 185 199 122 89 199 
70 199 71 101 89 71 74 59 71 53 65 59 50 80 59 59 86 68 68 101 92 104 86 170 199 
71 98 56 65 62 41 74 53 44 59 53 65 62 65 71 65 71 77 104 77 98 110 131 199 199 
72 77 47 56 53 56 65 68 65 68 47 59 65 53 86 59 71 68 98 65 98 98 179 89 199 
73 199 107 77 59 59 50 59 68 53 80 44 65 68 65 74 74 74 86 47 80 80 137 143 199 
74 80 47 44 47 44 5 56 62 50 62 59 74 29 65 50 65 71 56 59 44 62 176 179 199 
75 107 32 65 62 62 68 56 56 62 74 59 65 68 65 74 68 71 65 74 199 113 77 122 199 
76 119 47 68 56 8 35 65 68 62 71 50 68 68 62 74 56 68 62 113 59 199 47 44 199 
77 71 53 62 56 62 59 41 59 65 44 32 80 71 68 65 77 68 98 65 188 80 170 95 199 
78 140 74 71 71 71 68 74 71 71 56 68 77 68 71 50 56 71 89 71 44 101 77 179 199 
79 199 80 86 77 71 71 68 68 68 77 65 77 53 59 71 104 77 80 65 95 128 125 152 199 
80 199 86 53 56 65 59 62 86 68 53 65 62 41 68 65 62 77 95 77 80 131 188 199 199 
81 122 35 56 68 41 53 62 62 41 65 68 59 53 71 77 101 83 89 110 89 134 155 199 199 
82 199 92 41 53 59 50 71 74 62 56 56 62 65 77 53 71 71 86 92 134 199 110 194 176 
83 199 71 77 74 50 56 62 62 53 59 143 56 71 59 50 62 104 74 98 137 191 92 199 199 
84 104 65 68 77 71 65 35 71 62 53 68 104 65 113 53 71 68 68 68 59 116 104 167 199 
85 182 65 29 59 71 50 41 65 71 41 71 59 32 68 62 62 110 65 119 92 185 89 199 199 
86 149 68 65 56 71 59 104 77 59 56 47 59 113 44 77 110 80 59 41 77 92 74 199 199 
87 182 80 71 59 71 86 56 83 83 50 50 77 35 62 65 74 68 107 68 32 59 80 98 38 
88 83 65 65 56 50 41 65 77 65 80 77 89 65 62 71 62 77 74 68 155 80 89 199 158 
89 101 59 74 77 62 65 56 68 83 65 71 59 74 68 68 59 92 89 107 44 167 199 131 199 
90 199 62 35 62 68 53 62 65 65 47 53 65 65 65 62 68 71 53 65 83 131 199 182 113 
91 179 56 62 59 50 71 53 65 80 50 44 62 68 71 59 59 89 104 86 71 101 80 197 199 
92 182 164 89 74 50 59 74 68 68 59 86 62 116 29 62 53 68 68 119 74 89 199 199 199 
93 167 71 59 80 59 68 53 65 74 83 71 95 62 59 65 35 65 71 74 110 199 199 199 199 
94 119 68 68 17 77 56 53 59 71 74 74 62 71 68 68 92 89 83 199 47 149 164 199 199 
95 107 59 59 50 50 68 56 62 62 80 56 44 53 74 59 122 86 83 83 101 101 199 199 199 
96 44 104 47 53 98 20 53 59 65 53 41 50 59 59 23 41 71 77 59 77 155 199 199 199 
97 170 122 77 77 62 68 68 68 56 71 86 59 53 71 83 62 80 143 104 101 95 199 199 199 
98 107 47 101 74 47 50 53 89 59 50 53 53 68 71 65 53 71 56 44 68 199 149 188 199 
99 199 62 71 62 20 50 71 77 74 47 50 65 74 47 65 74 74 86 92 140 199 199 199 199 
100 80 50 65 35 62 59 71 74 77 65 74 68 59 71 65 74 59 77 125 122 122 134 199 199 
101 140 77 50 80 74 74 68 74 59 53 65 68 35 59 77 92 80 77 56 50 74 101 199 199 
102 65 17 71 62 62 62 38 41 38 53 68 71 62 41 59 62 62 41 65 140 119 86 173 199 
103 179 71 80 77 29 77 86 74 77 53 50 53 71 35 50 62 65 89 199 98 80 143 199 199 
104 199 47 59 56 62 56 59 53 56 56 47 71 53 62 56 59 83 74 119 143 146 199 167 199 
105 140 86 80 68 83 59 59 50 62 68 71 89 62 113 71 65 62 62 143 110 98 199 199 199 
106 119 50 59 71 68 56 53 56 68 77 62 86 68 65 62 158 83 80 77 62 125 197 199 199 
107 107 53 56 56 62 56 65 71 68 68 53 59 50 59 38 59 74 80 44 71 74 107 38 199 
108 173 50 32 41 56 80 59 62 53 56 59 83 65 50 68 74 77 86 92 92 122 170 199 199 
109 199 62 56 53 56 68 65 68 56 68 95 56 77 56 59 104 71 131 47 83 164 199 199 199 
110 199 125 71 53 80 56 53 71 53 38 56 62 62 59 101 119 71 77 113 107 199 140 199 65 
111 110 86 56 71 44 71 68 65 80 107 77 74 68 59 59 53 65 77 104 128 199 199 199 199 
112 116 113 53 77 56 65 65 53 47 68 44 50 59 59 68 74 59 62 32 83 128 155 134 199 
113 182 80 50 65 59 89 59 80 68 68 71 68 65 47 86 80 101 68 62 86 110 89 92 199 
114 125 68 44 56 80 38 29 59 65 59 65 77 68 62 35 59 53 65 80 74 173 199 199 182 
115 149 59 65 62 47 59 62 44 71 53 65 62 53 62 71 65 56 68 80 92 199 74 77 65 
116 146 68 71 71 68 53 59 71 80 68 65 53 59 59 35 53 77 182 59 71 155 146 199 199 
117 134 107 98 68 62 56 65 56 80 38 77 71 65 95 68 77 86 119 155 83 140 149 80 152 
118 199 83 50 86 83 38 41 41 56 68 62 50 53 86 62 71 74 77 74 199 92 152 8 199 
119 95 68 68 68 53 44 59 50 74 56 65 41 86 62 53 92 71 53 86 68 50 71 188 68 
120 137 68 77 65 50 35 50 65 59 59 47 65 59 74 56 71 104 59 80 104 101 199 199 199 
121 149 65 56 65 59 53 77 53 71 65 68 62 77 62 56 65 71 23 44 65 119 199 199 155 
122 38 56 44 47 65 80 50 56 74 50 62 47 68 47 65 68 92 83 74 101 86 95 74 199 
123 134 65 50 71 62 35 62 53 65 59 89 107 47 59 56 56 68 65 50 53 152 199 98 199 
124 137 38 41 53 68 44 41 47 56 68 74 68 26 53 65 62 77 53 74 77 86 107 199 199 
125 119 56 53 68 41 29 62 38 59 71 56 74 56 44 56 86 56 80 68 199 107 199 125 199 
126 101 47 8 77 41 56 50 50 56 47 71 53 59 59 59 86 131 77 113 104 194 199 140 131 
127 199 95 80 77 74 77 44 53 53 65 65 62 53 65 92 62 59 62 68 116 199 122 199 164 
128 35 74 74 41 65 62 71 62 65 71 74 77 86 77 38 41 80 107 89 199 152 101 185 182 
129 125 128 41 68 68 53 71 68 68 47 68 50 71 89 77 98 47 41 104 89 92 86 199 199 
130 158 65 74 29 68 68 56 38 65 17 62 56 26 77 74 56 65 62 50 89 131 35 199 199 
131 191 59 71 56 65 62 53 65 35 50 50 62 38 62 56 32 53 29 44 80 176 185 199 199 
132 164 140 29 50 38 53 71 71 65 62 56 56 65 56 59 80 80 65 77 107 83 47 74 188 
133 131 56 89 101 53 80 38 62 62 62 65 8 56 53 59 59 62 62 71 86 199 199 95 80 
134 140 65 59 89 80 77 62 71 38 68 56 74 74 77 95 50 110 80 89 110 98 98 86 199 
135 104 65 53 71 53 68 62 56 56 68 59 53 65 68 71 71 80 86 95 74 161 128 122 199 
136 104 56 59 92 92 80 71 68 56 53 53 26 77 62 77 56 68 56 122 68 113 199 11 199 
137 110 56 65 53 62 35 59 35 77 53 59 68 68 68 41 71 92 68 86 80 71 104 62 199 
138 17 44 59 77 68 62 47 62 62 86 65 68 62 62 65 68 47 83 110 62 23 199 199 199 
139 122 56 68 95 68 86 59 68 65 62 62 68 62 71 62 62 62 77 62 65 101 185 131 199 
140 77 89 65 71 62 77 80 20 59 59 71 62 59 68 62 128 83 77 74 131 74 170 199 199 
141 98 77 77 62 38 77 77 59 80 65 59 50 68 59 59 56 35 71 95 86 59 77 71 92 
142 101 68 62 65 65 62 26 68 59 53 68 50 77 71 74 80 74 77 86 68 83 50 80 199 
143 155 65 71 59 38 71 53 53 44 44 47 47 59 59 65 68 68 74 86 65 44 77 119 68 
144 53 62 59 74 71 47 62 65 68 38 38 50 50 71 62 92 65 77 68 125 80 176 161 199 
145 86 50 65 59 65 65 47 65 59 56 74 68 41 29 71 68 74 107 86 110 74 101 74 199 
146 101 26 71 68 62 62 74 74 59 56 68 65 68 47 59 62 83 101 80 199 86 110 199 107 
147 62 98 77 53 47 71 62 65 50 53 86 62 53 56 98 74 56 98 77 68 65 176 101 199 
148 155 59 56 92 32 68 89 56 53 56 59 62 53 41 53 68 62 56 29 74 104 119 41 107 
149 158 86 50 65 62 59 92 62 77 26 68 59 56 38 59 68 89 62 92 104 62 170 77 199 
150 80 53 65 74 65 92 86 47 68 47 68 59 65 74 71 65 50 92 77 32 143 167 199 199 
151 116 53 53 44 74 71 62 68 50 53 65 68 68 59 65 47 74 65 65 86 71 107 161 199 
152 131 65 59 41 59 71 38 44 44 65 71 56 47 56 68 65 62 53 74 98 197 107 146 107 
153 137 50 89 83 83 50 53 41 56 80 59 62 32 77 56 56 68 80 80 65 62 199 199 199 
154 146 56 86 41 35 74 50 50 44 65 59 50 68 80 71 62 68 56 65 98 199 182 122 104 
155 161 89 71 62 65 44 59 71 68 65 77 68 89 77 71 74 77 77 89 158 98 191 199 199 
156 199 77 83 74 47 62 65 59 68 65 92 35 65 56 68 83 65 86 62 92 62 107 155 199 
157 199 83 71 65 71 38 59 41 50 47 62 71 71 80 59 83 80 89 41 62 199 65 161 104 
158 194 68 59 44 26 50 53 65 62 62 62 29 50 50 77 71 59 80 65 44 107 197 199 199 
159 199 44 59 62 50 38 56 50 56 59 35 20 80 62 29 68 32 59 41 119 80 199 161 199 
160 199 74 74 59 56 17 71 62 62 65 62 47 68 74 68 50 59 101 77 107 199 71 92 152 
161 92 29 62 104 5 68 59 53 71 50 83 80 68 68 32 65 128 80 59 89 83 101 199 199 
162 92 56 77 59 104 62 47 53 83 68 77 80 83 74 83 62 86 95 134 122 134 131 191 170 
163 122 65 74 77 65 71 71 65 92 71 65 56 53 65 62 68 56 101 68 47 23 146 199 170 
164 179 98 77 74 59 47 59 80 59 71 5 59 59 41 101 86 83 80 89 140 122 119 199 199 
165 128 65 47 71 71 53 77 59 41 65 56 74 74 56 17 74 77 98 155 107 83 199 199 95 
166 77 68 65 77 65 26 65 59 59 62 71 56 59 53 74 80 77 71 47 98 62 71 44 107 
167 98 56 8 53 56 71 62 38 53 83 62 59 65 56 77 71 104 80 104 86 80 173 167 199 
168 191 74 77 62 65 56 62 74 71 41 68 65 65 62 62 65 83 71 86 50 131 128 137 199 
169 137 62 47 26 38 59 68 65 65 71 53 77 56 65 56 95 59 56 83 71 68 199 152 199 
170 107 59 65 68 71 65 68 71 56 41 62 83 77 59 62 53 53 80 122 92 83 116 199 107 
171 131 74 83 53 41 74 59 98 65 59 56 59 68 68 98 56 71 50 74 56 80 35 101 134 
172 122 56 53 62 41 44 62 53 50 53 68 50 50 62 47 59 59 59 107 95 80 56 92 26 
173 98 44 101 71 107 77 41 38 101 44 68 68 89 77 80 56 74 95 113 119 122 199 116 199 
174 134 86 59 59 65 80 77 59 68 53 62 68 38 41 89 119 68 86 62 146 71 191 128 92 
175 95 68 65 62 62 50 62 56 53 62 44 62 71 65 50 56 68 65 56 62 50 74 199 199 
176 77 38 62 50 59 62 59 53 68 53 65 53 38 56 62 95 50 68 71 71 149 140 199 199 
177 199 104 59 74 50 71 56 41 56 65 20 65 62 44 50 47 68 47 62 50 128 113 104 44 
178 199 80 71 50 89 32 86 65 65 62 95 50 59 71 65 62 74 86 101 98 50 158 199 199 
179 199 50 110 95 92 56 65 56 65 50 38 68 71 80 74 77 77 68 116 131 98 199 199 199 
180 199 53 86 71 80 74 59 56 62 47 65 68 62 62 62 53 74 56 71 71 199 173 199 199 
181 107 68 71 59 71 62 86 59 53 44 62 59 68 38 56 68 83 68 74 53 113 199 119 65 
182 122 62 71 65 62 41 65 65 53 65 68 77 65 68 47 59 35 62 71 92 83 92 164 89 
183 86 65 56 44 56 65 62 56 68 59 56 71 68 101 56 59 65 65 95 101 74 164 146 199 
184 113 35 47 65 56 59 65 59 53 53 59 59 41 47 62 47 47 50 74 68 56 104 158 199 
185 131 65 68 41 47 65 71 80 44 62 65 62 68 71 65 68 86 47 71 56 56 74 116 199 
186 199 62 56 14 71 74 53 65 47 62 41 47 71 59 59 80 5 65 86 199 59 71 199 199 
187 199 98 95 68 83 68 68 44 50 74 74 5 53 62 68 74 89 92 83 143 134 65 199 199 
188 107 68 68 74 74 62 56 86 53 47 38 62 47 59 74 56 92 74 122 95 146 199 199 149 
189 199 80 74 71 59 74 53 74 62 74 44 59 65 71 65 62 62 41 68 83 89 71 199 199 
190 62 68 101 65 29 38 71 74 53 56 50 68 41 44 56 89 68 86 71 92 176 199 185 164 
191 122 77 47 62 74 62 62 89 65 74 71 59 35 41 92 89 119 77 119 83 101 199 134 199 
192 199 86 29 59 47 65 68 41 71 41 65 59 62 56 59 56 65 83 50 77 47 80 128 199 
193 125 74 56 74 62 74 56 50 53 65 65 50 38 53 62 71 71 92 53 56 26 149 47 80 
194 199 110 143 53 77 68 74 62 53 59 53 74 53 80 62 53 62 41 68 74 176 53 131 125 
195 95 68 95 80 44 32 38 56 71 74 62 62 95 74 44 56 98 77 77 149 65 199 199 89 
196 74 41 44 59 35 47 47 65 50 83 68 77 56 68 74 95 74 65 68 77 89 143 199 199 
197 199 98 71 74 59 62 50 65 68 38 56 74 53 86 68 80 59 71 74 119 47 149 199 199 
198 77 71 62 77 62 32 68 71 56 23 65 74 62 98 95 44 26 62 89 95 116 134 199 199 
199 95 65 65 50 38 41 44 65 77 32 44 62 59 53 71 116 95 71 74 80 137 199 47 199 
