0 0.19233850281513898 0.09318302779311516 0.15474300498480265 0.08372099952943057 0.03156748097642792 0.017187118637362442 0.025864493731300175 0.014470592462923815 0.015355983978083465 0.01640777667821114 0.0180194976250867 0.06438841553188857 0.006492969716066721 0.00736613286661747 0.0169713952242585 0.19835550299867188 0.01732249287171239 0.15625260696843957 0.01688911681130323 0.034454275923597066 0.0007362674214115295 0.5399183775416709 0.01478341017155893 0.018122736615821644 
1 0.17070119113113802 0.19559585118357958 0.17018249694169318 0.0007472576579088397 0.31550968996972273 0.30763575434055435 0.31178449068193226 0.010277314352593159 0.0009737548217318981 0.008454414258646015 0.005851778978701816 0.15431013387700077 0.15498546105893607 0.19746386011151307 0.15940316936773335 0.015526477739872035 0.16662251000527206 0.015623085690369631 0.015499003452721816 0.01395649678326727 0.02226255590920312 0.014458342986861883 0.1545243020394791 0.01526360345661626 
2 0.16256443510149765 0.17068912160212113 0.19095681111182206 0.09333344144049871 0.15439307319126172 0.3115848136188921 0.15509601090293113 0.016565472937150272 0.014761624436604226 0.05331342459467825 0.015076248691373362 0.15956847189663836 0.09296540936049724 0.15573705518620073 0.026044874997235734 1.1089927648545879 0.0026749587210921355 0.011354426989309552 0.04180241118075667 0.017285126875043133 0.0006458418006012323 0.17013221453783944 0.16982219990880498 1.2301383630347473 
3 0.17013801295188946 0.38011441195885376 0.38167348771600174 0.40098536500920545 0.3809304340528352 0.38026901581247374 0.3837142545378813 0.3817116426715119 0.3841697557076915 0.38019732499351466 0.3811949185597634 0.017762962930361503 0.016024957181765664 0.017627708081730198 0.15600216926932098 0.1565651867441742 0.09478369439506995 0.002256814518053929 0.015400267571980208 0.0053842598356697025 0.01789311157609008 0.17152274153494473 0.06462845910926163 2.5360721619901465 
4 0.338638265500969 0.014185074934389696 0.0041110931944783324 0.15696723637288557 0.16572734330183292 0.27031101563630777 0.08372172436524528 0.016147889449295683 0.3089816739589375 0.3086653121437064 0.028761991120665797 0.311855279132476 0.20625325876352996 0.053003148953983725 0.002525407115589573 0.1926231673747214 0.02291623215918115 0.1543074130379012 0.0012962368880429231 0.01518865665764979 0.16924982207438233 0.017295539437885754 0.08075805622400845 2.409770677663343 
5 0.38283753293964184 0.38291376125637666 0.3846802322358498 0.3839472505716608 0.1648557008624456 0.3114566602088551 0.30691863572447287 0.0008390017196564514 0.0027586648352508902 0.027421368530811563 0.004821133123568355 0.001666882406138992 0.005567267569367207 0.013985569847674295 0.15480084306106967 0.15468979484234358 0.1704857514916891 0.013998756317664451 0.17226593103769727 0.01865146232238457 0.17333670362363907 0.014154944836954897 1.6479100651538716 2.099468008894278 
6 0.17563880397821885 0.17536232013233666 0.306843139113546 0.002857483041372344 0.17069208825222137 0.3065260142735484 0.17780155902370876 0.015014970381218351 0.004247042606134066 0.16934455640016566 0.014923824340506098 0.17013493772026012 0.1689498436088257 0.26380236875134155 0.014603399901334857 0.015980415282441207 0.015660034521939536 0.15679320128618546 0.16890546895131742 0.0028115186364496836 0.17647259517098912 0.04212186388825545 0.015325448600312264 0.892637435236757 
7 0.9039853193475564 0.1693344235294918 0.30977018574664794 0.16915792658147155 0.18992803303934203 0.18243065340975995 0.183614148371821 0.33737442013658825 0.16972713824493701 0.17009476211296715 0.16944385437569043 0.6237786117534978 0.1709268154673762 0.16944744103015186 0.1710098866739198 0.07467398278748627 0.015089618925330672 0.17852718812947477 0.003533774916352872 0.00196856779705179 0.17233865493189504 0.015802268824497645 1.8371294954785962 0.019157684846857315 
8 0.17096255458159582 0.3163795861984886 0.3068085352146832 0.0063028055708707065 0.1796211099676155 0.00509424521532198 0.3070475817965985 0.31143183912847205 0.0009414702108037076 0.0017880416139393063 0.003391260907579685 0.15562117511528806 0.1538798047774259 0.15659989841654753 0.01510929119693083 0.001413268991047989 0.0006338049168181925 0.01395837067601935 0.01434764567193314 0.014699498859977123 0.6852395813493781 0.014744476819182673 0.17092302886894517 0.16862005894282572 
9 0.32297973600416685 0.024993491698344084 0.17332322730973582 0.16971675944713227 0.17576090174382641 0.17029047908421457 0.2548894443432408 0.24950976349117115 0.24708753990347487 0.18612720270965122 0.021135724143663825 0.0058253967507750914 0.16147530833317592 0.022931497168990678 0.014499817025492412 0.15415019045456946 0.015126509075522598 0.00026705606534305204 0.015513241993473592 0.19083893814826292 0.016973129311574464 0.15587500248143993 0.015663332189021606 0.01888416073152044 
10 0.4848052243503653 0.1693319056978817 0.6313085154945728 0.6311715676242258 0.015882578352701238 0.021074005355099512 0.0832389815296064 0.15537015416202538 0.035671037611566536 0.08502516843177399 0.1899787135685107 0.15438701150424916 0.015855121367172487 0.5392801739306969 0.16941308768836727 0.3790443866227964 0.01564379038760544 0.001713697339869924 0.17166049960838015 0.0009138963551253987 0.0011196527766794695 0.05422634800800319 1.9344182785915265 1.8756488149498443 
11 0.47127613652627454 0.15942481126696495 0.1566406849375963 0.013712931399560535 0.38679667750843083 0.38218352461057226 0.6725636422704995 0.3815107220529206 0.3839263595874782 0.3809608424710633 0.38027591039318587 0.15680460298776722 0.016017327221736544 0.1803061016789198 0.0166062152456945 0.17950815107199425 0.03297151085868055 0.15317615054257394 0.15921732547247025 0.003339711011049129 0.7777040813607652 0.16215371231322528 0.033150318013030144 1.9630937626846714 
12 0.4031001130698115 0.15075066947368465 0.17208997417499883 0.015207688511881479 0.022626502305433505 0.01710082369895405 0.019267238221550187 0.024900496333819078 0.019710662161426473 0.15744750948457176 0.17113713614653236 0.17581110117110765 0.38103521348864566 0.15412767425809148 0.01645827333193095 0.014665551954894163 0.0008149416040383883 0.5363055254012707 0.015578568216419786 0.0017500921139270709 0.01710568217761077 0.022380782338990546 1.4632590430010426 1.669384656767997 
13 0.17167038342345986 0.17339443550492484 0.1760043677561305 0.17253006090933543 0.17799860017545854 0.1852748578225656 0.0023559457729618316 0.007397741156335069 0.0028088071650511637 0.0155387026085827 0.015436000820924 0.00139507530547478 0.020667579069865827 0.004288259598767663 0.014736312869182644 0.0006771669267995328 0.1702415931788468 0.018409146883403338 0.01816211976961135 0.027145784761401615 0.005979471376392098 1.0854482555746716 1.9178415663302957 0.08179407605169042 
14 0.17393684240266616 0.16974894999285617 0.1727066085850808 0.16925123872977754 0.17233538188732922 0.16921978831015294 0.17169439728177482 0.1786942154517852 0.17335817842137602 0.1587177168579501 0.005903645803333468 0.014399847232560159 0.0007376754133043839 0.02324489653227957 0.01480284969224277 0.15371532386656872 0.1726911947449421 0.021607287658072405 0.17021344670503558 0.0009188378678941511 0.01734512119878362 0.15941458111073614 1.2847637684977793 0.6174065837203411 
15 0.3836424259580713 0.6574397586553731 0.635357362276733 0.17882715629619073 0.08711005280971684 0.014590638050777205 0.15758768659892075 0.15388391008763147 0.15547221573711822 0.15976796065572763 0.15710360309831994 0.15444944973365415 0.01496263676058085 0.014895150314150118 0.09486587121536139 0.15555983546726204 0.014795090043952186 0.24644512360681592 0.1547180062894944 0.01607023862449708 0.023459894429791017 0.016178195340391 1.1527791421069997 2.3099298165859596 
16 0.17157802145849765 0.556956301488218 0.01778551523181271 0.014820293707304977 0.018169729678716884 0.015755720297462084 0.015850243847209455 0.381742497113847 0.38044261275325786 0.017943525201550514 0.002653601411724882 0.01648046324130359 0.15495560214143378 0.1719136023629817 0.024768290031456974 0.01575237864936785 0.15806944219553398 0.01529464495965227 0.15705700034855297 0.19300030548950886 0.1736853531846707 0.014592288197289971 0.17728464217668582 1.5544255276416972 
17 0.6030719810996483 0.02536166177209509 0.018349147982382075 0.016208935032855365 0.015662676034124967 0.01426769117968485 0.01735568734866222 0.013990354919439785 0.029740750101277857 0.09681330823540746 0.15412164122430383 0.016988857353879006 0.015547868894884243 0.024866531632930844 0.001168794458443756 0.0042595866924570736 0.16117907222768135 0.029926111407604594 0.02155337913993849 1.484871702419047 0.15515501632030793 1.1073083501746193 1.9386612259850358 0.021106971080594228 
18 0.01894551391775101 0.41600515842030195 0.015151490958256186 0.15474713426447506 0.15396677511369639 0.15595930251971257 0.16663354524563223 0.2325148588681185 0.019982426926454355 0.01421329367549351 0.0023702049945386605 0.0021354911527060594 0.0021328617124289906 0.004581329301253323 0.009551066135983 0.002968755490535102 0.0026244371324790627 0.014726989432164217 0.0003573103891132412 0.169432762602727 0.01440264450670048 0.030234946422705633 0.01804783904336693 1.6201931935367073 
19 0.15557021870492949 0.0149950759936619 0.014143136383191202 0.01500011224618314 0.019441901683760587 0.020047749817110994 0.02050060430504841 0.014854923324504998 0.042217539552565686 0.005626965696971631 0.002787302922437007 0.0018639635701305224 0.24911590078972146 0.0019124400959524834 0.15948368895963339 0.027704571628440977 0.003630030251202232 0.015001179800692377 0.008375372415962534 0.04527527380883667 0.015359448767281236 0.1690905860631413 0.024714665039009542 0.15317473840504103 
20 0.5516365591187178 0.17003119019479906 0.171129182847239 0.36537987766181046 0.170224552346683 0.17002948276170726 0.17472055623672134 0.1711890640895617 0.016856884268960926 0.015697467952367816 0.017422543891427722 0.015496198211238266 0.08892716454538974 0.2083541115830463 0.3094535670978147 0.30781611214009974 0.001127131868492004 0.01811341990465065 0.004157342334410341 0.014650146322300994 0.15780956387123268 2.2341010488909903 0.01697240715560211 1.6762159853740792 
21 0.01583307319464433 0.026267316808158192 0.38675402641892664 0.3806639003110508 0.014361520702858677 0.0004947935721757446 0.1695261386134692 0.017338031105558205 0.1844748747478957 0.30811399876308276 0.15328873031598889 0.15827004856461957 0.16637946789508629 0.015373152867947937 0.15581005073913645 0.39039504940801817 0.15495450174444958 0.002143440735323132 0.015548591348864438 0.0006065487728164065 0.1716593658832395 0.31157994241813824 0.3060545500193348 2.375717442104737 
22 0.16922093604277144 0.16879166722440497 0.384331012763933 0.42514385466812676 0.38539493822790827 0.1615905345901827 0.1639479899052485 0.17993469376641946 0.15532670951951322 0.15905505098309747 0.15960271886354405 0.15663121466649166 0.01912372908379778 0.37955882647985595 0.44479836567438946 0.016617525880695094 0.016167955106401344 0.002136640970357817 0.2221406222860205 0.015161941707918736 0.025335349492363157 0.15465025419531475 1.5717953564294072 2.8349838056262 
23 0.17043501232851188 0.17039206251654027 0.169480105371008 0.3699184984751003 0.17605315722827308 0.1746465116783842 0.23299025481277713 0.1785226949411518 0.014684866340458846 0.01685753015548963 0.035356083049720155 0.027405187097445438 0.17111652497211494 0.1699080077814903 0.004999677754883969 0.008855816645111148 0.014089348080172037 0.000928479629065837 0.0027304939861161337 0.02004436317384295 0.17375695159747218 0.1618882488612543 0.021060707631114006 2.3470761366003634 
24 0.1015651732462044 0.15751463046741643 0.16164333848407675 0.0889850872495972 0.1738377514801568 0.20767595284013418 0.1538719355676781 0.019956612259817597 0.01713231382095648 0.011043661338823174 0.028882660328228393 0.0051862803715296835 0.017902534397755243 0.15826992077074142 0.014953429149193731 0.37236564495035585 0.015475011758777413 0.014890612994002517 0.0020195434742835694 0.0145675727213046 0.003708495651904453 0.019336856390751667 0.3080789211842081 2.6407727197580346 
25 0.17466510541748237 0.17651519676486394 0.1697895744009279 0.17270948639661765 0.1705256788190721 0.1687028668962438 0.1699331070668788 0.1711154617218782 0.019390207719035768 0.018009720739530444 0.005616209548267026 0.0013123304962840976 0.01578992829880299 0.002192728459154303 0.01565219342576718 0.014528048614483424 0.015182561900877634 0.1668644084192321 0.016735438310695017 0.15597780030426223 0.0006373972007094331 0.01579138917571621 0.015209013436605634 0.15390904523583826 
26 0.17786983202278517 0.17670391607310076 0.17260662406565985 0.16965092258217118 0.16478514557623614 0.10262324524739297 0.01913327579912316 0.08473680225419011 0.017617678735359465 0.08748738313149174 0.017424463682559566 0.015740177977079384 0.015711196293472618 0.3806571098699716 0.38109609865856253 0.1686992433152672 0.06855647897753991 0.015689648342173346 0.0026150090853525043 0.18641870345337708 0.0013730602977384265 0.022209196179312496 1.9220873388779676 0.015129332983953692 
27 0.017841106686316 0.017422441434025604 0.023741919952698698 0.01978326131207586 0.014474719079045961 0.023938341134494667 0.15362735509196468 0.1561052603826949 0.020030956358023655 0.015670641269606378 0.015875400779441495 0.004918580002816864 0.01467713118663072 0.015049035527575416 0.001166121463788361 0.0011413088387808301 0.014572936698179273 0.000957364927027804 0.014331140975911705 0.015243617499841378 0.15584890749998492 0.1589247070466353 0.01926021749405571 2.009090566231493 
28 0.17010110590215266 0.17916774034553185 0.20455642910213445 0.17085508133752936 0.16990958147746427 0.17163117372722558 0.16934973078809068 0.17093408001776855 0.015944627519400623 0.014024168580794694 0.014752462939382038 0.0210797887185028 0.029005529102168914 0.014653426355192511 0.004672836624643573 0.0012373768218809644 0.15802528938834426 0.00033555206089985745 0.004946412289255964 0.0048836949705290955 0.8669146455125001 1.1094676818842593 0.26634172159230496 1.9836004541509908 
29 0.1732792524523863 0.3784633900454626 0.390192301494259 0.3832451159168746 0.40212565291393565 0.01511197491587657 0.002543781845651072 0.1590555773857807 0.16272973367687316 0.005783803250862363 0.024345955318905155 0.016399299631926656 0.2835858942192653 0.17190570663963478 0.1715652989594174 0.17336168668244478 0.15798432075148083 0.014332915724753814 0.0007813169642392204 0.015570444751045631 0.014855722668164706 0.01590826040925286 2.436978677908977 0.03348537530676943 
30 0.17205250162100505 0.17879359778726167 0.1735093557043641 0.19696473665713943 0.17882246150483394 0.19519959216940186 0.1692093254814171 0.17344315355873108 0.0010431945925293284 0.17310659146369245 0.17616656719507162 0.1710785165033295 0.2089705151200838 0.0012295204221226541 0.15576333138403875 0.15389870237106806 0.012642470134082817 0.014838818302262524 0.0028035786731606116 0.3249238236836707 0.15419593693575817 0.00489543251662905 0.1599111320923634 0.018486480648535863 
31 0.15400261794988634 0.01620083208232126 0.01741966662391148 0.015593823262178397 0.016274563765157346 0.031962346444407874 0.015053430966329273 0.22848373843346348 0.016692646810529954 0.01765041564730252 0.018487459105394066 0.6920052258168887 0.0011578686617266243 0.0007882442224476094 0.0024468710061733567 0.018864821753290073 0.047036410934163 0.015926520352671947 0.1709165339774441 0.01607310540565976 0.1574544480508695 0.007668574823134655 0.005187553575713544 0.5638418876598779 
32 0.1767909220357462 0.16914168648847205 0.17110597268753458 0.17778095861078658 0.16988348798714759 0.23471357645151225 0.015776970180541916 0.17056496258135367 0.0318185902443342 0.042114164181884295 0.009712600294782714 0.01615073265409883 0.016866606248031157 0.014388200272007268 0.014765714569946908 0.001625975622610465 0.01551981900928423 0.014181636058196556 0.02536304461975636 0.15411777493698042 0.031180051762329963 0.021993800842394773 0.015244101752680983 0.17289666068014142 
33 0.2195986023075811 0.23961697039931518 0.0002989034692921777 0.16935881016508314 0.0038826012294954637 0.00706323433812539 0.007779326874444603 0.002405639723655373 0.5888526141939703 0.016593878218710945 0.3390038556783388 0.0007859278065809328 0.1707768785545729 0.17004632902555916 0.17272824595700498 0.0015133769968898036 0.019039788110951417 0.016166439943715805 0.1580837289555619 0.15466947528014519 0.15458940207193073 0.01616820272376307 0.015740395841223886 1.5095248240955281 
34 0.1709010638508881 0.20776651916426858 0.17590708373502362 0.1721833046089285 0.1749430191597232 0.01524004832490844 0.017738473599413496 0.015432466136781287 0.1556968939030703 0.15437718381151755 0.021317118117604394 0.015688324089664807 0.014941399617785844 0.016217230974871377 0.1744952000965021 0.15480026330272745 0.03240468227784277 0.014615389896033726 0.41984126488374107 0.014680965602860141 0.014722050358491057 0.054095693787625354 1.2117162786075006 2.6825303698037777 
35 0.1817113666634247 0.16905207610338624 0.1701912154031957 0.012505841217234526 0.015155599617907356 0.1736062006533523 0.15532895594140617 0.15486992866799554 0.18330823272192442 0.15500314785215163 0.08773536506127799 0.1577261716754801 0.016101831883112094 0.0024565903595523686 0.17278683650836668 0.15601017987514698 0.05820182398253504 0.30707083728803597 0.15430610979279624 0.01680154099212139 0.03124296887115241 0.001246161372108201 1.7000619483681825 1.4927291502102733 
36 0.017976609612818883 0.016166730538545337 0.16062163719868283 0.1558838903593156 0.01747001695287942 0.017435228863373453 0.17409543541036254 0.014739617541850158 0.014446380701397032 0.01637399502303749 0.015515102537945857 0.019000590220580094 0.014961475876791752 0.014910522696009565 0.0019524645938697738 0.014397147679521716 0.0013822740997229133 0.15755345794156295 0.01580226480931346 0.015658419127771772 0.02144574159449819 0.15411299317930882 2.183089138326272 2.5856435130676942 
37 0.1698557793264439 0.17672148682626054 0.17270120390764254 0.1691634962391957 0.27255538757678877 0.18161465174299862 0.17360320652750572 0.1997648756731354 0.16966708752421678 0.17209379513778322 0.1696759470936673 0.16966946558127272 0.1725744276265293 0.16916884551347633 0.022904304444506973 0.015566713236106366 0.002117973813929641 0.001047040341059624 0.17141279586916247 1.7104891521927719 0.1547568653911846 0.15801379243331715 0.014646549196621006 1.95975704945618 
38 0.3806086867575358 0.01789609226106048 0.06721562607925646 0.01745468155130192 0.015580879548143578 0.016429541623418142 0.02319583347041565 0.019232171901880424 0.01575792902500428 0.014050650753027583 0.015852851014049207 0.0006728737543482133 0.1808636776613728 0.0160822212391043 0.0016723085768894919 0.014483407541766802 0.1636713422663878 0.1592424087650841 0.014441238594290695 0.004875090359214074 0.026698968200635775 0.014814144827375308 0.17716984619881004 2.3012487585343426 
39 0.17973740733410093 0.3090283413506263 0.32876529445199676 0.3206954639715063 0.0008782081821996357 0.18800747635247306 0.16238890545131923 0.0006485244463418915 0.08877150744607731 0.3792784914484377 0.0009464321707315371 0.013081712024409775 0.15562662582821862 0.15390381630038785 0.015515387080149434 0.02086406092709403 0.1625600050230338 0.0006241667606849965 0.003608719175854702 0.01522622121743078 0.016155933959898228 2.00172347265638 0.15336567529418854 0.30764624672783447 
40 0.22565115450540385 0.1756208963634842 0.5835030404530532 0.010195656725877189 0.0012164945914383551 0.006000181585450903 0.014662200714250506 0.018388170421197447 0.030521588897031382 0.03711850155918617 0.0029387707551422615 0.001689509635530495 0.014610450679224396 0.00205503654081296 0.17097676308183796 0.016960701720696303 0.013433277928135201 0.17620674089391386 0.002486868295474398 0.15406990093615103 0.016334580014076838 2.3693709378757397 3.000262505078095 1.319809109826935 
41 0.17664507091111448 0.17306057307378975 0.17197965526262204 0.16977367653972664 0.0016414017640316025 0.006995324089345001 0.14309133984383005 0.018632113520395954 0.0020591998031975756 0.004175283390254858 0.0020026492992410994 0.002289094299968486 0.017150055774116435 0.014649530764576646 0.01594932028552165 0.01546238828004709 0.01426352541096465 0.014469409512135378 0.016642141752429396 0.016581375838541135 0.15852786199045998 0.014934454319566637 0.014741815130437708 2.340315022609973 
42 0.02097437444104777 0.017659445177090838 0.022495842323424053 0.1609474782310305 0.15466539971655835 0.38421059085422393 0.3861502189794168 0.40030010561297735 0.3824743655316316 0.3920579093291312 0.15454241374845124 0.019642389500995172 0.1592296235284536 0.15891414034660456 0.15360479222371537 0.014552881143645724 0.01786099893263904 0.014797978948679624 0.08475531669140213 0.014150256783562742 0.17464704574523515 0.023784509374578544 0.013828692501399953 0.15548908921455085 
43 0.17085974333207687 0.16912110519147072 0.16911225475404756 0.2274086469152341 0.17162893703836968 0.0008304508385261755 0.015581848202299575 0.016376128115714206 0.018926889938745806 0.015600196294494495 0.01702918117881902 0.014926577254801732 0.014455300169969654 0.023368974219595273 0.01869962006998982 0.015147367650126586 0.007208047784152072 0.013778404504048325 0.07760895632190445 0.010773780750638728 0.04001099170121991 0.00152335068798104 1.8598112147699652 1.30305812670282 
44 0.019634149406818846 0.014838978532778935 0.015097903934302881 0.08157019229053919 0.3078937087881328 0.31474690140933603 0.48326671388055775 0.014446212886141563 0.025797674501886192 0.016129845674100363 0.014830375314454525 0.021007473255786113 0.0005118709723745951 0.028577794154317715 0.02000789333431463 0.014933458904164087 0.020420838976719313 0.0177208933899764 0.0018146004365178214 0.027823157480109106 0.02351858645141025 0.008203197249874616 0.028387327381175886 0.0007052399806255494 
45 0.3856441597077065 0.37989599293606124 0.38259042741973137 0.37967241122489126 0.9248038247770569 0.014224290683268137 0.016012980575325297 0.01142246350843834 0.17179142170363604 0.17021314879078964 0.006460442373032116 0.014451124316381847 0.01627543693800826 0.017909524844479385 0.15724190653247083 0.3066696652407357 0.00041655114445449115 0.017384577625873643 0.15718020581275538 0.02035221060875747 0.015676760782933563 0.388721040873645 0.018161274914485492 0.01958057983156447 
46 0.01791594814192221 0.018659511973179832 0.036999582244598095 0.011141222701540165 0.0023521471322425214 0.0014473883585917058 0.014994648030187019 0.015110226880026723 0.15812653493860296 0.15686976825717358 0.1626756627171959 0.005211571943031679 0.0006882021274505767 0.020817455530460105 0.08486812097455299 0.014396734463378191 0.007638148489601981 0.015737996729856985 0.15485456634514128 0.021634434414575132 0.10459591116792444 2.1190589358623595 0.38763845619813897 3.294290141548733 
47 0.38470853170297725 0.38196086217573133 0.38158094480678684 0.1631391844071668 0.15542692441502015 0.15494846130965456 0.15641051916929816 0.00200337902434633 0.01522059609351567 0.03118101038411769 0.015952287340268878 0.014479166239218522 0.06952871226105195 0.16918141726875713 0.15508555754091446 0.08977488208291406 0.016054255774097026 0.014005785896264111 0.022485714401998536 0.16320763907497793 0.03169774640016687 0.009086287594382458 0.30774265937942547 0.015504962366807096 
48 0.17194618206230827 0.015346234954979998 0.014927335520843688 0.01788594329526072 0.015656512492110863 0.020957486833435013 0.0162618265429062 0.0182288632986789 0.014802224242346007 0.015400961875006391 0.015270524135754027 0.0068359596090115105 0.17169853737815632 1.1648469084975686 0.01773424539215851 0.15634068063802165 0.3357931738790214 0.1703195930679524 0.01641899094297905 0.018635311868737237 0.0021030310280516495 0.0020233531836542085 1.188527810529692 0.017612157374336856 
49 0.17077999763154628 0.16994207568535957 0.17320595521304738 0.19530360665127744 0.17156011704916252 0.1709022447424664 0.1769024902791747 0.17115768490491545 0.015196027235041765 0.01597002365866107 0.015557929250562097 0.002451663217282629 0.0025798986430154436 0.00458672508511615 0.0031216546686057 0.005191051827435178 0.018904153819121916 0.10853587870215953 0.01497937289260065 0.016907756678084418 0.031301349195982375 0.1611142012835156 0.30378104493119484 0.016194376106677844 
50 0.17373447586224633 0.16940495108588727 0.16960369452730495 0.16890811230497849 0.17321905590079467 0.16997828213234745 0.014725407556818837 0.017994898883495924 0.031049005124948348 0.020453895599965577 0.01743701098557482 0.005658259664530707 0.1693175836142473 0.019761894490719634 0.0372675817709367 0.015508176921771977 0.01783713630757955 0.020246853208031546 0.3820510424250494 0.01880382898076416 0.1556005456678513 0.15510829129393966 0.014393410992838085 1.271427349699549 
51 0.3826596054054776 0.0041445458575823935 0.004754932961205327 0.01176302956382358 0.015113701519357647 0.016953684033667482 0.0038683272353718934 0.17099620506438362 0.16991755453092994 0.172897873568423 0.1817954621586495 0.04763912684630256 0.014251988006560357 0.1694037752757529 0.1537264026706051 0.006145092727704693 0.1686817134253109 0.016093371947431212 0.0009179437837314453 0.017962467984183217 0.30720185644468456 0.02067611060986696 0.1563275633271306 2.249598368917135 
52 0.3893159669588253 0.3996849773804909 0.3861618233834916 0.44781271864635097 0.29143376906118346 0.1546554165126761 0.0017572169404407312 0.002808316277607581 0.0017971623357810884 0.003089100906016551 0.020013184936157558 0.015024663440752484 0.01982957412829034 0.0010657376096863125 0.004085420176498378 0.011542925768732282 0.30735567539322783 0.014591449301120107 0.016870764517736614 0.014742406776701245 0.16346684460874372 0.003083675803148278 0.1958372267438775 2.0202103983070256 
53 0.17263078753293293 0.1912928229565598 0.16946052135794476 0.17265061886591782 0.17177873608790728 0.262762395761281 0.20202677782543077 0.19316291380075312 0.16995133677834895 0.016630854870543388 0.01884062120678376 0.01655574150069894 0.014226669993972596 0.7459102596028833 0.1700273190206314 0.021530131647264028 0.38302472822797196 0.03874484913734433 0.029138353652274684 0.1540058750273925 0.01663511256422545 0.015792145355692178 1.8131175631504124 2.069055866001454 
54 0.4248922341118928 0.014305075005447865 0.15374153257714496 0.15456114905427287 0.15664237291999283 0.02292861957408654 0.013664273841306862 0.00888326156890562 0.010090370188243547 0.0006808903264392541 0.01371732765091993 0.02477871774086271 0.017194103770865166 0.013144877996969395 0.15603656364711638 0.1544510374439907 0.15388583396607913 0.6690520994179403 0.003051232472450316 0.005120786251991749 0.014897415956759197 0.2767572012512802 0.02026255367979779 0.03409008827277615 
55 0.015969634648682174 0.015010231301599841 0.019517605738884836 0.014864558319155119 0.014710175981790474 0.016419725596368284 0.04580642443692318 0.016889030032730457 0.01688581293902791 0.024188874001453975 0.045044692119039276 0.03828578909410085 0.15368301089574676 0.022095485608887966 0.015478230513205293 0.3816129815370084 0.15855646462629336 0.016244056667599427 0.014151094330886682 0.16075692319234314 0.017628761803650583 0.17417883227825715 1.8323739682588314 1.157923417763428 
56 0.38189141304001106 0.3850948838376249 0.3823265855280078 0.02259726708877796 0.014401442833320566 0.02009405604659742 0.017321125410645788 0.01471916456321365 0.014561899852605364 0.16183195293534913 0.002644547983940093 0.18060007450627746 0.009014521389079988 0.17353722080414768 0.010797291070407056 0.24692280618967488 0.01742741753775645 0.025000193757464206 0.1739784400068849 0.02397107922666253 0.0009403380254577876 0.1762208283865836 1.588249689666299 0.5847013557147376 
57 0.3816077493769481 0.02390084812592974 0.015539453535557524 0.02011087204726314 0.014500892256592124 0.01746166556513895 0.014500348398950091 0.0145224318263657 0.014186477983014978 0.0011874971931962186 0.019623571943232943 0.1558759664633138 0.015331485628961694 0.1714530669241192 0.0016895744121030454 0.16918661504918764 0.030638824609352078 0.02053439797458667 0.41589246522099343 0.014468410326280434 0.19279756357572264 0.16429648264686558 1.9158550868850863 2.107163341063914 
58 0.5067563553994654 0.022684280724291295 0.037393928792504916 0.01622682974523304 0.16474944172935002 0.020216611387729788 0.016661648295955622 0.021031435481361438 0.01640809524723874 0.01404257973430223 0.014305738855921124 0.40468041114758857 0.38057508139557283 0.15899334966894685 0.018911688352262868 0.004896180166234831 0.01533157096370763 0.15410788308440293 0.015358139707358998 0.0009460656168887027 0.8687145658862372 0.31918384824364887 0.014703990348365892 2.4942517568968436 
59 1.4523887571654317 0.015677546536919884 0.01592341379188822 0.016475307594968847 0.016212128419345273 0.020772518274444263 0.018165800071498595 0.15440141682088004 0.02363704698870306 0.09406976000425438 0.15709241613813085 0.1553240704928749 0.15431082433659693 0.1604739125355754 0.17089481692357378 0.3931581715526813 0.021167078184328947 0.014565407677952447 0.1762208192906758 0.17407139503449498 0.6751695784839078 0.1760614615168432 0.6405867324338135 1.6207339704837163 
60 0.1718224609810457 0.16957015892856808 0.016396763923843594 0.015761178018534938 0.019554138344042293 0.01674898879507669 0.01613900879317809 0.0009541432723350063 0.002787164815388099 0.005732207236060827 0.01589830639731593 0.01494685286278541 0.039049550378222886 0.016526811494799176 0.0077702043245881924 0.0011320800794085706 0.01403017682701746 0.0009458079504667261 0.025835361671600054 0.001013779196396225 0.016980575386774888 0.015366726392509467 0.8601616778870167 3.9201128612314893 
61 0.17356225601108677 0.3646893411899472 0.19828355332612202 0.17343707177093992 0.17299628974178405 0.17154319631201242 0.4074352826964538 0.16920446172360792 0.03117714138376293 0.17265102428645496 0.1751704024640317 0.015075904972202903 0.017109225140517825 0.17295741460353753 0.01874355054884269 0.0017912906662282957 0.15489703829099133 0.0032612532813232065 0.015345779634916568 0.17508750926782501 0.17364246677786177 0.019397653301646223 1.5592585307230677 0.017666158991110237 
62 0.39454106653763854 0.1546256441643301 0.15457173834980664 0.15703959910253795 0.015324543226196141 0.014929810640120333 0.15535696496124052 0.15496774541535552 0.014604158551923874 0.01507310043987653 0.015452698308694224 0.014361882968788375 0.15289151980785065 0.1536593805849671 0.016206702915542603 0.024035474466508333 0.0023840307937508243 0.08654889556781975 0.30794478398121616 0.008739406670001504 0.15541509420322108 0.30865987227807423 0.008834312622768792 0.15421548709867827 
63 0.015569818771208777 0.17058561527902882 0.17078750051689995 0.16888692222369972 0.16876964628053637 0.16997414553629708 0.16912450773257293 0.18296051828305582 0.1713993419387856 0.015268815935977731 0.172390247089933 0.1721746135650679 0.012703772391436274 0.014621576658521818 0.15551053146582405 0.17367569871490418 0.016651946245171967 0.16051461647162624 0.014156138310152055 0.016988574718656224 0.15777311837267716 0.014545086772454585 0.029913727145801428 0.16479969611503753 
64 0.17782491740345452 0.3799767036223993 0.019186053468818187 0.014603404489480276 0.01615748194041222 0.014631882717967226 0.016500092719514914 0.019180646755038833 0.015924054682007416 0.0005238355022818553 0.01659617241275413 0.17259742534069988 0.02963689597641883 0.08475446724998181 0.16959694355335042 0.1811796422904417 0.1618254707795863 0.0009246737777566238 0.014054354138636871 0.05910250844438947 0.015146024356008425 0.015672529734912732 0.3073011107027901 1.4900768572021597 
65 0.7221294133596807 0.174254804073249 0.1823556739479657 0.17013897970975678 0.17290085110032583 0.008197442102576336 0.02461713879792926 0.005542238086352125 0.004801725141158286 0.014749856685609242 0.015165922998916948 0.028273139088404786 0.0155222852390704 0.014877787533983167 0.17031473398462915 0.17234307117916448 0.002495521006192547 0.02796077780572226 0.02385056152343168 0.17720367227038025 0.0005944938976640834 0.15570707477848988 0.09530148214968137 0.16277977126704823 
66 0.3811198688148534 0.6316252694677105 0.8711996255849972 0.003173414821031617 0.004959568534433689 0.38389435683032347 0.018042203903513077 0.0004641338943183193 0.009661358077112325 0.0057862451565902084 0.0007532528099387648 0.1189402829805788 0.014441847104532002 0.0024472802270372185 0.015333712448867942 0.1558685650275713 0.37983326288370467 0.003904712400458976 0.01557271209059996 0.015259220788115702 0.020795701441470804 0.16909937315648627 1.3821001641953998 1.7976688774139291 
67 0.15957455118741426 0.014955879421443719 0.019544627490751587 0.014433770834927362 0.0163308530893862 0.015533766191277998 0.01685726906757301 0.014847372184606744 0.020746454327806862 0.03190600865916737 0.3796974803099804 0.13421782503026303 0.3864296575671735 0.013888456971609564 0.0010513946829076026 0.013447592825247323 0.014286480897855558 0.0046652079484812425 0.0058816868880251505 0.016831398420240617 0.014621898926869825 1.9129477425942225 0.01788230079011166 1.4922390945985575 
68 0.16988450570536262 0.3557371341543254 0.17197076209396678 0.1716341806271091 0.1712030951762613 0.1913917017381992 0.17024716762222547 0.17183192673853087 0.17909155131526933 0.17090757534438072 0.15449282438916678 0.015910216893285867 0.015365256000559047 0.0030973528597706412 0.1691410606034338 0.16906914180453003 0.5303657231763155 0.1612608294444169 0.01464478866693586 0.17607952780949243 0.17445736608756435 0.016369202531478777 1.3828768824528614 0.9705256483559164 
69 0.38200740974481007 0.3797326826441778 0.015566862810843851 0.019771680242988587 0.024157120129384424 0.014181594338077197 0.01400943659977738 0.16518731079461935 0.31212317185226723 0.15452051349455131 0.16580833120996719 0.15925825819351336 0.03968513185658962 0.014344197667070624 0.16999582516636447 0.15648184120701103 0.3114460695548904 0.014497915298075537 0.022904409943006243 0.0019807853171971423 0.24636699543786533 0.020638817559851752 0.02461657419139307 2.2942391483634585 
70 0.19358462595868575 0.15512080757857705 0.15431520269272037 0.15413927329010058 0.015966052462101032 0.014312854994690483 0.016983387977341113 0.014352217861268723 0.02023661013212319 0.015496332962129156 0.017234057921430068 0.025364161611689084 0.01585131626166625 0.004496996810694931 0.016442183899000984 0.005677143318084443 0.014967224271950297 0.015090481326195615 0.014994077280749085 0.014907704315948234 0.017633636224447358 0.15323015463046064 0.017198064669826874 1.0771599113116004 
71 0.016686061935798246 0.019067500968726225 0.015354902225377831 0.016022049548846784 0.03673949445915792 0.1691620844909425 0.01702852235666752 0.03561764768278897 0.018866863085564844 0.02283969811340114 0.004497277435873137 0.008217723382040631 0.08732736227275995 0.15468191960676303 0.015887028577074247 0.00777125015343616 0.023041368659209027 0.0016756637138222175 0.08468329510760308 0.015621024452769472 0.15753711981285723 0.019262579796153645 1.2059005744690365 1.732064709021259 
72 0.1725777897455283 0.17935856723653054 0.1734813430079325 0.1736840989020283 0.1737802832521289 0.17217283059144384 0.30676348110166707 0.38123437788638515 0.15636757440800797 0.3866214241345325 0.38213074125797464 0.016457773313678814 0.09131559066756867 0.02618349406105347 0.02191646877901343 0.1542278859115329 0.30697550103930427 0.013979862427494716 0.17078261359575042 0.0029251269950125725 0.020303831606968803 0.014089978384235202 1.0697379394163495 1.3179347578618352 
73 0.012528680201261189 0.00019778400118930506 0.01598703647118027 0.021703988921277784 0.01950853590429391 0.026672903061664588 0.01919746188549798 0.3067227298406825 0.31212607198403997 0.01577901954338312 0.07433303863891405 0.003878808784827825 0.1704300831647454 0.3071345461041395 0.0013787203834336736 0.015251117475384657 0.0031243593763332633 0.014980674275471006 0.03427686208333691 0.015863996065724972 0.0017510159379447998 0.016435705182365368 0.0379627365335411 1.3211725818611082 
74 0.17176827847592868 0.18182167374165004 0.17664176968545742 0.17421527958258598 0.17862930714542524 1.0865309710343865 0.17028342804255048 0.1702907132947613 0.022349686477334707 0.014581638822669607 0.016193343340336508 0.01427705851318617 0.06854854056623072 0.0018567692352524645 0.02003845382149816 0.01569766236845549 0.01475940064175596 0.15831945563191852 0.16326074712157124 0.04754445112800987 0.1744103301290758 0.014868462815299743 0.01542525949538609 1.9431328397999845 
75 0.17074425226793521 0.20078856309805948 0.1687961164797771 0.16974470131015695 0.1697932008053693 0.16929959625471636 0.1700638017805982 0.17161616662847456 0.17020607195349746 0.0006970775269339313 0.1562338241862431 0.15474093071837136 0.0018882447402144287 0.3068969984779357 0.16896684679813156 0.0080369222573764 0.15629479958058146 0.007323619189294472 0.016259521166559043 0.16919999577921585 0.01639792741505186 0.018022109973795608 0.029422196980136928 1.5775973925997127 
76 0.015568940335124015 0.036241451507626365 0.015369120687730664 0.019687559889929762 0.9677486077888384 0.05373124835459375 0.016029739007577426 0.01579474722317631 0.016569748683676 0.014040698591945233 0.025585004676595524 0.17011513291903024 0.38005972203210736 0.15648620869793795 0.1703600850043987 0.15872366536491134 0.01566228261821312 0.018879187556872346 0.014268032286220311 0.019180045280292823 0.5133731433206719 0.11913963723874166 0.3387355869506501 1.6640852785711 
77 0.1718591200157671 0.17335966294487726 0.1698547055661177 0.17141126585711786 0.1697088842892176 0.17061527874710758 0.18850043924477666 0.0036999868937561686 0.0009901712479618574 0.010216122234922409 0.05688062318266729 0.0027928866951949516 0.16925969240145466 0.16913917454475524 0.16956168097314728 0.15356342017665314 0.014738206388896113 0.15728620086748468 0.01623643412039577 0.004325516786419126 0.014849101656326358 0.02238457700452523 0.0007477988939976754 1.142672219304023 
78 0.16903616848721947 0.015081195717114415 0.01564979830670543 0.01587619497750614 0.014644138647885718 0.15742636745005534 0.15527587983394842 0.15538970877635871 0.0022900851502547503 0.0512015114030655 0.01672633858274608 0.014395338317693795 0.31074461555646216 0.3806530385791129 0.3173608550530651 0.31095405114244445 0.01524446956045944 0.0063550205926370396 0.15882762296878972 0.270364645813006 0.014238463833924353 0.31348720038469646 0.174650658412965 3.0000360946475215 
79 0.39303024669375586 0.017160614986137634 0.01433267651818726 0.0015774171649489688 0.0017296969788702654 0.015041081053132732 0.015222051074086806 0.01548402766130641 0.01600729906266274 0.3063309447042888 0.0022944397304378583 0.013943279808624087 0.007747144617731294 0.021679013967808025 0.15728776016824897 0.15365838168974588 0.016511139463093016 0.025682930548259097 0.027807561481749676 0.31585495333930935 0.17303027503749568 0.21531243152917945 0.0016363845042031144 0.1565929787746183 
80 0.18004472452131526 0.15465532651746372 0.16171497471419527 0.15971736291257432 0.15465545954730997 0.020155859651082242 0.16277386402666494 0.15334837415574154 0.15534371459690388 0.15720023426154794 0.1547216880823461 0.1699711461388449 0.19044694008583152 0.015878734132565242 0.004827890915047206 0.1611212413231642 0.15421173562667412 0.014022522444367969 0.0034789230066625265 0.0030123688866487974 0.01493233675800143 0.015733881126493543 0.1789522875580738 2.2444044400654533 
81 0.38172210103666626 0.4637264602049902 0.3836541801102049 0.380007106695764 0.04446112818358472 0.0190226581186681 0.016040470297092213 0.016161353266830325 0.04528722528663742 0.0020465727861966876 0.1699800856567093 0.019608095224052047 0.007576001039455882 0.01492435129225278 0.016495352384027218 0.02015780708345538 0.015166987674938515 0.018001312961899885 0.0011928321124252683 0.015633465407876912 0.01594756783661122 0.027432071075272013 1.2736414516493755 1.5618529298536186 
82 0.35289158881755456 0.016004026300941998 0.1943088793462966 0.15901627373131255 0.1565922930348569 0.16198334090445754 0.1539037148502591 0.15392713322307272 0.15645083256416137 0.017587154717308984 0.01673271384079733 0.001595211195672519 0.015248241868518697 0.15381058677707382 0.18945672708821548 0.15539846284251047 0.155282057534337 0.06988837611331711 0.017510848380129396 0.0008900335396084813 0.11464283378595241 0.15423898220531362 0.06710671634117915 0.17609411377711592 
83 0.38187409557684115 0.1734929583524485 0.16906025456303908 0.16903225624500262 0.17665415199962786 0.17364538497165216 0.1712021761490048 0.17219473786331463 0.17288027170799292 0.004590423018581369 0.0016428277819611203 0.15798067848304598 0.15542733584773827 0.021170242811292095 0.18729731005409045 0.011267639335333701 0.014601733221378588 0.01530759306924745 0.0006871661676788321 0.027086688200877784 0.0017057711654908658 0.023698683650958507 0.5552970450592243 1.3936029924472684 
84 0.017158977774959894 0.017317516019717427 0.015433978704300078 0.0144750529980886 0.0152676049021081 0.016841661875985903 0.0650796974254102 0.014631019784755228 0.017930481045058233 0.17237395183546633 0.016069560807657535 0.014173523246371111 0.15608039959562747 0.013844669711735591 0.01082255162836665 0.019392450698607178 0.016928704920061932 0.1714169504911789 0.021975314066431384 0.025592093389597448 0.029247957233334176 0.014538554483227273 0.021939417043991494 1.626340814591205 
85 0.17172220074847577 0.042172602104139756 0.16941380812748963 0.019552953664535355 0.014713496009894023 0.020771035129496074 0.047547273223357056 0.014994351341878431 0.015532389473418728 0.1976996377924607 0.1544322641567446 0.002985844145063421 0.07560828519720086 0.017185085706112435 0.016922022775492263 0.01725874344257905 0.014795053535083369 0.015947434947269024 0.0008634142398800115 0.034947555084761994 0.014953608539469254 0.026909837267613756 0.8895257427741174 1.803070655271928 
86 0.1747150011686096 0.18143925889957768 0.02009774701216349 0.1700822120401928 0.1573068436252114 0.12494872713308158 0.014383371351997631 0.1553228763431258 0.15852241597575656 0.16005270926131998 0.16624496581733283 0.15717034583960077 0.01524549665479391 0.16757447534269732 0.15336575586841983 0.014861269277041789 0.15317767886873423 0.02284246737558293 0.18792159465307168 0.016605424410198744 0.001952469916021382 0.01652171469557473 0.2279181334160083 0.06251926575750888 
87 0.15794507542536507 0.15614662091305198 0.02078763650240978 0.021462869482116176 0.017295710346778126 0.15359925774546213 0.1606830245893125 0.014678188095693656 0.01470333348462649 0.03133893853985725 0.020880420692381385 0.013938962958986334 0.05453880025351587 0.015929311908255084 0.002627870466872295 0.01606138414919389 0.015459006078355486 0.0017455629690457108 0.016323288936581637 0.10406710189516821 0.0069591542235811765 0.1546830671471775 0.015532153724130637 0.13759803754713285 
88 0.1729269604741548 0.17178824193921227 0.1696154130277614 0.1747743774827235 0.17653176046079766 0.07936356736061745 0.016307139578744856 0.01554923808029729 0.1564447121183017 0.014467860575503977 0.15384577401221233 0.01733289416869077 0.15491337234772096 0.15569040954068547 0.15467381726037965 0.016487478843321135 0.01580636957654802 0.0009515867048994764 0.0018560569149643769 0.0007433740521101129 0.01532968445464622 0.16862148113497488 1.3977541179940223 0.025833248534674613 
89 0.17757457865249182 0.17563475754572488 0.16901472243496496 0.16986204075622324 0.3077356449697526 0.1617248490430283 0.17142473833883565 0.1696426612706785 0.0154615986306057 0.002209107261196941 0.3071286589188651 0.1737285792650214 0.014314999604772893 0.01499610113762273 0.17000718525439695 0.02323319366840959 0.15344955262850823 0.0008003467409074538 0.1723073641768713 0.06738768279048735 0.02357288263081747 0.13178826824946532 0.3866797075586348 0.0595644609511754 
90 0.18621218087702474 0.17163161760870915 0.2183744022528873 0.170723204616261 0.16914316290318387 0.1743995463736867 0.1708724050606134 0.16940690730560415 0.17090718295460539 0.0267113466931046 0.021887523440566437 0.01569499657256168 0.014875799940617718 0.015180190544509475 0.019796149747717706 0.38119412411100484 0.048181646456169513 0.03021075401709261 0.017000998579416393 0.024924718959014935 0.02196501817781682 1.5474776905710623 0.15591539986436853 0.018564843601792447 
91 0.38013732612802964 0.027413056162516547 0.0174673886337966 0.01799165435420491 0.023793887476651676 0.014700195481162304 0.020483233412488033 0.015785129977997858 0.15351005271635088 0.025831022699633888 0.02662437739312784 0.15582032477285312 0.15514895411708296 0.0016629193629316141 0.0030618646900371083 0.15855885883794119 0.0005694064378141128 0.16353105709189042 0.014620648743160825 0.029921765822696234 0.11670717780968509 0.022048825225920332 0.043227700982854333 0.32998731477165166 
92 0.6338485645277643 0.1543100162055624 0.15515451393549795 0.3068993596062064 0.3245990074426426 0.0037443012465114833 0.0007229166541700138 0.0022330929683569423 0.0012175035262105283 0.018609881916205495 0.0003472584254908817 0.0026778699830170005 0.014852154160414077 0.2702509118404459 0.01633609988882201 0.021902246148334914 0.017839053800972504 0.0020236717924606573 0.014977336087355297 0.01587593399610432 0.015914042033108533 0.04235594520311858 1.882233224334286 1.472000011659321 
93 0.01594939954562813 0.015643206887316907 0.01914489790142193 0.013888831633130927 0.019647294118385172 0.1553238604694831 0.034377470124631326 0.017229141984619112 0.015088604220637514 0.01403351847247647 0.014768776442263931 0.01489855272932239 0.00330171664808665 0.018685041878032216 0.016094609540042715 0.25620241160000323 0.17104581296515775 0.1554013054586898 0.016678420858448728 0.1550544413935706 0.6032231224678588 1.6418977641446213 0.15729807337407054 0.7791962587256565 
94 0.17081199921816848 0.005015979384652702 0.0012070387848850395 0.6517039834454643 0.0008714661237778643 0.00675504097251034 0.009894809853953745 0.0052854758126410495 0.014904499576191999 0.015017527993117064 0.0009209178368800863 0.15864045902350687 0.1710106408747356 0.15597441882231444 0.08593884256669604 0.015085192582828366 0.16037332601664778 0.014840427067834838 0.16035107635418577 0.04772447618997777 0.015721302871330334 0.016315083575016764 1.1871728733806322 3.9145236622617854 
95 0.16963590179609245 0.1727667576402192 0.17231735812096094 0.17787589894834732 0.1769681675369339 0.1715480872071211 0.3099724147659324 0.30815445507746997 0.0181800495250668 0.014271410785670291 0.17421884188067627 0.17404497151628484 0.019302649276452755 0.0008898468487346101 0.00695592341969542 0.08460879910825847 0.3791996462287268 0.009695735229813263 0.011872756611188695 0.09296667732856956 0.015090720860195805 1.2247547721809418 1.1167472180026976 2.794977238179529 
96 0.6305499392328597 0.38019468016863445 0.39203534840454113 0.38521812824772117 0.024082832979614555 0.6277922736700763 0.3863939038275901 0.38178578671597996 0.38077949544649736 0.1635838855550944 0.04443902548216361 0.026636339775697238 0.004181375144921784 0.018020439549434553 0.3222371991909556 0.06725620538045884 0.002301810028840112 0.0021487139842144565 0.08488035589458409 0.16910333963173874 0.01498134259019368 0.024698086985841528 1.2842034562045637 1.8661421662685358 
97 0.06981858875375879 0.01707624787981965 0.15565946610346848 0.15505229497638884 0.02015029111634048 0.08479271676934474 0.01512956554638123 0.3801853794679333 0.3832694036608444 0.015179657912206324 0.15295363353675118 0.15635738815014588 0.3147096215226577 0.1698478711183482 0.001041259024197938 0.15926486474140966 0.015859604373932523 0.15429102401760297 0.0013975051560533025 0.003043861928601288 0.1557129671674431 0.0268861616194771 0.9656329621467856 2.361382480961052 
98 0.3157693095414562 0.20070531364744082 0.00041044083635544126 0.0006569445931807749 0.016574544270145708 0.009381767175145495 0.00958641581893227 0.014306431368504846 0.003950316366946982 0.02849498544281648 0.018106607649675865 0.16109807157714284 0.01498966018468284 0.014607278738055562 0.1550578514865799 0.1612668698020523 0.15461046313347482 0.02434791232006539 0.029314864999106405 0.1545986666836352 0.052955565247693404 0.16987284203538056 0.06166219426010233 0.06362130137003019 
99 0.16295134090624308 0.02416662189262153 0.014962426197310474 0.016851459340657016 0.262008860043919 0.022712127148576844 0.01470498706920198 0.014096830860127252 0.014345945271408755 0.028481930853526904 0.009046543886896963 0.0025913095774843242 0.011784908058616317 0.03028113696771273 0.0028403117958109014 0.004093919750095321 0.01982936691738102 0.1691326597769094 0.15779475689991074 0.014242344472346513 0.02138407694142419 0.02083162027903329 1.3271527325703572 2.5892793493318647 
100 0.1751040818796874 0.17988617320136324 0.16999011527386654 0.2071735623164761 0.005907412480533836 0.17275316144795716 0.15597036020235078 0.15693309955244183 0.15370425615981942 0.08642134505180343 0.15394628334145555 0.15527410988393364 0.15675434089727225 0.013375491571828935 0.1564637896018819 0.0029757977922577616 0.036831526266386305 0.01449272321507955 0.014289286671524959 0.016342609962891164 0.03174165178849009 0.014439387176370388 0.04018302467837698 1.8581739208371126 
101 0.01585508355390619 0.019383920123503984 0.3902378873246113 0.306053748427048 0.0012390964245811986 0.0008250441227395378 0.1705396392672922 0.16981326319519363 0.004785055037064723 0.019503295119927877 0.015820785792240777 0.380737096350412 0.11293857025890652 0.006865091618466046 0.008474632260249582 0.0016072593506968325 0.0022690704807053486 0.014529880054787725 0.026496388459164244 0.018501691873018977 0.0025688935843772853 0.01481231841424524 0.08233828532008491 4.627733752689242 
102 0.17063950796845573 0.36691326710138217 0.1695141441311785 0.17054524688740647 0.17009245346150403 0.16967928626077677 0.19065361625315402 0.18587544478425833 0.0467803417707815 0.006165364939804796 0.0008704277655673387 0.0008908891049439482 0.0031106164004515158 0.03415413066610151 0.004990270398482988 0.0036046105489844216 0.016188416195344058 0.05422695918046516 0.1545416388633749 0.017531671110108782 0.014117642988364043 0.20039449118056996 0.01750066664780503 2.191443572529001 
103 0.16075321022457612 0.15389711429504782 0.014818863267162197 0.01439773946571421 0.13755924161449462 0.01458580652396213 0.0015612597427958619 0.014987614449938125 0.014320896273168238 0.009912150422110688 0.02412612837728023 0.09108499670214787 0.15427707398143564 0.2731231660787088 0.16841542429998113 0.016162126483290518 0.04762012029757434 0.16975177781639017 0.26017560681035956 0.17055847467594032 0.06360359409770533 0.004715463173190049 1.8738336813413017 2.083819918530407 
104 0.11515902994423954 0.0398264375891797 0.019593812839510782 0.017497826676258654 0.016497322882583543 0.01827445428470087 0.01786686216130251 0.01857997577354853 0.02118035481446423 0.02009929571448099 0.03126728987383709 0.15364141936044606 0.011583350318372432 0.15597699812038712 0.010571059042687736 0.003675662078791664 0.022207962242714263 0.0005755465613215272 0.014491125389372694 0.01575065818971222 0.018571107811958143 1.5568044426605585 0.016792797344215682 2.1821781199139876 
105 0.16875052190898954 0.382125467417296 0.012795381432026964 0.017223740032188406 0.014080041919972253 0.018329759423847403 0.017659328884144454 0.027953281314312406 0.002965793144531048 0.0017933453080249961 0.0036041921193965543 0.0005944593176567814 0.002657180402862558 0.014126092571609128 0.002038431952036124 0.17189047058607976 0.0918265447659421 0.019726898299704754 0.0007139439708212514 0.015683581452269113 0.01965340592175746 0.3676455773629228 0.9021000365966374 1.2785508369706646 
106 0.015127671479341132 0.03223667014314113 0.04079911128615876 0.15382806794904402 0.15387163040328145 0.15708657733967124 0.3079659040310343 0.022941884687497804 0.015439934356380025 0.014132306139504003 0.017679678348458072 0.014096220424576256 0.015888800800896608 0.156208954091416 0.30713349928770395 0.0057789326340125236 0.019338681579709416 0.01853891789511808 0.3082305300379138 0.30814961800544727 0.004766938627123629 0.025589233838109404 1.4061412228817498 1.9468975254380436 
107 0.23857493019087928 0.25086730323965356 0.006277519714033009 0.0048719401260410855 0.0017167103149651197 0.00579364809649574 0.0020127389505972815 0.0012810244307672747 0.007365899015956856 0.01571405747571264 0.015880090656826606 0.017017644923113195 0.010767701074378966 0.018835441931977837 0.2069233999641642 0.15568573926424345 0.015777073568646216 0.0052214324187351835 0.01925282807640727 0.01680639789915528 0.16935456283493155 0.014290861940235544 0.6092270685287182 1.5130963930060939 
108 0.23962377077128894 0.2437682616492305 0.3074469272028084 0.26442146257101795 0.03313005042779249 0.007948004178309986 0.018277172327773705 0.004663090484287036 0.020667744780819675 0.17390782118256842 0.01675882586686539 0.002580200710899039 0.17032462506818802 0.00972181297854302 0.015188227073857696 0.015038643999508494 0.017182186355630513 0.015311703865692472 0.015481062848806904 0.14651463405421494 0.014317820976517126 0.0024198371451480405 1.04799730537057 2.099302333988464 
109 0.28851504876022993 0.3812231639215553 0.38372429296071675 0.3847033780329503 0.021205385005859334 0.015145226146802138 0.016305111726691024 0.015401649537110984 0.01843954312118834 0.016156428059165506 0.014232200530662098 0.021075269386925388 0.01438163568702544 0.17347051762922838 0.1593249330462836 0.0144485463772841 0.01927011344973062 0.001220306941930982 0.18361837055046615 0.002143224844188385 0.000779332075703465 0.18487861819200502 1.9061383824080362 2.03103609114223 
110 0.3187761780019238 0.015784339254612423 0.014603912862078072 0.02414748324969196 0.015036781375965091 0.1575438441916288 0.022582849123740978 0.01547530377234585 0.16634052438874813 0.17521979292453582 0.15729753801705937 0.015571711495010465 0.016103680326859937 0.17172052573292218 0.002664687386120246 0.0008452456376870643 0.01511477571515929 0.01573253978572886 0.02593587311537826 0.0241382743583336 0.049020965290353935 0.01535402847846079 0.6982617122743866 0.08585792959399763 
111 0.6246668854030852 0.015552140224719846 0.01970232433949226 0.0016141619384595352 0.022846570058878246 0.0012502074696847387 0.0016065303902168537 0.003048043751026519 0.000687072320538995 0.0008469306415674893 0.014062775788239446 0.0016100178532423293 0.014948373965663286 0.15565212602089984 0.17038227520557658 0.007624339535618585 0.019819201962504085 0.15462096636989942 0.0007561379985459027 0.01850660655302816 0.020915895876920665 0.557984200308586 2.57207489415261 1.8449929842841981 
112 0.1895758111821506 0.16879196377491845 0.24333493931364902 0.305943691507476 0.3088709118112769 0.0016615446125483047 0.0009447678068998933 0.0091571740917602 0.034171087635959996 0.016432946690930983 0.3179468008838333 0.028995044870850695 0.016779515813976964 0.17161063818585087 0.15439709067450957 0.01612470182418413 0.156735668157564 0.38788572514247543 0.4891516332929744 0.0074336353835819935 0.0032041138443399397 0.1544795638653116 0.025230320609425316 1.3186150451827898 
113 0.1576014915295223 0.15462843436575158 0.1663628352226465 0.15503503266391383 0.156259269548916 0.014083221523115697 0.15587307699162967 0.02079004243518634 0.014564487864651365 0.01474388415272232 0.0015467635620951548 0.003535399043434584 0.17228804187767421 0.17296806403331288 0.00035249780748047854 0.002634887658373497 0.014007173998969336 0.03264616557544464 0.03614053767797465 0.015622485536578523 0.058533521791723775 0.0019991998398261046 0.1669988539294398 0.08731375929281482 
114 0.018893016112633276 0.016609470821087324 0.040867809700018576 0.017677728606240617 0.15409557389540418 0.1897797448955465 0.09022240813152926 0.017714708908620036 0.01616398282322562 0.0020497975680480174 0.015121166075065862 0.00043928872487564163 0.015871723095504997 0.003061178451208235 0.04976046088236297 0.002016252010618391 0.02302449136239071 0.16981369326861184 0.014917035847826554 0.0006560717391446147 0.1540297303064968 0.75419391386637 0.6935760110758806 0.7180441984944597 
115 0.1747252389920788 0.17653580235980182 0.017354117651444678 0.01715535122802292 0.022608833655836325 0.015893878410486728 0.003108845201101662 0.16384023025101424 0.1537674661736277 0.15879155969960368 0.15432675352604797 0.154168839390878 0.018220545071921723 0.003914622766951759 0.014829316238218482 0.15560405783388043 0.020410697401975764 0.002081742569413514 0.014865121557934291 0.024556378332207807 0.03379454991885966 0.1567138296029147 0.018779921946772582 0.935165922253814 
116 0.01399327889851687 0.01799356300312649 0.1579228503049257 0.015562026167262655 0.0025154984073525455 0.009620993685514279 0.17224665082742563 0.015552989112300075 0.16926298988454191 0.015445727264670417 0.15464849362601263 0.0095306813392666 0.005704325384412456 0.3103646946680627 0.11704268627050252 0.02528879854756827 0.17087645441868138 0.0012687888491438315 0.020898852086160158 0.004043716150825993 0.015611978609862298 0.014902973953581089 1.8308415978544588 0.008651754501141085 
117 0.15623162234618104 0.01496239142636746 0.016702769963910846 0.0029417099875423958 0.0034541198116295746 0.005288467317982715 0.001631353264674562 0.0181948612063354 0.0827026502745527 0.0660859465101109 0.15438874977039774 0.15507637036293254 0.17338455526596208 0.001190585621487994 0.004979412772017966 0.01140128575453403 0.16943058712505632 0.1603191263292827 0.15412672501086244 0.03713399708237608 0.01472975823705669 0.014802577238507197 0.04185717269152045 0.17003052408446773 
118 0.06608098266874007 0.015085080700771414 0.6352515451284759 0.0022642450211098897 0.3833216468622713 0.6460094943539783 0.6464549387442482 0.6354701195379178 0.3827236962148519 0.3853338734811671 0.2478958420078261 0.010274873821379593 0.3876843420906251 0.015027484350749631 0.1592902192608998 0.016690561544761895 0.16040712365172283 0.16978977669220874 0.00587124280444673 0.3138440014755095 0.015968816692231602 0.0009070002825026791 1.5780669197415509 2.352309536205003 
119 0.17364009872621478 0.16966156728978032 0.16685513941698815 0.0011284934928874613 0.014738947948976566 0.4074471695583928 0.01779094360725475 0.025602718960662685 0.1541671815554022 0.3083280621448792 0.1550631886776812 0.1756838570597239 0.1553375334071827 0.0038605082992120288 0.02301975525277733 0.0016631367057882152 0.014913087565063599 0.16203557847796035 0.16915817657575793 0.0021952705256840233 0.17976518324161828 0.029920535760076916 0.022599245831616877 0.02019155185866417 
120 0.016337201140650404 0.018568661064093384 0.017686413088338515 0.15665734955496768 0.16209227787810043 0.19515467032294675 0.1600591331572323 0.15435861789667937 0.15576843741777147 0.15539645286344195 0.16189672682761258 0.15386307208667271 0.003684474069141963 0.014262235883349295 0.018153051461093472 0.00517153905748069 0.16307569104076602 0.022712582242863544 0.0030762609517576145 0.014314403216447946 0.015703915732790286 0.5254899036587926 1.4987624575336405 2.4306916463409 
121 0.1701378713204409 0.016033284522352975 0.030550915610936702 0.38060318562935547 0.38436721036316057 0.3855836638281027 0.17064784902237395 0.17497385739653826 0.015184531807622914 0.01631884727234212 0.015524358028919938 0.01604789486103142 0.014178001018659181 0.017154421363769323 0.15567349546336562 0.15440865037518958 0.014966965402548826 0.5467701764074129 0.19112565663359682 0.30643178804838933 0.014200381417345032 0.1767320360884128 0.422396917010772 1.457862388304989 
122 0.6876918420748921 0.38775063658379927 0.3901877450511799 0.033101583069478746 0.016340021458624676 0.014315382276032906 0.16978478574264977 0.021448515442067162 0.018396295528963158 0.19274275493709614 0.38238469040790846 0.03188524315673913 0.0157326091984471 0.03656655560907218 0.005919897927386231 0.016532916774076867 0.02050962992518146 0.019093461038966364 0.024854710099288635 0.01854656662888443 0.20016363353725586 0.014220475998774074 0.09977232657866697 0.25765013351846755 
123 0.016994463411365235 0.38073375884996263 0.3858680721486185 0.1541888010072192 0.15459938165496623 0.18270387930427745 0.15563949562160317 0.15975897278539164 0.08529978479120537 0.08729958104794999 0.014510146161913262 0.014349750583558585 0.16020730776612413 0.022519816983878727 0.15572225890309288 0.15743704247755552 0.153778081655072 0.15398299234207968 0.1664419828713668 0.022838841304340995 0.014208751231067573 0.07646772427326587 0.17284222187374376 1.3823396913131472 
124 0.06692273331695064 0.05154963555433989 0.03196158475579036 0.01966833522364375 0.014667166266931542 0.02454822711441995 0.03017631438275714 0.020750462794928204 0.018123947833953657 0.0149093825144746 0.014563090300766746 0.0017622177580105536 0.11953442576748108 0.020266443047200156 0.01598901777953099 0.015607768229419339 0.014297886716574393 0.021520002133515348 0.0006594853144723523 0.15383692172950525 0.019541590180755186 0.015616708932356893 1.5353563956743839 1.639997701158821 
125 0.17193516133397457 0.1717462200089246 0.17292699998372707 0.16915398888598454 0.1865355844360248 0.237703185192232 0.17013313873214142 0.037829611096102944 0.0027155504937179664 0.0012304787709784826 0.011366029590066162 0.001213026380622928 0.0032662768176354717 0.01190285468342056 0.0037222298976855583 0.014172834330615558 0.018691414178737542 0.15432164640229273 0.15773848696216874 0.001739186888206845 0.0036974460842644774 0.01608748842039187 0.31002771329997536 1.7019791088005352 
126 0.23886883579841545 0.24854273733921084 0.9873482620861231 0.17048208424202094 0.32862039877944316 0.31087980806206583 0.3410786759952986 0.16819840371348027 0.17204256431582032 0.02398344900473015 0.015197656757167 0.017018964839637274 0.17280118930945143 0.15890947794492383 0.02320330429675943 0.0010317140142190873 0.014307486598964747 0.002465138801112321 0.015675995579330415 0.1737988044895562 0.01924743498889514 1.6903590258380712 0.17378339545910437 0.1752666628230819 
127 0.30575954410289374 0.1535065221003804 0.03498300386441233 0.005255575248559463 0.0037184898333033622 0.014840529345264919 0.19075579975778556 0.17622950150286698 0.17494562118293966 0.015353514526786682 0.015004412891453267 0.0035429201704357816 0.17177607019826602 0.17079571611642486 0.015159979742031648 0.07378833582931721 0.02318547937307125 0.15635319006181803 0.16415532386552045 0.0022908128778036385 2.132293359407317 0.01573074782000683 2.4726344675416714 0.006057608007388193 
128 0.8606106478486217 0.016058203984997466 0.014518621740782667 0.04191365875919972 0.01578994171035708 0.016736212107773873 0.01424515194147169 0.3817318135379024 0.38014736383051395 0.38170101645043486 0.0862240554485727 0.014378956556061251 0.017293383523817152 0.0006201974262318721 0.10496457837796158 0.17840585336577997 0.01692364843905736 0.37982253530267607 0.15698418321684837 0.01776904530597001 0.15411043359905618 0.003770321144829225 0.014953213508297925 0.06918691987400027 
129 0.17879142780803603 0.014777507953346092 0.18309094097610767 0.15424515622375767 0.15429914844315307 0.15929388718785242 0.15381428756403337 0.15395171392100027 0.15378165294952129 0.38802103183877357 0.3803293344048375 0.1608729313112489 0.15395754246279547 0.0024062331081347033 0.1673066697302843 0.001615868382211172 0.041575674601022516 0.40652704112196325 0.0041261171266002705 0.01682509182629044 0.3069926880394518 0.05867189700356823 0.015015124691983406 1.7294177389773864 
130 0.03569154737497371 0.01699697452060489 0.0013136626627527903 0.07613029177198305 0.0007744753516485403 0.0008607300009910723 0.004803951854017274 0.043718709088037766 0.00192659740605583 0.4251940859030028 0.08312768628706935 0.1609334523720507 0.33511776986467035 0.15447534699578624 0.0014269581019497046 0.019792700656660056 0.0038299747045327237 0.02477783543232448 0.2004294015632575 0.015378037383568355 0.015141510268017022 0.9379866630143718 0.7248209922977684 0.9196080225367582 
131 0.31564317694261623 0.3091123641647884 0.3060955431816961 0.3102012003311474 0.1548463297742313 0.0028333603979722177 0.006590361769275965 0.001171969815109808 0.017476449982911202 0.006936189104341128 0.024068864202176687 0.01620940998885212 0.0341909191951113 0.015513525594991862 0.01686245544262066 0.20049345776081218 0.021375687502628082 0.06522184239172946 0.1828204599158305 0.002513534343712376 0.014615427064893272 0.014253739047871417 0.1581497943293353 1.5965334654935053 
132 0.017657241111029176 0.01459818492361764 0.3558420996451228 0.01716017831055927 0.06720566238905068 0.010684558451034665 0.0019101550720428406 0.014871436925160797 0.015341022116715841 0.015078505917453633 0.021213535631296132 0.3121590450288467 0.1559989406293767 0.1721930590409968 0.2511893610116518 0.001724958737648663 0.014882117037527731 0.016338105434198447 0.1689815704125044 0.38060688717979785 0.022605086967771637 0.2259319690947239 0.004201440583151417 0.008613238210782193 
133 0.17022866544253912 0.6306282077326315 0.1547807026468253 0.0013257812118414591 0.01983796998875187 0.005005849197280199 0.2130467419400417 0.17034293327772443 0.17104123655703507 0.17040288862867992 0.002640638623416347 1.108667108292367 0.010906549961593459 0.1585724387136498 0.01805074000107032 0.018125487644417237 0.016164249940191056 0.01957159029066169 0.1541868150907768 0.0020909295279278872 0.017293920331392876 1.6159682915083922 0.020023180047758604 0.017119662677631986 
134 0.01882708391995669 0.01692623486913325 0.02505325079401688 0.015419793197272824 0.083090255194046 0.0012370081033297176 0.014954101034195144 0.014863501969669457 0.04705539000545933 0.002656029749811939 0.01802617908987969 0.014408128739520354 0.00203673580936492 0.15374541611212345 0.004254645105805199 0.05588737394894849 0.016007401664769993 0.014658823785031139 0.014939814448697852 0.15423952841618216 0.01664702626555714 0.017109181748023783 0.0013380983453799011 0.8605343032326624 
135 0.02189712851246739 0.019217970293889053 0.23409556426729816 0.0032530489612403457 0.013222834155266927 0.0025730963589447597 0.17105338680468662 0.17445173203115893 0.02022271094328687 0.017078695210089645 0.09061302188679421 0.16502468460495567 0.015578603528905166 0.01680807803102269 0.015612785076234648 0.015258669658189117 0.01554377085426717 0.02679450446972309 0.016002207541084612 0.0549522284056434 0.016069734795211232 0.018021533866076744 0.15475475971371422 1.6132134210512479 
136 0.17391278832350965 0.17094969642847913 0.17176346474510829 0.005114087640159859 0.08554656493677149 0.0191068702201993 0.30662700134761756 0.003952621528234168 0.006378626178491054 0.030673460481850157 0.3126035174920134 0.38056968185112217 0.01498302596869916 0.017763425240079123 0.15439798313265918 0.02936149840917457 0.003769816911264101 0.33365383029477513 0.0066952546034326765 0.027847345946628632 0.0012666384058266367 0.47151748116539527 1.2740475673527822 0.06025115469430409 
137 0.15408521503571104 0.160301789666345 0.1553654306482375 0.03325364983389889 0.01566788205209857 0.056861218654068235 0.016601013727976177 0.04344789527508386 0.014008932395465745 0.021391186284975383 0.01622741084642465 0.016761481069430317 0.01593039668497065 0.0012075472573975787 0.07522428782151858 0.37969391075144876 0.0005003918519825845 0.015824109535106157 0.014864592500289486 0.014296632080950111 0.016321207089039724 0.015231034398006216 0.021364219202915535 1.2483389702054453 
138 1.3627630838634321 0.10031474575810773 0.02098646668482873 0.015530886347467021 0.001450561215148305 0.009595488063255608 0.0295955619111421 0.016801687552493227 0.003688480917321435 0.015315631704355237 0.015824987959032644 0.015043759999327388 0.01712623810271907 0.01503614757197358 0.016718448084511284 0.015646804845379947 0.3880205082615171 0.16921975368441577 0.0011531102893673761 0.02054564719205798 0.4518186379096054 0.02417051119610969 1.9944546624837889 1.548427589784334 
139 0.1736834651581285 0.17456343644109462 0.17111394605702346 0.15326188431304644 0.307539929648992 0.0006001933823447381 0.1792949981386356 0.30740446225919893 0.3069082382506154 0.3081731016185285 0.0033157071641252145 0.01701321232254216 0.016673303939585882 0.0008983859299829255 0.002798970774555265 0.013777597154609023 0.016776630870549702 0.015534892668798594 0.17194631013443384 0.0165248460202001 0.15316327237862382 0.008050767170106443 0.018360563644213457 1.2063649793898228 
140 0.6317407374196284 0.16871272927819048 0.1742684112025754 0.17032310938941753 0.17158920740363226 0.01469336267025323 0.014241586749955015 0.3980092863152649 0.020797348750754896 0.018269713088465256 0.0013848100243838424 0.016247275908716663 0.023491413708451425 0.01593581717372672 0.0029196239491584564 0.1564191853148058 0.016035413391500608 0.0015303157723036698 0.17091537486661412 0.01933598671340686 0.09352894767443498 0.17166242032141876 0.07153922687840364 2.3610595297877928 
141 0.5598692999551669 0.01588726415861208 0.0011062742485821175 0.30839962824546174 0.3236635045563281 0.1694976411004967 0.08505860305714119 0.00486156400434723 0.0140997994570089 0.015784892787675364 0.019136071445882585 0.16105611619661708 0.15421497456058408 0.1557102658707339 0.017153194393366267 0.0216985576044344 0.14836572810356619 0.027031099287868177 0.017342191526742656 0.003112737732775539 0.15604896472410368 0.002372691054366438 0.007762577579783159 0.003582592397304296 
142 0.020660011432521497 0.01634083170942846 0.016371408477124927 0.015541685583688736 0.015664688155693884 0.016084163260413398 0.13156173472440913 0.014611455590861855 0.018440173123562165 0.02039490373098385 0.01530724679077311 0.16170197329304603 0.0010539817993424627 0.15470781496827302 0.010729691460049207 0.0013213699239265075 0.0036110453677435927 0.1704740381034604 0.1547850462265361 0.38058449838186914 0.38097947725143855 0.46544912291999774 0.1561050165094242 2.144564614332675 
143 0.014149357538869811 0.17077758758410888 0.16931178052558216 0.1709915206543977 0.21436573983055474 0.014604963744587085 0.020027152580504026 0.018173214056800724 0.06988374218097837 0.01320988957928737 0.1771090331886116 0.18197814287548475 0.006415490370190291 0.00625331702769838 0.15584894564608143 0.15483555000575522 0.014666502920939628 0.02990031818411998 0.0010660319333135604 0.3093425033695738 0.04167495273246136 0.015943706652768785 0.1588450353212263 0.017481768985869284 
144 0.1897551905109247 0.17136218666741532 0.1714924302155878 0.17004264272765757 0.169397250689433 0.17697270497596707 0.1701349350477266 0.1710210987701728 0.016739532267874946 0.03583215836434839 0.04013224028513429 0.31369579525490887 0.1722081320151947 0.0014704912059837483 0.15613195381437284 0.15798116996544098 0.01638114377787936 0.002305319579595455 0.07404560239753 0.1568768829653302 0.30979274399977386 0.0024861321392002367 0.015067250903975538 1.8248978996322311 
145 0.1700547848382521 0.17541701209766902 0.17061431213123002 0.17333024608420677 0.0029670662836518424 0.001995638786389975 0.008720975951464816 0.001780307040684992 0.016003167845590305 0.024056640272676955 0.014716090723379871 0.019200785887800276 0.035564539677952034 0.13972246830399726 0.0153048896210497 0.01732950947297729 0.0164121012314018 0.0035831141917732623 0.019669769576921237 0.028549610713897167 0.38481652278223133 0.5052437885153345 0.019465936948424023 3.4332564132454024 
146 0.1689778195077538 0.7034374551643348 0.016084045621854948 0.015785005182783696 0.017332358315666596 0.015805501820503665 0.16894517598529202 0.16933944834130932 0.1733886703194365 0.1728783212993832 0.01551837368784037 0.01666157905800647 0.0012494608071365043 0.007822460891557803 0.018265943755118474 0.0037320961305362665 0.014024092539393518 0.014498250286575587 0.16925187145586973 0.15410484553609494 0.15675428896281773 0.01103230083862039 1.6206759259539631 0.015717962406681885 
147 0.7865347968723961 0.15894664547231896 0.01625779632762292 0.025604675866943705 0.1810135183387458 0.15436302569692217 0.15687251437657856 0.1546784520513853 0.16211241829180367 0.1596100620925931 0.01412703070595045 0.01651901118384025 0.16073212217059307 0.022814079212518212 0.014799972074957868 0.01846859103565368 0.18288286981966584 0.014727679659984894 0.08976790344354191 0.018354793804574943 0.038597315832175294 0.01415760769354879 0.02252404936691743 1.7825874089865756 
148 0.1715891469969224 0.17407422666142436 0.17324201026681663 0.0004498232445180328 0.22518065747227212 0.16987534581968022 0.0006985664564975735 0.01875463643249864 0.15909706579280836 0.026113845647401934 0.15583116539786235 0.01770463679861134 0.023692033618613273 0.0395040888785263 0.15708795537693576 0.014919262451860593 0.01683808149974686 0.1566177205932371 0.2726081912674001 0.015373391988558804 0.014838188598214508 0.015528959487746352 0.2324920465958067 0.016771711806085055 
149 0.15668718973180806 0.0035154098653351618 0.00463055611075891 0.001279244584412531 0.004230072924106931 0.010929486873718641 0.0010366685348883742 0.17185459060251995 0.016707184147440657 0.5593362884734712 0.17037589809666187 0.1801819562585969 0.032026244915507096 0.03326484677851793 0.15689700105338478 0.015405445773525539 0.006828959948829372 0.16638942431152248 0.001408198426446905 0.15877299838912995 0.10604197426112005 0.30659682221499884 0.0166938929065652 1.7024544644422224 
150 0.23911408174659354 0.24269474284568981 0.23704210007328652 0.16880606982956414 0.16980390317265726 0.00047406455203136133 0.0009819507763384472 0.017132200187000457 0.002246087183916501 0.17813635523571691 0.0017410457028161908 0.3073838463379286 0.019700489263862142 0.014492146943526851 0.0013796510301982146 0.0030874060861130204 0.023550834070643845 0.014461386829411005 0.0018172259188635742 1.951756658258126 0.38055640515886147 0.014965219221601878 1.6691993849034406 2.799089515856915 
151 0.1765969480163656 0.17428785185023288 0.1752051137845554 0.1844064743599343 0.16889455920231788 0.015311732647599552 0.016064377069494817 0.015372154356381174 0.015119449004097785 0.1577338265622774 0.016682995350815855 0.015084065370789101 0.170352130625961 0.016912073525163773 0.015563815529991754 0.03628358788513575 0.16927635832825505 0.003109694663238738 0.01777336056337564 0.1538785540951486 0.1825517943767334 0.15364779138601703 0.014877453586683576 1.1033819744402027 
152 0.17494055105174855 0.17178099373226718 0.17273640419767733 0.03444723261755955 0.003983383859487599 0.000872914694681981 0.03976375159041412 0.013101643505188942 0.018580345248296215 0.0033021849004377657 0.0005785574128909232 0.1604676004340886 0.025787487139741216 0.0896736517034149 0.015385634680057159 0.015028770612235398 0.0025379263059392976 0.028482222692616688 0.15724954286959125 0.02638481181122243 0.37988860163359983 0.017600697806713583 0.028397384106377377 1.0673023494567848 
153 0.3078966282513331 0.47591331721230046 0.01563111623293656 0.15499633805247526 0.014720486250976883 0.03736780273064477 0.0359491616827361 0.03815018729002517 0.16295928296987627 0.014208105016466188 0.15787089779107366 0.018524364717233954 0.11080122123341751 0.01400423921191285 0.02202040366454172 0.017411188677126876 0.154034756271765 0.01696619727259696 0.0156952769932035 0.021883330855664962 0.01411742817385564 2.6481129457593666 0.5385818547448618 1.6516867565589375 
154 0.1758642563801498 0.13308003633759458 0.014503529733317588 0.1914401240556023 0.21475429441456595 0.16909194653470028 0.17756605306875173 0.030224494732390195 0.1822000504565171 0.15375861953838887 0.1560591581548858 0.16066161908875642 0.0158685921039865 0.1534298156498226 0.17087836447316107 0.002689324617036526 0.0030138597162108205 0.004024921460162645 0.156638189700677 0.014502644004142695 1.201684934089078 0.38118614894227676 0.015045271253362635 0.16730489318439146 
155 0.1586111241389816 0.15516037684517148 0.1542166197364161 0.15589859695808128 0.15500704621176875 0.17196740183437997 0.1557992822240868 0.1541206934810846 0.1537360229625857 0.016132104349920073 0.0024870621688086736 0.01611264323895112 0.017234386321123285 0.013996022871553215 0.15460424333489442 0.017051067967559952 0.01441436363628057 0.015794045440061133 0.08526581144916467 0.15567851301229996 0.15371313644310547 0.0029195919598774545 0.002479778608230898 2.1912005752261234 
156 0.3197177625229872 0.023261657189922236 0.014730354017990166 0.30775762158552156 0.32234327035991295 0.3096047148890364 0.15506945109720882 0.1551636616344667 0.15432319136747963 0.002870126396847361 0.018350161087318906 0.20553231180473253 0.0030801607756267835 0.15872399855080754 0.0020249459659615887 0.015836359283147416 0.016578369054892406 0.16984824561823397 0.3827453201284565 0.017545227960676257 0.028753291605013942 0.021061475179373623 0.015494007667491427 1.212558737546562 
157 0.03367111458521288 0.016794627479993718 0.16959870983842373 0.17006095123186715 0.16921373579555188 0.19208642888539762 0.17099059822886775 0.1841625356880905 0.172721940913106 0.17801098891537737 0.17028312181351168 0.16875708144922008 0.0012032901717939914 0.01394467433633162 0.003692374884832983 0.015970790054180117 0.01430895467886062 0.0005823391521282417 0.13359908278213517 0.17241952291835783 0.37975754802733164 0.016101787896808162 0.20814514101043025 0.015462045650693756 
158 0.014867254267566299 0.38073852190443835 0.3819161975226768 0.39341867745251613 0.46294761448312527 0.38772885176153604 0.18847714212268363 0.38059573667967594 0.15660123419591354 0.15715264168128695 0.15513974811829345 0.23549614634466431 0.026661840628255717 0.029089832468847998 0.015025949275177197 0.016340982451944264 0.00394803059904536 0.022764687102642345 0.020940085898643712 0.04226231399000557 0.0192082021725013 0.17434202799228182 0.928845164364533 2.163861008105265 
159 0.07618796627917712 0.05122085337384208 0.017805585472335572 0.014809594378461632 0.020975870187846635 0.03393062872653907 0.015950213276750613 0.020022835459183153 0.018438046928955565 0.016670759572862348 0.05184479189178148 0.18946589898044186 0.013985436478052282 0.01570087456197955 0.11643912609478124 0.016134035894123322 0.10997916990729695 0.1633349207280126 0.2095447678501059 0.15858186251704276 0.002346929336343173 0.3509102824379151 0.0006826627932565721 1.4112905513278093 
160 0.15320846077497863 0.016603608539960124 0.17411964369222632 0.02106208060746928 0.07831242846343178 0.3903091098066722 0.016107565965516546 0.01690468791237887 0.0029172386073530454 0.0011878553862172403 0.001970913625106707 0.014625127800843352 0.0005717981590023236 0.0008690462937335219 0.0014846003441624234 0.6006784985977489 0.38469718598056857 0.15331406337419584 0.0009273246128733703 0.015408781346357703 0.31409639122972655 0.07215203741854959 0.03022591934520724 0.018878541996689258 
161 0.6375845619250988 0.680509441525341 0.3935689601642349 0.0154190012369666 1.4284829072765866 0.08511638820814604 0.15891388493139624 0.026548224115580776 0.01521863896613862 0.3912487792975521 0.014185783726186951 0.014150624794873945 0.0009159694169702526 0.15549332251990733 0.27870946670917696 0.17098114468940007 0.1601208707830346 0.38112796704281826 0.006151510986755149 0.019766188748384206 0.017709849474111916 0.01964659718728523 1.1137744427341314 1.6003460555656226 
162 0.3800882333543538 0.38654847124806646 0.3108225199783581 0.38234744642338625 0.3058821184236562 0.30783518219296413 0.3127252232417381 0.3082906866137869 0.17019448645169133 0.15587710095167595 0.014360024658276682 0.0014295053186073048 0.0002481823451820908 0.015091603673827336 0.0008277325071941455 0.17506561131231457 0.3072190672242119 0.014284789516893603 0.015101892977825937 0.01689285314678557 0.31970788228936287 0.02498508987443948 0.017587456460152584 0.01542909090779343 
163 0.02193593590916798 0.02206345251548525 0.16970950885304448 0.16997274625639758 0.1570881354401048 0.15399453346811853 0.014689194863334087 0.016564476682025653 0.014859692713932393 0.15488221362940657 0.17017087155408728 0.009688548434957145 0.007048497350104821 0.002291682295078701 0.30813214006300016 0.15386553319218632 0.022654270353384742 0.17333191743069243 0.15584524943636913 0.18560519451724278 1.5442181916659754 0.08831990176618087 1.340119411998973 0.1735796415513584 
164 0.16067951203129072 0.15529493456900756 0.016663748008477253 0.01990531441534804 0.019073808158407868 0.03061935934664639 0.017933543782507222 0.01429560720641243 0.019451773023218877 0.014827614801492306 1.0964781223227993 0.00599773646099333 0.018890139778952708 0.1938694715775775 0.016577780515851792 0.014132844855719195 0.014116399330453167 0.30633827178460216 0.014075888749967902 0.006221266047378826 0.017992272069718762 0.03302901506097644 0.7841891554619373 0.6553053832623599 
165 0.15501354709452775 0.15498342119321307 0.16351933274531083 0.15363198884900275 0.1539875863769875 0.15949339040129562 0.1536806774423356 0.157790084355093 0.1838286490768699 0.15457398166954595 0.15767234625952886 0.15457025201058494 0.015447999168911597 0.008417548617912107 0.7325518648474223 0.15486705240325604 0.002919705904099068 0.014687626398488085 0.16973299817314347 0.015521112221930977 0.15543791849775457 1.7615656202574614 1.8468747269531423 0.017123154481204494 
166 0.17083805246026085 0.17092857553491303 0.3075810886873356 0.08327515520891171 0.154582988543275 0.23918880380508734 0.15382945914437052 0.155535513037117 0.15501319368845978 0.1545386943378848 0.0167996448704284 0.15753592869928568 0.15672499548460062 0.01000343509913737 0.0014573841764899953 0.0017497469905722873 0.003756850236561693 0.01584662681132487 0.1831072063763628 0.015751208582849507 0.0316797669111053 0.15456087131709473 0.18532837570567184 0.01670948264353722 
167 0.38058546632504897 0.3841448844499382 1.0584463681716316 0.3838805545769042 0.382016047577056 0.3796380322429336 0.38094979479143287 0.3920190650887443 0.384796442563087 0.017910522821783736 0.38050075971959463 0.38111468677370564 0.015674250756130714 0.15707942408158782 0.022294371944445945 0.015558017576231098 0.015979586309664562 0.015847009890783248 0.17575050982256535 0.002305012659244987 0.1822126406103135 0.022418934738785534 0.014619842453825527 0.9905875817253413 
168 0.1788314811519791 0.17122876194996284 0.16920021384587147 0.17151611821839574 0.17085752269332066 0.1751878674255105 0.17077639488469232 0.1688330728597962 0.0010519613075357093 0.016062630393992805 0.0008556082779169749 0.0024546702700454226 0.01741415376971789 0.01587475949218886 0.01714677824272659 0.018021844365336825 0.1541931334466058 0.02697468856155849 0.01449456727091114 0.3357903145467491 0.021766478572150305 0.014535244932526226 0.021728269623130902 1.4845025869001955 
169 0.020714925271250184 0.021241987321148237 0.036080389519242306 0.21223473327320952 0.09647811503025583 0.020296813539235625 0.014929286426857313 0.016981860680032934 0.15524535081800672 0.15374349852963443 0.020852560476073645 0.000772716062772183 0.009460332651039405 0.154604042645633 0.01904962551706424 0.014458971108938456 0.018558461751903454 0.01849656635687902 0.01407422457901042 0.01601199065458525 0.015985954671564162 2.313218575872992 0.023530775934732073 3.0227066075997224 
170 0.636013520450277 0.6335293914820781 0.018122141809342462 0.01520480714734207 0.014770382007324834 0.015309850800945934 0.015062440717729775 0.0008607106323661462 0.005766365668335105 0.024332471785856846 0.020085679188319716 0.014152888643809813 0.014431901656776436 0.020265844746716333 0.002766000189155182 0.020307636288595443 0.025435020245030415 0.017478624481071403 0.31101569912210003 0.15401662129039528 0.1731677131875189 0.027033756307717205 0.056413913249450776 0.010049787748387828 
171 0.17196272051062156 0.16971713494144058 0.1694632448446285 0.16374484820870294 0.17041959829383635 0.014770630187300071 0.08726921548526434 0.01410155446366268 0.1540709482165874 0.1553241003031518 0.1577354848503465 0.017399885087324485 0.15515659684518046 0.0007568817634520109 0.013784693944049575 0.005016128356441829 0.018355557006706213 0.030391838511225622 0.01564134334881606 0.028192333877512077 0.15597811046172128 0.2707091428001511 0.16168518806459398 1.7114089108148705 
172 0.01785715120946696 0.018162546811473224 0.01775985877460018 0.015276413669636835 0.027725364152168197 0.02167503880636179 0.015083271831620504 0.016049265895454745 0.01906030903482714 0.017496894078960157 0.014006754102355856 0.01789851490413019 0.021085086598477965 0.0156629110438975 0.022257634519287528 0.016028430878272104 0.015876065962122432 0.015947277417260874 0.028366449938332483 0.16044779752894134 0.017103538598234103 0.0536612816557791 0.1536890293238662 1.3086259004635492 
173 0.3836298281812738 0.607736386211182 0.1543608015668354 0.3831475136329072 0.00384005865299919 0.017969639183513575 0.3932585596794731 0.4004968924509462 0.15316180852531325 0.40211922439801384 0.17195538538594213 0.15521468310102526 0.014228097328084832 0.0011810668688272408 0.0012330167019083405 0.35631132062993487 0.0008885844100974261 0.15454112421554056 0.15333426013437834 0.014209113983184363 0.017190705324035438 0.2793285382154398 0.1707443639891002 1.055368855955402 
174 0.016006431938254018 0.019802617950534174 0.15634053617202248 0.1559948979218786 0.155027445762685 0.15421586962165557 0.15444760427165094 0.01698128314298586 0.1695816243448527 0.025067578784112587 0.01620875080582085 0.015021358181079858 0.04086804852846093 0.042200175102062865 0.1548155829488156 0.012581601120648767 0.015606723733693428 0.0010205927540622994 0.15767304376353897 0.015352399771301872 0.0020892176017537345 0.15533471094739015 0.014646135937408378 0.15496988281227608 
175 0.17258064214408853 0.17120766501231532 0.16998426771307318 0.16983717224088446 0.17003706302192034 0.17301256790092756 0.1701957516410857 0.17184617915856482 0.1724964902263646 0.015727392358646952 0.10103318607891953 0.08616243018873915 0.08360725433187421 0.0030318689883190864 0.020949400675947416 0.1709408571541433 0.016940886557629486 0.015060292339341252 0.02062435842075061 0.014773280393729049 0.17386741216220436 0.014716151072389216 1.6602852044996057 0.9360732024576799 
176 0.17257660970622024 0.1974689750981582 0.17035395107351947 0.17559503218215067 0.17142530624742425 0.16969325395579138 0.02020965347007797 0.021222342263380156 0.014740763833690718 0.018834361332453753 0.015947486775705677 0.02044197458144703 0.04426881581440467 0.016804700243816306 0.014921922324937498 0.01613598929693838 0.02369079222047832 0.0035457932623188526 0.01956925559396616 0.015637929197109823 0.16532820051677244 0.0018839358631836944 1.2957376442312891 1.06132111821943 
177 0.09683551131377355 0.013977206382503216 0.09184113489127421 0.015278109248389793 0.029393706866494007 0.01490422655193413 0.021657226540777064 0.03797558167089354 0.01646624007676145 0.004359512597572834 0.4775487494657682 0.015563179904242386 0.014668296209152665 0.025812435007849466 0.020356171116620914 0.31778600725052875 0.01617097984579141 0.09333869518372206 0.1712345420684922 0.029930682703553924 0.19300868331951992 0.01434398529718095 0.022695533207078622 2.142040595519079 
178 0.13052776223943918 0.08365806358223593 0.015265425387422038 0.03284755663842498 0.01716648817201305 0.17335709537432198 0.015094181829151232 0.018705581132206994 0.1547846102175956 0.15650386697974827 0.0019316422633961494 0.023543508232660937 0.01817047966773888 0.15470939224943647 0.15517187690232315 0.01848554796619828 0.1833597915861256 0.15405626873562683 0.02207519034684946 0.3067105262639087 0.04074027610733655 0.023144588123185983 1.4227167028724896 0.026193485429516716 
179 0.016247730161292218 0.19531573282157422 0.00463847180034449 0.013935016082162743 0.002731928653851412 0.15849248924003012 0.002762661539848388 0.01946209424765355 0.01271899169191304 0.02893413450111204 0.029478219869101263 0.0012993921475827896 0.015411223476140101 0.15320113092762888 0.15423071837857738 0.015503189117825222 0.16972512691271868 0.16087856022615243 0.0010410861333083332 0.014896315468945431 0.1546549223391842 1.9769951835681472 0.015135368179281627 1.7654939620115409 
180 0.49161995789534063 0.6380929377171665 0.014647559690742717 0.01635427694657654 0.013813361045134087 0.010774699469697335 0.017159927355247184 0.02704187923470247 0.016957326138562046 0.0231128669774594 0.0027467271289465245 0.0007884797072907901 0.003212793623987409 0.015135273002808258 0.002511081524854575 0.005249926457961518 0.16942058505412705 0.004633552338319191 0.014873580564791045 0.0020970702234901495 0.3815500013651363 0.0009179552809688296 2.602778514532124 1.0502558828349495 
181 0.017020411207432584 0.15714067329511905 0.15759146916470912 0.3095313291081365 0.003979705991945082 0.17065509930808354 0.003158495016620577 0.009319778968290837 0.028747448690452426 0.025216346593941008 0.01569328306954132 0.01851606874234113 0.01581297499667933 0.19038989900947123 0.018257391095264808 0.15464360671968724 0.014921608253119167 0.0165763134202086 0.1704984092792361 0.05543795991753386 0.15400254589971918 0.18757370570966425 0.17063762456224163 0.01598260580101485 
182 0.015309608104353778 0.025073254689597313 0.014810874870082369 0.015560519761195657 0.016794022639905926 0.042929197489806725 0.0018693762971175865 0.001990029650328573 0.017639756060460865 0.1547577836460614 0.018020456064354207 0.014451342479893103 0.007402038204311179 0.15431820723491696 0.1669973685278281 0.17345808224939252 0.42519018676620934 0.018249041140900424 0.01574145822111994 0.15358539511840874 0.169623610490093 0.01868401302687861 0.0004264897431123238 0.023229371853236813 
183 0.17056842236074554 0.17326783629314835 0.17441628838172574 0.1856411096127193 0.17405502582030974 0.17034422200959876 0.003126603461884425 0.007918313345645078 0.0019773570637311444 0.16006598026245622 0.005038259694810865 0.014774945974507236 0.002168810929760845 0.013953315732519567 0.021933621805637404 0.018435670363146528 0.002644594416433055 0.15813508470956728 0.015014411813866424 0.38113428254924564 0.03753188085693848 0.02546443627640782 0.306385910435675 1.8114531947769232 
184 0.01895907948660769 0.0578225000664605 0.025361788205807922 0.014999790854748785 0.017044347077532773 0.015583032175971123 0.015257292644140552 0.015593573347451262 0.017949340062800356 0.01759579584632709 0.01570881739177654 0.016677061953535688 0.030199997177199567 0.020787383154884154 0.016258554359591226 0.020175498790627078 0.18362766137194297 0.016311916553578776 0.014503652248842425 0.017196695546833674 0.1573239597256888 0.004086506966723302 0.018547707500424337 1.2329770468793744 
185 0.16062250492046304 0.15961414596557333 0.15819726924500666 0.21375223079567318 0.030877305934728927 0.015958512252616686 0.014599287903891423 0.014193929862284183 0.0346743397154734 0.015784753241979477 0.0029706391948405297 0.00322438109740375 0.0025888038298060856 0.014382924024185506 0.0025697461096720886 0.015279180280130866 0.16900986586077082 0.030898218734801475 0.1546183601813116 0.021716718335636376 0.020411117897713993 0.023297754647333857 0.014539740642310672 1.876284993778846 
186 0.1774589008125853 0.022653046125397314 0.022109423521325944 0.7796237750489019 0.014944779910024852 0.15377916673784764 0.1586523128946289 0.15548751389453264 0.16433814626987564 0.15646594096269406 0.18611393247784247 0.16270385521519204 0.01576823089479662 0.38170971998089764 0.3823717124414192 0.014502696366491374 1.3235490996532144 0.0021255254202912077 0.0004777354787854904 0.8072043226408361 0.18378966515407602 0.15418607791360905 0.19574429660600745 1.693075642468223 
187 0.15943680359226287 0.15506244623588583 0.014578903249565123 0.019724237723277582 0.014213231189576181 0.15880671832060722 0.15471984690433782 0.029869819651003215 0.02611911308126924 0.014392678908482281 0.15376689818756506 1.648941414811774 0.006736712200031469 0.02205519352738161 0.17150650639330278 0.00964253856889341 0.1702978361493559 0.0018557069230897838 0.15492156305760818 0.15400228534233862 0.15463617670914154 0.15928380992704416 1.8360057261948228 0.3804682127997807 
188 0.3818289719082224 0.3810847341839696 0.01568335772402163 0.014815176493583326 0.015080288950861664 0.01837191597290433 0.020848989840384746 0.16909840014166688 0.1725860379735742 0.17936795749737988 0.16492379116578038 0.01682076954560152 0.18410780532089777 0.018138011385419706 0.0010710870660792793 0.012937327842338586 0.01455823011501911 0.015415079955658495 0.006622464580848142 0.01534042533134139 0.1546885986966431 1.5389663520193217 0.014125120098267274 0.0011897148159647486 
189 0.1960507231465154 0.1600603733417476 0.017417472019428448 0.015577749254012119 0.004170759035564409 0.0007182718903555596 0.006823950869797812 0.0007103473942478011 0.017394161801554286 0.01429855800543356 0.031218207195376824 0.017747516965207932 0.01497170906404044 0.0016775181705339648 0.0032541883404548777 0.016920102587916208 0.011867442194303024 0.0753717352058767 0.002600179292930882 0.019386835220713827 0.15413814160330452 0.0231965074581697 2.280297921681036 1.9137958986056207 
190 0.17671533601844303 0.17002271097022104 0.01466751437709668 0.17061617912302207 0.2571158188974507 0.05733005461570073 0.015517401849507895 0.01473817327125948 0.38880367958538353 0.385077553737625 0.022120433515812277 0.014666772524841942 0.05088693775685993 0.035613185106442735 0.020310698461105225 0.015089009246051166 0.010570232730091167 0.3792312066589778 0.017824727738608992 0.016663143795313307 0.0019861710994084625 0.0200421005308411 0.176311520756385 0.024821721045813483 
191 0.38185235907578186 0.016503120746011568 0.03759054812897 0.15800766539775246 0.01461423227380454 0.016622697934733033 0.01937914077251479 0.01417752486613999 0.15594112550661876 0.01717019018590893 0.0017180291409184534 0.006522381661544507 0.11144222934540027 0.05173733832616856 0.015455886242467631 0.00024114315926926366 0.0273767864114296 0.1550625888674544 0.014779201799514752 0.0009926265715805016 0.03044358209627518 0.7485152909782058 0.014622287208218232 3.1205004932462197 
192 0.12766956572246357 0.08566005918925512 0.30341576214165444 0.15718425525041035 0.16506812601719267 0.1549369319727294 0.015253956636983812 0.03482052792678747 0.00071862548047541 0.012573043112440452 0.0006563417251945758 0.0024625573023322467 0.015892277375322283 0.018753022645861428 0.1569608167723704 0.15885182542304044 0.01657128393344287 0.01785470946726564 0.03195869314561284 0.0006969994376078148 0.04803694559556737 0.06424111540998823 0.15551072926219578 2.1894722921373813 
193 0.16888144058318755 0.017314173383852438 0.02022461585893076 0.014610888649212228 0.01701438900073038 0.015314954398125025 0.15736887608250005 0.16093733197885474 0.08814100232338595 0.08495998794514881 0.01592690370465144 0.1631614735898188 0.04122257620309977 0.021082128036529646 0.015010431188199558 0.0009322727492189209 0.015513118740716703 0.015268866276151982 0.021335539959359995 0.019361408971458438 0.19707082233837614 0.014861973100906312 0.17489674803429445 1.512851115782783 
194 0.05720550963848181 0.01457118444441674 0.01393836536954618 0.04346257072772142 0.017709654691842935 0.015418415131417618 0.015072551722155048 0.016488565545279332 0.01966020999195317 0.017885841996978957 0.024107729732788297 0.013981043270014926 0.018602144482420258 0.15348676237585757 0.1547743816657834 0.16107177720425958 0.016909266359428354 0.09138336756630361 0.004750989543312656 0.08364230267045736 0.29597932903740465 0.19119694468743798 0.0592396109392217 0.1541094620753214 
195 0.17273252992939203 0.16968849365236793 0.014322952031811553 0.15340983566953903 0.09838082707339701 0.1485760813980559 0.11043903252157539 0.017774844223261255 0.014451576913501185 0.0011424446213204043 0.0010549498995247042 0.002235732059991946 0.0006912752037582237 0.0007369980233624673 0.008595691022209806 0.0036341753940756227 0.012874771478201374 0.001331315072290895 0.1542035987115753 0.23741843800237294 0.019742490954520964 0.010036442179256255 1.721210417970462 0.015254240512557526 
196 0.16995872599093298 0.18667047042398677 0.18400092879325847 0.17118236287325073 0.1915216771890791 0.17957858364787582 0.17880686095951503 0.16981001303310372 0.17451036421675026 0.013823364804536276 0.01552526743361593 0.014486777454545852 0.010262948963271512 0.016709150517083327 0.016775462815596942 0.0011212852320454658 0.020210625686900574 0.025904189232903274 0.1558759470038953 0.16913043754612334 0.015405668050690213 0.015364263005390288 1.9384980775304879 1.0902505348966707 
197 0.2550533256447054 0.1545754032922244 0.15667130264504014 0.01416233866397798 0.0046485499115549445 0.003317315317960645 0.009676882441241652 0.15562302061728128 0.015966810403015508 0.11181041091051758 0.004392013141810036 0.0007181630938757344 0.024387872448639047 0.014667324235572377 0.1588646893622674 0.0008798924296624655 0.004186963763540774 0.007567505114964401 0.0057989490464191995 0.015873311168465687 0.19503681369894155 0.35451103232217496 1.4207855708006925 0.40843758883355896 
198 0.1707034239813694 0.1695518856324143 0.1712097059560782 0.1687208220879317 0.17023190802354082 0.22417576043741727 0.16952823063854483 0.16937346838727785 0.022077444200738316 0.3574602597926222 0.01395536926055252 0.014643767028087673 0.016572547770316692 0.0011350479079230702 0.014020215244597178 0.16671519982787086 0.41872089523164013 0.021597412594357213 0.3811404674621244 0.15412310714706967 0.015853087450671044 0.1555478003757702 2.3043005243417576 0.5260376529822621 
199 0.1730443317196544 0.16998691027348234 0.16967280640704985 0.17678865891934503 0.19533191695452712 0.1936821972797036 0.18313015219611106 0.0170330035104147 0.014639412858513445 0.10042251869865604 0.16958141029094476 0.01596675939972325 0.016860148660668983 0.3089165072026825 0.15418921394844198 0.0023225710776828556 0.014983420941662828 0.1711491028685772 0.015252969008007877 0.0016050288334352736 0.01717527404658492 0.04356491449200295 0.061555544930357975 1.408740973568702 
