0 0.14390646658226752 0.11091728853104335 0.09699206863988925 
1 0.16673503926565428 0.1696395084685032 0.13093848100172964 
2 0.005377134755626288 0.0060666592645763386 0.006569817027692255 
3 0.016166844522902107 0.01679367559620131 0.01783135689259776 
4 0.09541214903275694 0.09578647116857487 0.09623410455680902 
5 0.004290881806050655 0.00415000279755634 0.003946487423616472 
6 0.0025510881814778215 0.0028003846170740238 0.002919589001634219 
7 0.005030650393930571 0.03955581579163222 0.057147152035201404 
8 0.12372279868220065 0.08933788754148345 0.19469203682602584 
9 0.00398873792052497 0.003872214042101133 0.0038818067607978993 
10 0.005262446808948789 0.00455835248764225 0.004055389981711311 
11 0.08748939626948596 0.09150602239044527 0.06475001286682719 
12 0.004505965848273072 0.004136438989406098 0.003877934109953793 
13 0.024479399784580715 0.029435331176980613 0.03416373701747531 
14 0.04748615540466111 0.11591951735792003 0.1142370852650329 
15 0.050869698374675 0.03323747982799178 0.0428697496483775 
16 0.001524996969842229 0.000246122673531512 0.00016143547579920643 
17 0.0009257752766182483 0.002032049860557193 0.030885778965210033 
18 0.008392356431376346 0.007703313440496849 0.007127301439166155 
19 0.0028324188654153567 0.002669210091579401 0.0024411571035875576 
20 0.006614872966844217 0.02603544622513039 0.02039969457480637 
21 0.0394484217705675 0.15557057627469048 0.2700846283122016 
22 0.058152234572699336 0.21619510840073725 0.23485272719933145 
23 0.10223346225018826 0.1013133237981074 0.10162023517278336 
24 0.06543281609083827 0.08134032256725161 0.08183454135932323 
25 0.09662518473540557 0.0911806430552647 0.09094976997378275 
26 0.00013654587943780997 8.217432894129425e-05 0.00012536616216369325 
27 0.0001795903852744424 0.0001499788080417816 0.12342107343211535 
28 0.16018658510766987 0.03642995700510474 0.09347882885771024 
29 0.018754443553887293 0.01889631545937879 0.05637743895367551 
30 0.036374595606775126 0.041138206955704866 0.036298791198000044 
31 0.08198267526516348 0.11363005776511212 0.07087825286681175 
32 0.17830827672751734 0.18661989845462376 0.153347692831873 
33 0.1123465071119419 0.11306056816003732 0.11357954859564459 
34 0.03993793689078433 0.03787818375385564 0.036165211999416746 
35 0.010391873118474644 0.01059009411474169 0.010786237218842679 
36 0.13750829231517747 0.13730920273608707 0.13719778261809798 
37 0.04494407714636224 0.04477452523811275 0.04482084483713683 
38 0.006053412081579912 0.006284126058886119 0.006339373018672256 
39 0.2502734840898392 0.2587314016680665 0.13840572861801753 
40 0.0615890877580039 0.03298580325956535 0.06335289358146678 
41 0.0045474662925617144 0.005629068912552267 0.006281218823424427 
42 0.07144524473974877 0.07116024080356778 0.07081540031232934 
43 0.0006456207329466089 0.0006070074366306621 0.0005954525779920613 
44 0.21740013847420375 0.22167763646103594 0.22486228827873292 
45 0.13281285738725587 0.13576098060506803 0.1385744847628987 
46 0.09655052900071202 0.10396408351915759 0.11197023349108896 
47 0.06052818626123999 0.06560332336170414 0.0870924600407348 
48 0.16130903318146836 0.0806086370132833 0.3025089834046247 
49 0.13789279721080897 0.12191389676519011 0.12001965639472684 
50 0.0765792662590636 0.07641041308963642 0.07691263653281905 
51 0.13293763602584951 0.022434446888655753 0.024545440134511026 
52 0.00529640808870117 0.002778514907045695 0.003493451712947449 
53 0.004537811126702896 0.004759922228186476 0.004802327145358849 
54 0.09413298560254296 0.09701835397628474 0.09062692497952025 
55 0.017046832528880194 0.01776410495575022 0.013650291752040576 
56 0.1899964749856648 0.19341646931351275 0.1950786444523701 
57 0.16842621389172446 0.19689919142932052 0.1315280996956057 
58 0.01762509814190406 0.018160737809475507 0.018282224959724414 
59 0.09398920754635132 0.10912901880610634 0.08332092653535228 
60 0.06961943665573957 0.0726520651738722 0.07543197192891443 
61 0.012221917594949139 0.04777374051099037 0.22687335816222076 
62 0.007517982347409845 0.10631249202270768 0.13085737182949686 
63 0.0026487869528897443 0.002929254178955059 0.0030291995372374657 
64 0.008930596138742296 0.0903254882698748 0.0967668997882565 
65 0.12361502916806652 0.12285581340627885 0.12249729551506411 
66 0.021069772522820076 0.019898592215634694 0.018944551778311575 
67 0.14306373174643622 0.12713349359162815 0.1027014370640773 
68 0.006221771978251933 0.0051452643894501545 0.00451255143780914 
69 0.015986665919950342 0.01531949727799043 0.09644029818644664 
70 0.014216896843709793 0.04388531195246017 0.19564046753336772 
71 0.05122260038606484 0.03337269341842046 0.01229792737246334 
72 0.006940490375726508 0.009906268167545473 0.05975140385440209 
73 0.25202658172858544 0.14145633493223647 0.1010752443576019 
74 0.062147154772267184 0.06239646846460453 0.028624733583551085 
75 0.14730645424172373 0.17807442464031378 0.1627585802869984 
76 0.012015911354436408 0.07023441069555626 0.10554641842797421 
77 0.0032042317292283085 0.0031120000413513383 0.003047183910425989 
78 0.00990381671462679 0.011338152639251706 0.012962587188635 
79 0.008338647031434342 0.008561243946616436 0.00884800223939413 
80 0.09309983167622837 0.09623654491463696 0.10875696121956008 
81 0.13259707778034763 0.11120291463611168 0.11685919826418373 
82 0.010848035355085838 0.010710933607013192 0.010595100477151929 
83 0.0006171683352242348 0.0005780922989014788 0.000563937089050234 
84 0.16551210634544505 0.26404804333297266 0.007560756060626848 
85 0.031226554358227937 0.04888630477789001 0.043634901205020615 
86 0.015485096605405844 0.017326596986047924 0.014975683748149404 
87 0.06787859646769809 0.06482631879822214 0.05418993579297844 
88 0.0999389495753493 0.16288995209154783 0.005714106453302897 
89 0.018185698013982555 0.01864293672275058 0.019662038266514865 
90 0.16048407109107415 0.1526611394635761 0.2628530714733953 
91 0.007125646356910827 0.00792274714502363 0.008382908755561198 
92 0.014028765330697343 0.013975701896491426 0.01416647096489487 
93 0.027640621797768484 0.026862141483432786 0.026305417511060553 
94 0.11845532603908193 0.12177353176867621 0.08455984628784974 
95 0.08659171183715758 0.04153730832642454 0.05437184335397639 
96 0.03880009673560082 0.005694032950899645 0.007635045135154528 
97 0.007836176189249672 0.008305874334046903 0.008775593576806252 
98 0.1284949157617603 0.1278977766800937 0.101983211998645 
99 0.0163118866575959 0.015796808623203925 0.015449173565081104 
100 0.012629766383230132 0.014693502074729544 0.01737507022034592 
101 0.02687081894672246 0.024527853945133953 0.02303442242212861 
102 0.00033847132195130954 0.00132893024625523 0.0021411750070632262 
103 0.13237773323059143 0.10298899131162227 0.22089906080534538 
104 0.009593632674891358 0.009526302453864335 0.009395787273630113 
105 0.1599137423942377 0.15741772540305934 0.15956460927501992 
106 0.047698490607376715 0.0490045872888239 0.12970584483187017 
107 0.17371183146400304 0.13613175173004954 0.13418968125762015 
108 0.0014004229496297005 0.001398755463037337 0.0013958385952574516 
109 0.13287463646506062 0.13560524736529028 0.16590432539407854 
110 0.13950054267935955 0.14114468111550793 0.08069618528884245 
111 0.04113294156991806 0.046215765563418935 0.16632105225295774 
112 0.1325485730932693 0.13484144611842216 0.13266993865046375 
113 0.06388393643697342 0.06756535285595393 0.06879443217128717 
114 0.026372001354131994 0.08122647740841532 0.0825179052215492 
115 0.2311816906058343 0.18382089023974807 0.3549768881754678 
116 0.12263773277224674 0.027373803268137625 0.03251927678484291 
117 0.08787836935892714 0.10553219131142645 0.08677168267416131 
118 0.004033179540406323 0.004357697085942354 0.004575712127617546 
119 0.04506800789683107 0.039630671782983046 0.025528778298481263 
120 0.10572786771433057 0.10433564338266446 0.10619409203662296 
121 0.07799350090388533 0.020270141549502792 0.05502070408865361 
122 0.03422870046083721 0.03765112861818913 0.054413584301780865 
123 0.004909680666663274 0.09383918346752793 0.09832683142318828 
124 0.01756732732402775 0.04707157744960288 0.049710392666381886 
125 0.040619155187114134 0.05701473574799176 0.0656847502786455 
126 0.012161489167279826 0.01229675605286025 0.012357373649109172 
127 0.03418171128617768 0.034673017759714715 0.043042790743439814 
128 0.04220961514084466 0.04104478071489925 0.04065527078286457 
129 0.13165385192442683 0.13672524585628543 0.0688927113953282 
130 0.09594313583352575 0.08846131863021175 0.08443235427901291 
131 0.17492279451338139 0.18524838826128687 0.1283735754980366 
132 0.0021317717256420015 0.002454929471478332 0.002764390485351717 
133 0.0052689212756944995 0.004809209864914846 0.004623723461380353 
134 0.13562539770459336 0.15121390125822837 0.12967188539150387 
135 0.10633077044502333 0.12196029355516183 0.19110435742593312 
136 0.12048103188454452 0.10995114617540526 0.08262261496366984 
137 0.15753351992472783 0.16147761844632902 0.15785072187911392 
138 0.017403988186083734 0.017065745081950853 0.01657708539170389 
139 0.0009815239193218255 0.0014827143732829397 0.0017561220393727864 
140 0.014670641934129612 0.015614739294642778 0.009637484007376415 
141 0.023196027922664942 0.07783506652887728 0.062414622012940596 
142 0.10830557478797564 0.11164522260661579 0.11107098353290021 
143 0.021783017167593247 0.02257873644107533 0.13245054240535947 
144 0.013153193801072886 0.016776468347891312 0.016368729099708466 
145 0.0009297762284115682 0.0007407743267260523 0.0007187959941579756 
146 0.021753001775285837 0.023785594463263983 0.07624169624450479 
147 0.14508921635572447 0.04323495979705262 0.09485028717803742 
148 0.0030716444348836297 0.003104882273018569 0.003128986655899826 
149 0.15202657250992313 0.16011134771425584 0.17470669596592964 
150 0.009455909686244053 0.00972642027582377 0.009866181811978163 
151 0.16577211973801528 0.19443693588393576 0.08385094950222044 
152 0.008530136629391597 0.008278437995902744 0.00820430016848506 
153 0.09658288183608232 0.09994736311364603 0.11315625334830913 
154 0.0766787523557479 0.19120432101994356 0.16658281095862387 
155 0.014068079906223732 0.01376851890611229 0.01338443181228268 
156 0.08108894973677436 0.03167606802173324 0.07814737571715619 
157 0.0881439587946638 0.0954361182066938 0.1008700754844171 
158 0.15616872116182337 0.1567145786681514 0.15685006276588695 
159 0.002596086240523962 0.002947458297149413 0.0033459859743420906 
160 0.013698469392391898 0.013979476701293805 0.014153828694652499 
161 0.015586370760533158 0.016603461461910576 0.04071314235834111 
162 0.19835286287656695 0.04725057925907908 0.013071015467891061 
163 0.0007830448044014183 0.10000816506767116 0.10568094211156381 
164 0.048721241000191165 0.05174803689578774 0.053621917632418505 
165 7.831560487894297e-06 7.652872994182237e-05 0.0001686283940256515 
166 0.05126197880674296 0.09758307303760327 0.08000890056893095 
167 0.14013342381657046 0.14071725905876845 0.10029517187183402 
168 0.17344455535120312 0.05371530472991705 0.01912855577943646 
169 0.11992280278986339 0.07954560664893207 0.13464856053846497 
170 0.04551717034457256 0.04669844775474527 0.048243194888483984 
171 0.21865021462805495 0.22532554832277285 0.239768111707928 
172 0.06335918163296188 0.17223649373494299 0.25169850267037136 
173 0.0007772349550456617 0.0013025261662256927 0.0017296626305271265 
174 0.07050591982855309 0.07128632077302925 0.0737319115935923 
175 0.049111712919203736 0.049085451594860635 0.0555232516147924 
176 0.006179309922785304 0.006448351634845275 0.006803094454618014 
177 0.005442454148203994 0.023526260608128773 0.019640507523389396 
178 0.04803017361141587 0.0393432293301872 0.06450647261980105 
179 0.08283511188279931 0.08398279869065434 0.0850356068843335 
180 0.17153199398684962 0.2975930503682304 0.30373825948835387 
181 0.00883589211523739 0.008859867001253598 0.008772628834412221 
182 0.1448848206956952 0.14414629717078342 0.1107810173891237 
183 0.008661860703857528 0.004701211517618832 0.02534636316573781 
184 0.037488546572978405 0.03767077591902461 0.03785621100837409 
185 0.2519209656939398 0.2805443633311373 0.2663637917904249 
186 0.05231461678319783 0.177471981430939 0.09219343859573517 
187 6.144521740888594e-05 0.00011146962293824038 0.00018706957903352647 
188 0.033102856899935015 0.03720594599218359 0.05088524001679638 
189 0.08702045672696783 0.28526134533249586 0.11833818192208993 
190 0.0010856502519006545 0.0013070295142616403 0.0007973212192041039 
191 0.04854726396352951 0.10986362851231468 0.09968917640604162 
192 0.01364752714043611 0.056746545171625244 0.050437188593905384 
193 0.03911852635111315 0.0394868471179815 0.0396272465338858 
194 0.039956467930551215 0.04762001265512342 0.052279707425897576 
195 0.042307178242380804 0.04277358288020183 0.02089210687020312 
196 0.042178124010448556 0.041927492523631274 0.04168061342133836 
197 0.001977046632572259 0.07293706264849865 0.001972161016317265 
198 0.017123927794579632 0.04939423535125713 0.055500149325253295 
199 0.042580446017574415 0.03060162825225874 0.014929469851250161 
