0 [ 0.1570014   0.23913245  0.50319917 -0.05585771  0.76391382  0.47215233] [1.05055257 1.14300833 0.78308655 0.73022458 0.08228213 0.19086325] 
1 [ 0.18712611  0.47064047 -0.0953285  -0.0221709   1.1277862   0.55067813] [-0.51879067  0.8951067   0.04304452  0.40121142  1.53250826 -0.08149978] 
2 [0.88872519 0.79675203 0.23484432 0.1544668  0.43067792 0.02535506] [0.80336647 0.10858011 0.39244953 0.28269498 0.41886369 0.31858972] 
3 [ 0.35099039  0.8525488   0.13487151 -0.0159401   0.65784981  0.27624756] [ 0.57233093  0.9004297   0.72074474  0.05408218 -0.07010352  0.72533446] 
4 [ 0.25141842  0.62970441 -0.10034734 -0.00298978  0.81631928 -0.08213877] [1.0955893  0.3097773  0.95726287 0.46876394 0.00623811 0.15337422] 
5 [0.51676325 0.99365104 0.69640861 0.75003173 0.47300133 0.21297967] [0.16906393 0.82987789 0.33582511 0.78149291 0.59810532 0.09357636] 
6 [0.71899425 0.67683751 0.25522669 0.17849245 0.70038707 0.12210274] [ 0.08336906 -0.0512737   0.23017454  0.23163827  0.38037259  1.11270642] 
7 [0.68571932 0.4333149  0.87002849 0.92885082 1.00367955 0.81614711] [ 0.34327487  0.33576525 -0.05158412  0.55592544  0.91718398  0.52965513] 
8 [ 0.32569439 -0.1039271   0.25986922 -0.09553991  0.80323052  0.14339218] [ 0.69191109  0.41240991 -0.01108375 -0.00161518  0.39845352  1.23260392] 
9 [-0.00591739  0.41119851  0.82928713 -0.0774738   0.23550041  1.00339193] [0.04250914 0.18813668 0.86898682 0.51109426 0.28412439 0.50213548] 
10 [1.0673026  0.68597502 0.48766386 0.54042568 0.5160381  0.44635132] [0.61176078 0.29641217 0.80889562 0.23054802 0.09523969 0.61367506] 
11 [1.22585015 0.91763912 0.61335406 0.46684861 0.03676311 0.62335946] [ 1.38603339 -0.07730058  0.0550557   0.92199954  0.59712168  0.52210538] 
12 [0.72612327 0.61696952 0.38967503 1.12145906 0.36202665 0.0193908 ] [ 0.04859573 -0.03344121  0.43657289 -0.22899854  0.89582788  0.83209241] 
13 [0.34494518 0.98346779 0.03301885 0.44937198 0.76384592 0.60849879] [ 0.72880459  0.60016296  0.75511191  0.72930538 -0.00374521 -0.24233889] 
14 [0.17636489 0.25750806 0.28483619 0.16776301 0.44897934 1.56112696] [0.79073392 0.63447319 0.33978675 0.25448779 1.19795298 0.3187049 ] 
15 [0.9276359  0.0267349  1.00503543 0.21194866 1.00365966 0.59701405] [-0.0394003   0.06001316  0.754159    0.94449785 -0.0172413   0.27780095] 
16 [0.40804058 0.84486119 0.81460514 0.6695802  1.0174944  0.78736586] [0.12948697 0.97655085 0.19449901 0.63450352 0.66645779 0.55788519] 
17 [0.0641341  1.00105948 0.07597796 0.67071928 0.18248817 1.01074019] [-0.08090974  0.09755319 -0.11877887  0.02238605  0.9412432   0.96179516] 
18 [ 0.99597686 -0.00178006  0.83608779  1.00345678  0.50540865  0.06580599] [1.0157292  0.55537726 0.96407112 0.06517347 0.309599   0.9118457 ] 
19 [0.4214472  1.13290405 0.09288695 0.44605694 0.96322824 0.55204313] [0.23851357 0.59885332 0.20555754 0.10796072 0.69175318 0.65819659] 
20 [0.71688901 0.70502437 0.72130778 0.37867838 0.03238081 0.70471496] [ 0.02092098 -0.03142724  0.816778    0.51601555  0.85277751  0.76020544] 
21 [-0.18175874 -0.2156395   0.56469626  0.68589409  0.90717986  0.59761305] [ 0.02756278 -0.20362185  0.77129029  1.14868427  0.39019248  0.22818808] 
22 [0.20707275 0.27124232 0.46240648 0.91396111 0.6320073  0.1536307 ] [ 0.79671123  0.7053012   1.17520591 -0.0034844   0.15201571  0.19786679] 
23 [ 0.24566428  0.50968591  0.1327335  -0.06691926 -0.00903793  0.61971264] [ 1.071648   -0.04712692  0.43444264  0.90139318  0.48598848  0.16235384] 
24 [ 0.18451399  0.5396648   0.44251206  0.75102515 -0.00560409  0.85394698] [ 1.01242236  0.24529431  0.018811   -0.08315829  0.20906173  1.78474631] 
25 [-0.21137179 -0.32330471  0.71421513  0.83977683  0.38307957 -0.04216919] [-0.72035835  0.90910551  0.08754163  0.75758402  0.99215333  0.91343445] 
26 [0.32606134 0.47276048 0.78256606 1.01570358 0.19523948 0.87505258] [0.4628914  0.47193445 0.0777187  0.95785218 0.69261499 0.08716545] 
27 [0.13732273 0.0834012  0.28293582 0.71286524 0.0476162  0.0567515 ] [ 0.73762559 -0.13908932  0.68993726  0.45184673  0.26848294  0.20342216] 
28 [0.01710918 0.48127172 1.02647645 0.88104871 0.40847706 0.55721299] [ 0.78668445 -0.14501307  0.09392947  0.48768605  0.29650933  0.16161814] 
29 [0.83417262 0.90327277 0.60024618 0.76980391 0.8034901  0.8129471 ] [0.13006934 0.68384407 0.49018509 0.90753757 0.97607599 0.63861742] 
30 [0.2432466  0.30981443 0.83191469 0.01945136 0.64896937 0.99186116] [ 1.08210295  0.004962    0.5949478   0.79609824 -0.05432741  0.18921397] 
31 [ 0.18700111  0.27293541  0.32819116  0.898816   -0.23192256  0.65273757] [0.88407078 0.44396134 0.31471504 0.60934852 1.30208379 0.24868114] 
32 [ 0.82308594  0.69306326 -0.04652935  0.39581898  0.6020348   0.52426464] [0.03225798 0.85057013 0.57478738 0.65189651 0.14206677 1.41657523] 
33 [ 0.23310974  0.63828036 -0.08399592 -0.01794564  0.62889803  0.39632327] [1.0740921  0.34283359 0.92844133 0.50242227 0.15666434 0.07371692] 
34 [1.09915652 1.03212573 0.87659271 0.31560026 0.99006045 0.7629613 ] [0.52440749 0.32935804 0.3895328  0.10322854 0.30479794 0.84518643] 
35 [0.92672392 0.39980848 0.54726212 0.95394949 0.39381555 0.51945156] [ 0.63681836  0.46402075 -0.15366974  0.91156224 -0.00154273  0.77357485] 
36 [-0.25137881  0.8699957   0.32203085  0.32355084  0.03585678  0.85064215] [ 0.47216468  1.34673268  0.22655288  0.96916755  0.5578314  -0.02289952] 
37 [-0.05282786  0.86304086  0.55102227  0.45730754  0.17812258  0.66620851] [0.51623387 0.51479946 0.64514832 0.2172147  0.21018671 0.50258639] 
38 [0.34559414 0.88961035 0.21819318 0.50352988 0.8174393  0.45810161] [0.22980098 0.21842988 1.19611657 0.34352738 0.99212399 0.85100541] 
39 [0.29518319 0.63641977 0.71719436 0.68374979 0.48095208 0.51872693] [-0.36252191 -0.02827681  0.05208561  0.2892107   0.35788321  0.19008026] 
40 [0.42672629 0.53964798 1.18411721 0.32909286 1.16894061 0.15049698] [ 0.09474554 -0.0622843   0.22997428  0.20569683  0.29522738  1.09146694] 
41 [0.7692192  0.56634507 0.61233854 0.56212236 0.47279097 0.24370386] [0.97328238 0.37450953 0.33553249 0.06275326 0.34681933 0.61615814] 
42 [0.24347887 0.75907708 0.27628134 0.97179673 0.3831302  0.90632514] [ 1.06463419  0.28207065  1.47253077 -0.01317914  0.0187771   0.10308871] 
43 [ 1.04121612 -0.01029917  0.3618049   0.89544415  0.41161969  0.63032125] [ 0.65845638  0.89818052 -0.01313205  0.62942311  0.36904792  0.23746333] 
44 [ 0.18230985  0.4601309  -0.14606531  0.66720411 -0.03404317  0.91074826] [-0.53532218  1.03229573  0.28093021  0.83340996  0.84030149  0.10152114] 
45 [ 0.18221078  0.40363474  0.63311976 -0.01452834  0.41378628  0.74833346] [-0.50511497  1.30412343  1.03858078  0.70361148  0.10892    -0.00134749] 
46 [ 0.32310676 -0.08079916  0.69472593  0.03996764  0.58085433  0.00081386] [ 0.5504852   0.53023469 -0.00457942  0.19153224  1.06343594  0.38711056] 
47 [ 0.17051677  0.48010057  0.41609709  0.81150516  0.81877996 -0.04108891] [1.02927222 0.22238717 0.06630996 0.14088264 0.88539495 0.91036826] 
48 [0.39615745 0.27912646 0.25840038 0.4763705  1.01746767 0.39686257] [-0.29427693  0.21096988 -0.1114633   0.0903137   0.34862942  0.30627154] 
49 [ 0.14057001  0.24322779  0.497369   -0.07067821  0.96332699  0.26076263] [1.05909415 1.14531842 0.64646215 0.8763322  0.0491493  0.13622893] 
50 [ 0.25133589  0.86324074  0.00184045  0.27121886 -0.06673816 -0.00956542] [1.07908742 0.14381263 0.25475544 0.27652313 0.34887897 0.61734207] 
51 [0.25857281 0.3260673  1.38880648 0.51507929 0.53130173 0.55520926] [ 0.66128273  0.38318899  0.96842492 -0.21131058  0.05041636  0.27109605] 
52 [0.78019144 0.51292186 0.84304473 0.67239339 0.88915282 0.84072001] [0.56271357 0.05554153 0.02981571 0.87965996 0.96054244 0.78922335] 
53 [0.90786665 0.11966894 0.61149698 0.33120849 0.80089362 0.80141181] [0.24364169 0.46407499 0.15492361 0.54248532 0.60338679 0.16938582] 
54 [ 0.23789507 -0.02633772  0.6714875  -0.07298551 -0.03174372  0.50438781] [0.9341152  0.12786375 0.48910268 0.94503926 0.35145278 0.13481173] 
55 [0.81552958 0.67934646 0.71713953 0.43955909 0.73700016 0.81811073] [0.87627847 0.10859544 0.88899005 0.36133514 0.72985579 0.93308166] 
56 [0.21439667 0.66922982 0.45957242 0.76144503 0.69502189 0.52225691] [ 1.05348085  0.10248081  1.56809777  1.56830038 -0.22534517  1.75017079] 
57 [ 0.20375544  0.55134465 -0.09512004  0.12693416 -0.04126451  0.07778632] [-0.53436798  0.84134284  0.68156901  0.71420107  0.5364218   0.14661739] 
58 [1.14742493 0.73073502 0.20230128 0.72854198 0.62951492 0.58716051] [0.64656807 0.84866929 0.14155598 0.22838939 0.05932012 0.72184445] 
59 [-0.05956726  0.07786378  0.17481165  0.28482019  0.24768006 -0.11488057] [1.69576852 0.87238389 0.90978053 1.11155789 1.03814473 0.33695211] 
60 [ 0.13199201  0.313184   -0.35208428  0.19252793  0.69164704  0.07288987] [1.02592871 1.14556989 1.25624639 0.27176735 0.13386143 0.04710782] 
61 [ 0.60827922  0.67270684  0.83028723  0.78076768 -0.04509687  1.12824781] [0.05834664 0.01088557 0.88484769 0.48277891 0.85224272 0.33688783] 
62 [ 0.15459808  0.22633429  0.2927148   0.94797948  0.71688751 -0.23397822] [0.64426058 0.57577458 0.55175789 0.35442073 0.30246562 1.26128798] 
63 [ 0.82118901 -0.00409523  0.43179502  0.43686113  0.16503832  0.09032128] [ 0.70345139  0.89245223 -0.02678418  0.06243613  0.59467689  0.43182764] 
64 [ 0.27706818  0.65221397  1.0366466   0.16693816  0.57422196 -0.00184629] [0.85238547 0.9933195  0.387619   1.14311575 0.227826   0.88801447] 
65 [ 0.21353719  0.57885047 -0.07834603  0.14880394  0.55688259  0.56515729] [1.03545176 0.89520247 0.8205947  0.14092125 0.1713839  0.11616801] 
66 [0.7150919  0.7593733  0.70632682 0.19425961 0.53589723 0.00153081] [0.02577395 0.01353192 0.30188626 0.26676391 0.80304414 0.55777143] 
67 [0.24430306 0.79726946 0.15862961 0.82166658 0.12945678 0.81537015] [ 0.95458025  0.08460689 -0.02732687  0.36467182  1.23020608 -0.16444129] 
68 [ 1.04975797 -0.00349614  0.65485807  0.49147873  0.20545031  0.4397144 ] [ 0.84580008  0.71079883 -0.151337    0.10604807  0.491382    0.29282688] 
69 [ 0.15268959  0.16661618  0.33473894  0.4194036   0.45737008 -0.13141625] [0.76393202 0.48962592 0.26753899 0.60515074 0.27739204 0.99991384] 
70 [ 0.22382086  0.27313807  0.7953626   0.10909609 -0.01557278  0.56181919] [0.60508511 0.47123747 0.48570404 0.52072279 0.50802472 0.69552971] 
71 [ 0.2183509   0.33204546  1.00540659  0.56212277 -0.07957069  1.108377  ] [0.74920528 0.64883479 0.53764518 0.43791877 0.9700877  0.16106906] 
72 [0.87629349 0.60304765 1.0268498  0.72384342 0.31310973 0.89935579] [ 0.41703711  0.94961304  0.31355277 -0.12585966  0.23535656  0.42171528] 
73 [0.31107055 0.28992413 0.86139001 0.88079231 0.49340452 0.50314784] [-0.36056065 -0.00262304  0.03751706  0.29220252  0.36016451  0.18062721] 
74 [0.8336128  0.72146001 1.01607243 0.47357016 1.03068921 0.30248186] [ 0.12944955  1.02388461  0.23631535 -0.20249444 -0.14703514  0.74218372] 
75 [ 0.09948983  0.28894964  0.46369361 -0.16417588  0.80536424  0.92272199] [ 1.00397525  1.00358875  0.29866285  1.1514138  -0.06519076  0.217262  ] 
76 [0.85403244 1.10713617 0.71746977 0.56687    0.25787623 0.38352192] [ 0.09393193  0.88231641  0.09973183  1.10785454 -0.01908673 -0.12521736] 
77 [0.37482842 1.25719491 0.2273185  0.26550205 0.54701108 0.89350874] [0.34360772 1.01312293 0.03851926 0.38018052 0.90560251 1.34048039] 
78 [0.30013722 0.69893761 0.65065397 0.40518797 0.51663219 0.26524986] [0.7611548  1.07170654 0.37685914 0.85231622 0.10904494 1.25304004] 
79 [1.00780347 0.46983052 0.32382105 0.32570901 0.43406471 0.81216252] [ 0.78171188  0.98424876  0.79829638  0.32196719  1.04396753 -0.09810477] 
80 [ 0.33451524 -0.08148932  0.29264478  0.4247399   0.52077763  0.65463541] [ 0.38431442  0.67638047 -0.0416529   0.22833871  1.41758884 -0.09378766] 
81 [ 0.15435112  0.23741054  0.47928884 -0.07163771  0.83593185  0.43789232] [1.03850284 1.15805389 1.21147928 0.29040885 0.07827753 0.21048309] 
82 [0.69283192 0.33883806 0.12239039 0.88751405 0.88444279 0.67208351] [0.67241523 0.56222287 0.42948874 0.71566623 0.94007187 0.89159187] 
83 [0.7451556  0.04082931 0.8798201  0.03075393 0.60946559 0.8261881 ] [1.20611956 0.44407782 0.65654297 0.92638046 0.67030985 0.29523394] 
84 [0.37169889 0.26648058 0.17714913 0.65537998 0.95856203 0.39449177] [-0.32102954  0.261682   -0.13151802  0.07397956  0.3461362   0.31235916] 
85 [0.29947441 0.6183623  0.54739139 0.94831537 0.5255421  0.00698526] [ 0.25114445 -0.06047403  0.02650232  0.58365685  0.82739851  0.59592978] 
86 [1.08542941 0.64331089 0.72694453 0.87832082 0.78443163 1.0229609 ] [0.85229111 0.82501442 0.55204766 0.09072665 0.13770536 0.69389947] 
87 [0.26396909 0.71926916 0.30460402 0.71633768 0.53767658 0.44927198] [0.9334066  0.74984119 0.26165852 0.32057092 0.22155766 0.11320261] 
88 [ 0.02671183  0.3626709  -0.09207524  0.80104735  0.34690031  1.03392177] [ 0.95095188  0.27972807  0.79000187  0.23054634 -0.16778842  1.54926642] 
89 [ 1.01502399  1.05958538  0.74337671 -0.03734191  0.97912296  0.63475765] [0.04979771 0.95157989 0.7018605  0.63471085 0.30688515 0.11381105] 
90 [ 0.3836307  -0.20833535  0.1260977   0.73701973 -0.02046596  0.56213596] [ 0.29829605 -0.37251876  1.04323094  1.13931838  0.63414206  0.14178482] 
91 [0.76421538 0.10741532 0.3258673  0.25984269 0.26718491 0.96155441] [0.78102741 0.32157831 0.38546373 0.49988443 0.6915112  0.67077872] 
92 [ 1.04021376 -0.0216367   0.10685717  0.70503255  0.85330253  0.87805403] [ 0.48730635  0.79576239  0.32984146  0.61497228 -0.08305156  1.02301469] 
93 [ 0.91212616  0.44393489  0.75790862  0.90460412  0.15127853 -0.05283772] [0.86909458 0.14166765 0.84436555 0.86508744 0.67023843 0.44744354] 
94 [ 0.2688718  -0.07864251  0.27726682  0.54590354  1.0008899   0.05843167] [ 0.72250586  0.3331356  -0.06990487  0.14203085  0.99943746  0.66266975] 
95 [0.24335421 0.65924185 0.15100832 0.95335476 0.28855326 0.97427263] [ 1.01563748  0.17253672  0.03242049  0.18001662 -0.13665356  1.63179878] 
96 [ 0.21745006  0.13398885  0.70761425  0.22369107 -0.06740314  0.84432333] [ 0.89132561  0.18355373  0.3969776   0.86630287  0.38588849 -0.12997249] 
97 [0.43414159 1.03874941 0.31803353 0.11300412 0.16577301 0.11543262] [ 0.44360429  1.05151581 -0.08339166  0.35599479  0.2977289  -0.06143991] 
98 [0.21745316 0.28590956 0.4066929  0.82946422 0.81839271 0.97317575] [1.02580626 0.02716695 0.1965157  0.11129733 1.62996562 0.21597879] 
99 [0.66747476 0.69707938 1.00302168 0.50609357 0.50386546 0.67236236] [0.99080946 0.73281783 0.60831789 0.4813624  0.03155027 0.35553932] 
100 [0.35602868 0.43774715 0.4824718  0.21278541 0.30646726 0.89388398] [-0.06549179  0.53211788  0.45143326  0.29173774  0.30670347  0.26215625] 
101 [0.62880076 0.73763302 1.06971724 0.69217235 0.51030181 1.08523889] [0.79319214 0.84745025 0.64438099 0.99302192 0.5182278  0.43214996] 
102 [0.76667472 0.31725685 0.43019825 0.48628627 0.94722069 0.0648429 ] [ 0.01379716 -0.05913821  0.03247397  0.97731435  0.79224319  0.19015844] 
103 [-0.18704958  0.74551019  0.75098365  0.6641528   0.44713727  0.51877577] [ 1.44998392e+00  1.43485249e-03 -2.43714527e-02 -4.11801966e-01
  3.41054079e-01  2.27423876e-01] 
104 [1.03068531 0.90133292 0.10036015 0.7521683  0.32666875 0.44594362] [0.85319933 0.68276644 0.03001078 0.40542532 0.50233585 0.52471483] 
105 [ 0.08398087 -0.1277332  -0.26366676  0.51837015  0.54011674  0.35466511] [0.83352439 0.72724915 0.32642188 1.27220102 0.20925602 1.44284069] 
106 [0.36761669 0.78350618 0.58591909 0.54463746 0.68331432 0.64086416] [0.69502957 0.28698558 1.10762155 0.76303407 0.97416312 0.87363876] 
107 [0.26225032 0.47517961 1.09410349 0.64096953 1.02859875 0.34701155] [1.06589471 0.25317212 0.2233698  1.37324546 0.16948492 0.12047109] 
108 [ 0.44536874  0.52485276 -0.03675162  0.35205574  0.96238351  0.86130552] [0.08293619 0.85318391 0.64425419 0.10632649 0.62790382 0.30677831] 
109 [-0.26681962  0.88796296  0.00632935 -0.10169237  0.20008042 -0.04016724] [0.42301017 0.22293095 0.10716747 0.93891217 0.92690172 0.83443984] 
110 [ 0.19980083  0.54025492  1.03827687  0.85610623 -0.06675925  0.7970343 ] [1.04700522 0.19810716 0.08961973 0.62319374 1.1288725  0.15365614] 
111 [ 0.94944616  0.91728158  0.13874764  0.84205319  0.56204127 -0.00412154] [0.01631984 0.7331253  0.60193607 0.10624047 0.54542916 0.84814011] 
112 [ 0.24040746  1.07393709  0.64020944  0.66671833 -0.10035041  0.20990323] [ 1.0591026  -0.0632069   0.05355463  0.59281129  0.97312568  0.18497323] 
113 [0.56117216 0.67425293 0.37064309 1.01015407 0.27335396 0.82006803] [0.19558279 0.25492775 0.78308685 0.19107461 0.36565744 0.43081924] 
114 [ 0.36873058  0.46640255  0.3680924   0.38758592  0.49108818 -0.1454291 ] [0.46618646 0.24024781 0.11547959 0.47718002 0.61519689 0.61476354] 
115 [ 0.27213264 -0.15887382  0.37739295 -0.15198414  0.58378438 -0.10459479] [0.28200334 0.72903186 0.70279122 0.55802973 0.44069228 0.95883601] 
116 [0.36160266 0.6211153  0.86118834 0.50387597 0.971676   0.66869169] [ 0.4645962   0.24551761  0.79843467 -0.06950084  0.27390689 -0.18470822] 
117 [0.82700289 1.05277576 0.1880708  0.46972087 0.69589698 0.46093582] [-0.01090454  0.70576973  1.01370541 -0.01237917  0.1041079   0.21254924] 
118 [ 0.52636897  0.67355454  0.09228603 -0.0813041   0.9545469   0.43492635] [ 0.19940562  0.68094329  0.28176647  0.62702045 -0.42178325  0.42255039] 
119 [ 0.18604916  0.0968834   0.26628368  1.02860331  0.36845149 -0.05731086] [0.59966636 0.27480747 0.59685407 0.59794026 0.71460204 0.53866847] 
120 [ 0.37973572 -0.1043623   0.67996867  0.33451912  0.11558211 -0.02027928] [0.38163865 0.72285234 0.11835419 0.23121056 1.06654118 0.21737219] 
121 [ 0.25533409  0.70752614  0.35383667  0.98924129 -0.12309238  0.60278115] [ 0.36701477  0.06636656 -0.02100807  1.24705368  1.10363872  0.23062784] 
122 [0.17783649 0.26663673 0.38258164 0.60471149 0.82111314 0.74910942] [ 0.69937371  0.62609218  0.2914545   1.12809632 -0.03670146  0.32822217] 
123 [0.32985286 0.59263728 0.16144955 0.00914701 0.60974696 0.82375598] [0.3377316  0.19469596 0.75484006 0.83504647 1.20559893 1.31859854] 
124 [0.01300092 0.25832138 0.77996106 0.67981545 0.38515626 0.74577265] [0.99426515 0.55658844 0.86123655 0.01990917 0.72431823 0.88776136] 
125 [ 0.39968321  0.81275464 -0.08953838  0.37928205  0.84117421 -0.0737454 ] [ 1.19528124e-01  2.28898165e-01 -2.33028273e-01 -2.04362571e-04
  7.76849631e-01  1.27776142e+00] 
126 [0.92765062 0.00921722 0.12367093 0.85438543 0.70468028 0.22205385] [0.32642906 0.07744877 0.30563914 0.68531175 0.6261805  0.29663436] 
127 [0.47132196 0.85334632 0.67207283 0.37344218 0.6133635  0.0164975 ] [0.10519606 0.05554066 0.04732384 0.44430675 1.05406032 0.3296258 ] 
128 [0.26241483 0.70229922 0.23776148 0.86839473 0.56764553 0.15124262] [0.94789064 0.7361719  0.30775389 0.28767773 0.05203779 0.14381795] 
129 [0.25079678 0.21140398 0.7445819  1.08364619 0.45880118 0.58220488] [ 0.99599598  0.15759403 -0.05946743 -0.23674882  0.32991385  1.45692218] 
130 [0.21875201 0.47063713 0.25713057 0.04548316 0.52684647 1.26185063] [ 0.9986008   0.30904843  1.05871401  0.80918071  0.10008779 -0.32808373] 
131 [0.2001061  0.7403328  0.82644937 0.81287855 0.21544023 0.59572955] [0.93934872 0.02962692 0.0748654  1.42634908 0.35582554 0.20249796] 
132 [0.52732911 0.33885456 0.63121863 0.02568206 0.248485   0.38808226] [0.04969334 0.00665832 0.37477097 0.16365315 0.42007442 0.82223602] 
133 [0.39383431 0.71319532 0.96899725 0.16287977 0.05716348 0.69934786] [0.00392171 0.85635758 0.01016319 0.37167354 0.29820826 0.56855867] 
134 [ 0.77137906  1.15949534  0.1712855  -0.16549435  0.32016752  0.53435546] [0.05348263 0.5028113  0.78505555 1.25425442 0.27005458 0.19651347] 
135 [0.19100486 0.19706238 0.58207806 1.00564233 0.16515876 0.78278418] [ 0.74303743  0.23169195  0.09025723  0.46569557  1.22700855 -0.20471785] 
136 [1.15058476 0.41737082 0.48139014 0.23034505 0.37313221 0.55920577] [-0.03322796  0.11131308 -0.2328698   0.45402974  0.43370028  0.12379597] 
137 [0.17789443 0.24188456 0.51311275 0.92566236 1.06415378 0.48478518] [-0.50817138  1.37945139  0.09030794  0.09587729  0.23678937  1.42502079] 
138 [1.05636565 0.62714683 0.32779687 0.29895123 0.41630031 0.46489006] [0.50277906 0.55474509 0.43668847 0.6550852  0.20395527 0.73063048] 
139 [1.06317173 0.96664258 0.73714748 0.20228207 0.015337   0.69068213] [ 0.81392842  0.63246688 -0.0977274   0.17073067  0.46556949  0.45265147] 
140 [0.81686502 0.39677808 0.84274655 0.45754535 0.14381181 0.35128063] [0.24037938 0.79146556 0.96059908 1.01101385 0.33104582 0.92186983] 
141 [ 0.29684725  0.73584362  0.24427607  0.71977268  0.29683721 -0.07688276] [ 0.40279051  0.02780554 -0.01708918  1.00433856  0.22038896  0.82448866] 
142 [0.26206475 1.02507089 1.09114645 0.23817323 0.47600194 0.09538065] [ 1.13050529 -0.07883877 -0.1280375   0.1891095   0.52271052  1.02366244] 
143 [0.19229    0.36244701 1.05464548 0.7514607  0.45015556 0.52261018] [0.81472086 0.56087237 0.44509347 1.49780514 0.2774132  0.11138717] 
144 [0.19006399 0.34740356 1.25206602 0.28950964 0.91241728 0.84206451] [0.79136991 0.4208204  0.99838882 0.77646894 0.18363434 0.73614146] 
145 [0.46298356 0.2037224  0.57011191 0.49310098 0.71137026 0.21323164] [0.39656099 0.17943562 0.91516325 0.93635307 0.10314876 0.56356301] 
146 [ 0.21181508  0.33560504  0.37090079  0.34822892 -0.05632438 -0.11293274] [0.6483945  0.59166331 0.73825582 0.6491616  0.48339797 0.17179533] 
147 [0.33362386 0.47013784 0.98233716 0.60581308 0.77579441 0.17584229] [ 1.57606142 -0.06488298  0.31569924 -0.25420531 -0.06585464 -0.11375172] 
148 [0.96891838 0.29692891 0.07397379 0.28832539 0.44431243 0.09249576] [0.88670996 0.52718147 0.90758567 0.32017423 0.99762687 0.6953668 ] 
149 [ 0.13399735  0.09901886 -0.18346996  0.6053039   2.00445192  0.36885622] [0.7879105  0.9105747  0.9419406  0.98606999 1.28667266 0.28498817] 
150 [1.13561716 0.840235   0.40649838 0.44086477 0.72167304 0.37931325] [0.66880792 0.75279072 0.21620698 1.00615801 0.94326984 0.92206336] 
151 [0.12282162 0.33644282 0.74788323 0.31082456 0.98529969 0.57332665] [ 0.98269603  1.03360101  0.04255258 -0.12516017  1.25211233 -0.24523448] 
152 [0.67767762 0.66746701 0.79619414 0.53758886 0.88072758 0.20711154] [0.77687732 0.97612441 0.41730593 0.71338517 0.39002751 0.91707237] 
153 [ 0.19419908  0.54065846 -0.07320591  0.91442353 -0.05498987  0.44631098] [ 1.03393928  0.79851733  0.96909937 -0.13722277  0.26676497  0.11062312] 
154 [0.21229593 0.330542   0.80133427 0.29148098 0.27441838 0.59253221] [ 0.73574367  0.55051481 -0.57317889  1.71434266  0.29611974  0.21067306] 
155 [0.81170899 0.55976983 0.84654633 0.49692641 0.78027711 0.43881523] [0.84154609 0.3285648  0.82333548 0.84329895 0.80559289 0.10988335] 
156 [ 0.24231509  0.62747617  0.61453048  0.59364353  0.19072658 -0.02977947] [ 1.00717857  0.18446469 -0.09398346  0.33137833  0.32417316  0.9737909 ] 
157 [ 0.22661141  0.34535774  0.40119075  1.00767445  0.08199711 -0.00973749] [ 1.03749926 -0.05873196  0.1413778   0.85482804  0.06479923  0.76564685] 
158 [ 1.28170415  0.23913439  0.40365792  0.82716436  0.16510306 -0.06751349] [-0.04504988  1.48506621  0.60978019  0.52461815  0.56924302  0.49270406] 
159 [0.24503075 0.28050737 0.72073204 0.48811873 0.48081643 0.43609423] [0.04625701 0.51141348 0.92771918 0.923394   0.02184887 0.60652678] 
160 [0.89977817 0.03967743 0.92792058 0.67831682 0.12861494 0.50342292] [0.41702576 0.37870164 0.68051395 0.7570436  0.32425311 0.16663738] 
161 [0.83892309 0.6644578  0.44407371 0.35110883 0.28373903 0.13444202] [ 0.30309926  0.93431286 -0.02149942 -0.1592629  -0.14182835  0.66769828] 
162 [ 0.31307512 -0.14584013  1.07480342  0.87048274  0.57710115  0.3411482 ] [ 0.54239977  0.52378144 -0.04830982  0.07152373  1.66235711  0.21553155] 
163 [0.15106372 0.57555626 0.27626802 0.96629568 0.49178651 0.92247986] [1.02299518 0.66352019 0.21002898 0.83954728 0.4077899  0.13602309] 
164 [ 0.46863193  0.65832072 -0.06906763  0.07607364  0.71507748  0.60359274] [ 6.88596716e-02  7.58761470e-01 -3.46262226e-04  7.92341441e-01
  1.35766432e+00  1.19008045e+00] 
165 [0.95691132 0.47973643 0.30206593 0.6617113  0.61472598 0.42034711] [0.68646136 0.10847471 1.10156956 0.65478406 0.52969502 0.68389894] 
166 [ 0.23497155 -0.03878619  0.01328204  0.66705027  0.49334608  0.65208779] [ 0.55335183  0.27986674  0.23209586  0.27122418  1.37993487 -0.11687401] 
167 [0.86000617 0.6275924  0.25141601 0.69255905 0.32936294 0.60852452] [-0.04585009  0.07355817  0.04849481  0.50145347  0.3078724   0.13095282] 
168 [ 0.86204433  0.75271714  0.79573696 -0.14938399  0.6996082  -0.02116752] [-0.00283855  0.10245251  1.14351636  0.95725153  0.5925051   0.82126386] 
169 [ 0.56672834  0.06083555  0.33014019  0.67053792  0.68936571 -0.183995  ] [ 0.56904669  1.16566775 -0.01899219 -0.02688198  0.7226126   0.22798887] 
170 [ 0.23228121  0.64894551  0.65531118 -0.00960632  0.88438803  0.31779385] [ 1.06981261  0.24483015  0.876669    0.58664912 -0.02814844  0.12026613] 
171 [ 0.19148167  0.44865944  0.62265323  0.53780786  0.00975466 -0.01010426] [-0.55180151 -0.27467809  1.36252328  0.81846077  0.73397404  0.15736247] 
172 [0.00508376 0.19227644 0.26872439 0.47590662 0.81385549 0.94510682] [ 0.325675    0.79105707  0.65870364  1.0490334  -0.03998042  0.40794736] 
173 [ 0.86543954  0.04414668 -0.03591722  0.74135278  0.64862168  1.00925294] [ 0.36075762  0.58106341  0.56966195 -0.00147022  0.55387579  0.30407438] 
174 [ 0.25072387  0.70107169  0.18730384  0.15162128 -0.07161516 -0.0059714 ] [ 1.08407211  0.0516654   0.52499863  0.57084649  0.56556987 -0.03990224] 
175 [ 1.07496061  0.03080177  1.07379998  1.01653955 -0.01379473  0.792991  ] [1.22171507 0.36041818 0.56639924 0.62067242 0.94621533 0.42412586] 
176 [1.0175409  0.77304964 1.16129456 0.18401263 0.88099397 0.47631033] [0.01686106 0.57846177 1.2738097  0.06777137 0.25656745 0.11224449] 
177 [0.93794603 0.13905182 0.70583144 0.94985519 0.85009143 0.67856921] [0.20514846 0.69481275 0.51419153 0.61500255 0.50523384 0.15696437] 
178 [0.23520562 0.32514629 0.48000325 0.76757825 1.17672011 0.53197288] [ 0.69849963  0.50650719  0.18472783  0.88841017 -0.08510103  0.36399417] 
179 [ 0.25543797  0.33865989  0.51502754  0.23943406 -0.10052479  0.17111724] [ 1.08008644 -0.01782682  0.49181728  0.4449167   0.65928364  0.11703798] 
180 [0.13607788 0.31524877 0.28638993 0.53030934 0.52834243 0.69213289] [ 0.9267003   0.92534528  1.2974383  -0.16291069 -0.01102594  0.2187868 ] 
181 [0.34277961 0.86881211 0.56793376 0.41686743 0.71847119 0.73603254] [0.52495924 1.09768993 0.87006305 0.32019096 0.66537089 0.45499525] 
182 [ 0.33956939 -0.1003363   0.72380055  0.01188319 -0.0492479   0.50832868] [0.52405449 0.54718145 0.43301693 0.35486034 0.99332242 0.1283132 ] 
183 [ 0.86454812 -0.00424862  0.36037876  0.51990307  0.8002517   1.00324126] [1.28689382 0.25008146 0.03551764 0.68307927 0.02315112 0.77202347] 
184 [0.53223965 0.39990763 0.65403858 0.78924604 0.47889975 0.25418807] [0.6627769  1.09819754 0.66645738 0.9218667  0.66420264 0.51511159] 
185 [0.32068128 1.25587007 0.75563107 0.39175386 0.76907168 0.55017065] [-0.19938167  0.10425458  0.49777897  0.43277218  0.18967302  0.19168071] 
186 [ 0.1696009  -0.07615398  0.2885007   1.18801312  0.59821039  0.26107189] [0.17813342 0.6777345  0.74060573 0.00356912 0.46162326 1.25137115] 
187 [ 0.76618121  0.52464432  0.83391086 -0.05507995  0.54330659  0.7542548 ] [1.00657269 0.37474271 0.85424143 0.20896649 0.39166871 0.82341956] 
188 [1.08979215 0.82891217 0.4158484  0.48256468 0.16825123 0.15439236] [0.6832139  0.7638699  0.56716573 0.31209866 1.09709189 0.94322126] 
189 [0.31518795 0.92017945 0.81667268 0.32423404 0.67828412 0.55965225] [-0.17820205  0.04601654  0.49959364  0.75061197  0.17959249  0.19694078] 
190 [0.93855526 0.15607911 0.80523254 0.96629013 0.36215996 0.94341167] [ 0.6256485   0.53257948  0.66172741 -0.15939179  0.88973132  0.64117828] 
191 [0.25920585 0.73516812 0.9437879  0.08163704 0.08851692 0.706825  ] [ 0.41429799  0.05594343  0.94347906  0.09902016  0.95120393 -0.13453239] 
192 [0.32309488 0.62139894 0.7206377  0.77431116 0.05073653 0.62939326] [0.31107718 0.1767665  0.30618315 0.11065823 0.17778339 1.34915129] 
193 [0.2581403  0.49896806 0.65040275 0.99154759 0.62574401 0.64799508] [1.12934168 0.00203592 1.46592335 0.096072   0.24615199 0.09064713] 
194 [0.59990958 0.74995495 0.63045277 0.50561573 0.39895173 0.31386222] [ 4.37066301e-02 -2.24682891e-04  8.77674808e-01  3.08411799e-01
  7.92884761e-01  1.25661474e+00] 
195 [ 0.35816754  0.8245281   0.081018   -0.04765492  1.00488294  0.41874725] [0.60350245 0.6443948  0.38308242 0.59382968 0.73809512 0.07198667] 
196 [0.25057323 0.59951649 0.39430458 0.15885433 0.57573203 0.74991157] [-0.0278717   0.50062793 -0.02120507  0.70180321  0.35922334  0.5363396 ] 
197 [0.88580022 0.7503668  0.72890607 0.86035942 0.45073099 0.30861592] [0.44266615 0.41436051 0.46051503 0.59234312 0.26594659 0.65940899] 
198 [0.29442372 0.79326856 0.94137465 0.44831585 0.64113098 0.326333  ] [ 0.85512034  0.92519292 -0.20201397  0.4391863  -0.03421697  0.13202467] 
199 [0.35412737 0.77220296 0.15370801 0.35756196 0.70142136 0.53000567] [0.53043372 0.77859996 0.75292755 0.34842186 0.97950571 0.53177905] 
