0 199 199 131 86 62 41 50 35 29 35 53 191 122 77 62 53 53 62 35 32 56 29 119 83 68 62 71 53 53 104 89 80 41 134 107 71 47 56 89 71 62 65 59 83 
1 155 74 47 38 29 32 29 53 35 35 20 194 74 47 68 68 65 47 50 50 62 65 80 65 56 77 53 44 56 59 65 62 65 74 74 77 41 71 104 53 62 62 98 110 
2 122 86 199 176 137 125 98 83 125 62 41 194 199 74 65 56 50 32 65 47 32 71 199 107 98 80 86 95 101 89 35 86 65 125 77 59 86 80 122 65 89 89 83 137 
3 194 101 65 50 38 29 50 23 41 32 29 164 74 71 53 56 53 56 38 59 53 53 185 125 50 53 59 62 56 59 50 56 77 56 56 53 68 77 68 65 71 140 95 71 
4 194 104 65 53 44 41 41 41 53 47 47 199 199 161 134 119 110 56 89 50 47 71 199 199 101 113 35 77 74 71 20 65 32 77 47 86 83 86 62 74 71 74 101 110 
5 199 119 74 56 56 65 83 80 35 23 35 167 110 98 107 98 71 77 68 65 47 47 125 101 134 95 68 59 98 77 71 56 47 74 101 80 122 77 68 86 74 92 53 170 
6 199 199 149 113 101 83 104 68 23 56 50 188 107 41 74 74 95 83 74 74 71 74 155 71 47 38 92 80 65 71 65 68 65 53 44 44 104 59 38 56 83 86 83 107 
7 182 80 47 32 23 23 17 32 17 14 20 199 104 62 59 68 44 50 56 59 59 56 167 86 71 80 65 71 71 65 62 50 44 92 77 65 77 86 59 47 41 62 86 74 
8 146 71 41 32 29 26 20 23 29 35 23 199 107 41 134 101 98 86 74 86 86 92 101 199 161 89 116 80 71 65 59 50 59 68 71 74 65 77 62 71 101 113 101 101 
9 199 140 86 56 47 35 35 44 41 32 53 199 199 104 77 56 65 62 71 59 29 56 128 125 113 41 53 86 44 65 68 62 71 95 71 65 86 74 41 35 62 80 83 116 
10 176 83 44 35 26 17 23 26 47 35 29 176 80 71 56 62 59 41 50 53 71 65 80 74 53 17 47 23 59 77 65 65 56 62 38 26 35 71 110 59 86 89 86 104 
11 158 199 197 143 125 128 77 86 50 20 20 199 146 83 59 53 68 41 65 116 68 59 199 188 137 68 50 50 53 56 17 59 59 98 47 47 41 62 44 56 83 68 74 74 
12 199 199 155 113 86 68 41 35 29 29 26 199 194 125 95 83 77 80 56 59 65 44 107 53 74 71 17 65 50 65 38 41 50 140 23 77 59 74 80 83 74 74 80 101 
13 199 122 68 50 41 38 41 50 32 29 26 199 161 104 86 62 50 71 62 65 44 71 199 199 119 86 74 65 74 53 65 41 71 59 80 74 62 53 83 59 71 62 86 173 
14 149 68 41 65 35 32 32 26 38 44 38 199 95 71 50 62 59 68 50 62 41 62 89 71 77 92 11 62 65 77 77 125 95 53 65 41 74 65 113 77 74 113 89 65 
15 170 77 47 35 29 23 23 23 23 26 71 119 71 56 41 50 56 32 56 59 50 41 68 56 38 65 68 56 74 65 53 23 62 80 53 53 80 71 62 65 65 74 59 95 
16 199 122 89 62 44 41 32 59 41 38 26 161 71 71 68 50 65 83 59 44 59 77 199 164 47 41 83 23 56 41 56 56 44 98 71 47 74 77 89 77 53 137 74 86 
17 199 146 86 77 95 47 35 26 44 41 185 134 71 68 56 41 95 101 47 104 98 98 140 89 68 80 80 71 62 68 56 53 71 77 119 92 62 77 128 62 68 98 80 95 
18 199 113 74 62 41 35 29 29 32 35 29 199 107 71 59 56 56 53 29 74 65 56 128 86 77 53 68 68 53 56 50 80 80 77 77 53 38 65 29 65 62 62 56 95 
19 155 83 59 44 44 119 47 26 47 44 38 194 107 62 59 89 95 86 50 65 56 50 199 185 77 74 77 59 68 56 59 68 53 107 59 74 68 89 86 104 83 80 107 11 
20 158 74 47 32 29 44 98 80 65 62 53 199 143 89 80 83 77 62 62 74 98 101 199 167 128 95 83 32 56 83 65 86 56 68 65 53 62 77 59 59 107 41 77 119 
21 170 83 50 35 29 20 77 68 53 53 68 199 125 80 80 65 59 23 41 77 38 56 122 95 143 104 92 59 74 71 35 50 71 68 35 83 92 104 71 65 86 95 83 113 
22 164 77 44 32 26 20 17 17 23 26 26 146 65 56 62 23 71 53 38 65 62 59 95 77 68 71 89 101 74 35 65 50 65 68 38 32 68 74 71 59 62 65 89 140 
23 167 92 59 44 32 26 17 26 17 17 17 155 68 38 62 50 29 56 62 56 47 38 95 62 71 65 41 23 41 32 29 65 68 65 59 14 71 65 65 83 62 86 107 113 
24 173 92 59 47 38 35 71 80 80 17 14 199 104 74 74 32 62 71 68 65 80 80 199 199 62 50 116 41 62 59 41 59 59 65 86 80 62 44 53 65 107 71 62 113 
25 98 50 26 20 17 14 14 14 17 20 29 137 59 53 56 65 56 53 59 53 65 62 86 53 50 68 38 32 68 53 53 50 68 68 140 56 50 80 62 65 68 65 77 77 
26 161 101 59 41 38 32 29 56 41 35 26 199 119 59 59 71 53 59 56 59 59 56 83 68 62 59 44 53 56 74 95 92 113 65 71 68 50 95 68 104 62 113 110 137 
27 199 149 89 62 53 44 44 41 38 35 32 199 113 44 77 92 65 44 56 50 47 62 199 101 56 74 71 68 74 68 35 53 56 89 62 50 59 59 44 47 41 59 95 131 
28 164 104 62 47 44 41 35 32 29 26 26 199 176 107 86 65 53 35 65 56 17 71 128 77 80 53 59 74 62 71 53 44 26 77 74 92 77 101 77 53 53 53 77 68 
29 182 92 62 53 50 41 32 29 32 29 35 199 113 77 83 62 80 86 74 101 50 53 199 197 122 137 80 56 71 65 5 23 62 107 74 71 62 77 74 68 50 77 53 119 
30 170 95 62 53 41 38 32 29 26 23 20 199 134 80 65 56 50 68 50 65 83 89 191 104 80 8 71 56 68 62 92 71 68 53 50 47 65 53 62 59 65 71 65 68 
31 134 71 53 41 128 86 65 59 56 116 131 170 104 65 56 47 50 53 56 62 53 62 95 62 122 140 80 65 74 62 71 68 68 83 74 59 50 98 59 65 68 107 47 89 
32 199 199 116 77 62 47 41 35 32 32 35 199 83 80 56 47 56 41 71 32 68 35 128 80 41 59 101 119 62 62 47 65 53 65 62 53 53 59 113 71 71 68 83 77 
33 199 128 71 53 44 41 35 101 131 20 47 199 199 128 95 74 71 62 53 53 44 59 131 80 68 77 50 86 107 77 56 68 56 65 62 68 56 86 65 71 59 65 83 74 
34 199 197 128 89 62 146 122 68 83 199 92 199 199 74 131 62 65 68 62 65 56 74 107 104 74 44 62 62 44 35 77 47 71 113 68 80 59 92 71 80 65 80 143 83 
35 149 74 41 32 32 29 26 26 23 56 44 199 176 128 59 65 56 59 44 59 53 41 116 86 83 83 92 89 44 83 44 59 56 71 71 74 83 92 74 41 56 89 83 199 
36 122 62 32 26 23 23 110 59 44 74 35 179 83 68 65 65 65 68 56 74 38 65 107 62 53 53 71 53 59 71 62 68 56 62 98 77 71 65 74 80 80 83 131 137 
37 131 65 50 35 38 32 26 23 23 20 20 185 101 68 65 53 32 41 53 50 11 47 131 77 41 53 59 56 50 62 80 71 71 26 50 98 44 62 74 68 86 56 44 116 
38 199 199 155 113 89 80 83 50 44 38 29 199 110 71 59 56 62 47 23 38 35 50 128 89 110 83 62 65 53 47 47 59 59 98 89 71 71 80 5 56 53 56 68 89 
39 199 119 74 68 56 50 38 41 41 68 47 199 104 65 80 86 83 71 77 71 71 59 155 92 92 35 68 53 104 32 74 110 80 77 119 68 95 68 77 80 86 71 92 128 
40 199 116 80 59 44 41 59 71 29 26 23 199 143 89 77 68 116 62 65 35 50 65 137 113 56 38 56 65 53 71 68 95 89 86 53 62 71 59 59 110 80 59 50 143 
41 167 89 59 44 38 32 26 26 23 20 20 137 62 65 56 50 59 41 50 68 59 56 137 83 68 56 65 68 65 47 68 74 41 47 65 68 65 65 65 83 53 86 74 29 
42 199 137 77 53 41 32 29 23 20 23 20 173 113 74 17 47 44 104 35 77 95 50 137 140 92 80 98 98 98 68 59 59 56 101 65 92 56 86 80 62 80 26 56 38 
43 185 95 56 41 32 29 26 20 32 32 38 182 98 83 77 26 59 53 59 62 17 41 158 68 59 53 56 68 53 56 56 56 56 56 68 71 62 80 68 65 77 77 107 110 
44 199 199 116 80 83 59 44 41 38 32 134 199 140 77 74 41 83 62 50 65 74 38 188 104 86 77 83 77 137 92 74 65 68 125 95 50 71 65 62 47 77 74 122 65 
45 199 113 101 86 68 62 53 35 20 41 29 155 86 68 47 56 35 53 56 53 65 53 110 44 65 62 62 44 62 71 74 71 68 65 80 68 68 74 56 71 77 53 101 167 
46 199 116 62 47 35 32 29 29 32 29 38 199 199 53 38 65 44 65 65 68 62 62 149 83 65 92 53 44 44 65 62 53 68 65 65 62 71 71 101 107 80 86 107 131 
47 164 83 50 41 32 26 26 29 29 26 26 199 86 74 56 47 62 65 65 50 17 59 89 68 62 62 56 62 56 53 59 56 65 101 65 41 38 56 56 68 17 62 68 68 
48 199 199 128 95 77 65 56 47 41 35 41 199 149 98 41 62 62 68 56 47 74 62 199 116 74 59 68 53 53 71 74 68 44 50 125 86 125 68 65 62 83 56 80 86 
49 158 74 44 35 29 23 20 17 14 17 11 164 80 77 80 86 56 65 68 65 50 56 185 92 65 65 62 74 68 41 59 59 59 71 59 8 65 71 110 68 98 80 71 77 
50 116 62 41 32 35 38 41 32 29 20 29 149 83 41 47 62 65 44 47 53 44 44 68 56 65 68 59 56 53 62 62 56 47 53 62 29 104 80 89 80 65 110 62 113 
51 199 152 80 68 53 86 68 53 50 41 56 199 152 89 74 98 74 56 26 65 59 41 199 26 110 74 86 59 77 59 71 44 71 164 86 56 68 68 65 47 74 71 62 71 
52 125 59 35 29 26 23 23 20 23 71 20 199 199 128 74 71 71 47 62 32 53 74 131 59 122 83 59 68 56 62 56 59 56 56 62 62 74 74 71 110 59 92 119 74 
53 197 92 59 41 38 38 35 29 23 26 23 199 110 74 62 62 62 50 47 59 35 26 176 107 119 17 89 86 86 74 41 65 56 83 53 65 71 62 65 77 86 59 110 83 
54 107 68 199 149 110 95 125 29 32 122 47 199 173 170 125 71 65 56 68 29 26 53 199 197 107 71 122 68 104 56 68 47 68 89 65 59 86 98 59 89 74 89 95 86 
55 199 98 59 44 32 35 38 32 26 35 77 199 113 65 68 53 50 56 59 56 38 62 17 56 74 71 62 53 56 62 65 71 56 80 62 50 53 92 56 77 62 86 77 134 
56 194 89 56 41 32 29 26 137 86 77 68 149 62 53 26 59 47 50 68 17 62 53 92 71 77 86 110 77 101 68 56 44 65 68 65 74 56 77 68 50 86 65 77 140 
57 176 83 50 32 29 68 53 47 38 38 23 199 110 125 95 71 77 71 71 68 92 92 128 68 29 62 74 53 62 53 62 68 59 74 71 50 68 53 65 86 80 107 86 107 
58 199 137 77 53 44 38 41 32 26 20 29 199 199 92 53 32 44 56 47 26 53 38 173 122 80 65 56 74 59 41 65 56 44 68 65 83 56 68 59 83 74 104 140 83 
59 197 86 47 32 26 26 26 29 32 47 113 199 110 56 32 56 50 59 38 56 41 47 134 77 71 56 71 80 62 74 56 68 47 74 71 68 92 56 92 62 74 86 107 101 
60 199 110 65 50 41 44 32 32 62 44 71 164 80 74 71 65 71 68 68 53 80 74 179 107 74 59 56 62 71 44 47 59 38 77 92 80 83 56 65 56 80 128 86 77 
61 179 104 68 59 47 44 38 35 29 29 20 155 65 59 50 53 65 53 50 68 65 56 179 95 65 53 11 71 62 86 80 89 83 44 50 68 59 38 80 32 98 122 83 110 
62 134 71 38 32 29 26 26 128 98 50 59 155 68 74 65 56 62 62 65 65 53 47 83 50 65 44 56 62 68 65 68 62 62 71 56 47 65 62 62 59 83 71 56 143 
63 199 137 74 56 38 29 20 17 26 38 41 199 152 92 92 68 116 116 137 35 38 89 74 137 95 20 83 65 59 56 62 89 59 53 47 119 74 68 104 59 122 113 104 83 
64 199 185 116 95 188 59 35 68 35 23 32 199 104 98 95 83 65 65 71 80 80 53 199 113 68 74 77 65 68 56 83 71 59 77 77 80 80 116 83 50 80 71 80 143 
65 191 98 56 41 38 32 23 35 32 29 26 199 113 77 59 65 53 65 41 41 56 62 199 182 107 83 74 53 77 77 41 53 68 59 59 32 83 68 98 86 59 77 32 77 
66 199 101 62 59 50 53 26 23 23 41 44 199 125 86 71 113 59 32 44 113 47 53 137 53 89 53 71 62 71 35 62 74 68 101 71 47 35 56 65 80 68 83 74 134 
67 80 38 23 20 152 68 77 53 47 47 41 199 199 98 83 65 44 65 68 35 119 83 199 199 116 68 65 68 71 83 62 56 68 119 80 62 95 80 86 59 77 47 83 92 
68 155 80 47 35 32 26 29 23 20 17 17 199 131 89 62 71 65 17 56 44 47 32 199 101 65 68 53 89 59 95 83 41 71 56 68 53 68 50 53 71 77 98 68 86 
69 199 104 68 50 44 41 41 44 50 44 41 182 95 62 62 53 59 44 65 68 62 38 158 80 74 65 47 50 77 56 62 50 56 56 59 41 53 53 65 68 65 80 68 92 
70 199 199 128 92 77 62 56 44 38 38 35 125 50 44 149 41 80 86 56 56 65 59 199 199 134 137 92 83 71 65 50 77 59 29 47 107 77 62 74 68 65 65 116 71 
71 199 146 83 50 38 53 104 80 71 74 56 199 89 86 53 68 77 83 56 80 56 59 199 77 68 68 50 53 59 53 68 62 68 80 74 77 89 71 65 68 65 65 92 59 
72 140 77 47 68 44 38 32 38 32 26 23 199 101 59 68 65 26 56 59 71 56 71 101 80 68 59 56 50 71 62 68 80 83 62 53 68 56 44 116 122 95 98 95 86 
73 95 50 35 32 29 101 74 71 53 44 38 199 185 83 71 59 50 71 62 59 41 62 20 137 68 56 53 56 47 59 71 74 47 83 68 65 56 74 68 89 68 80 74 92 
74 140 65 41 26 20 20 23 26 23 23 17 164 44 92 53 47 41 65 62 65 50 74 107 92 56 53 29 56 65 74 59 71 50 71 50 65 77 77 56 68 56 80 47 92 
75 158 77 47 50 32 23 20 47 35 131 107 199 119 71 68 56 68 50 68 53 53 62 122 83 53 53 62 35 50 53 56 68 65 71 56 59 68 77 41 71 71 71 149 131 
76 199 199 119 199 185 104 104 20 17 17 14 199 152 89 80 65 83 71 71 29 89 65 194 86 65 74 77 53 50 110 83 89 101 143 86 77 92 68 47 53 83 47 65 152 
77 161 80 44 35 29 26 38 11 29 29 32 146 68 38 44 56 23 17 50 59 62 20 113 65 53 23 65 56 62 41 56 50 62 71 71 59 35 77 59 77 86 86 62 86 
78 152 74 170 101 74 62 86 89 86 68 20 199 173 83 14 68 50 56 65 65 71 74 199 170 89 71 68 44 92 77 50 71 68 17 35 74 71 47 89 59 89 107 86 68 
79 199 199 149 110 86 53 44 50 89 53 50 199 137 185 131 110 47 62 59 77 53 47 134 98 113 89 113 68 32 68 68 77 47 101 62 80 80 74 74 86 74 71 32 179 
80 137 86 77 199 101 62 71 47 56 47 23 185 56 119 53 59 41 59 95 71 59 65 199 131 74 74 65 56 47 65 71 59 56 53 20 71 71 47 74 113 68 74 86 11 
81 125 68 199 146 110 71 56 41 104 107 95 149 92 71 59 53 35 68 68 35 83 101 86 199 110 89 77 71 62 71 107 29 68 92 77 71 95 5 53 62 116 83 86 86 
82 137 199 188 110 125 77 68 71 71 77 17 199 104 77 41 53 41 50 47 50 56 41 134 77 56 83 56 158 86 65 53 44 68 199 104 53 74 83 98 80 50 71 107 119 
83 199 199 152 116 74 35 29 32 32 41 65 199 146 140 107 89 80 68 62 56 80 68 131 122 89 137 71 59 68 77 68 65 65 137 17 83 86 68 53 56 80 65 104 98 
84 199 194 101 71 50 38 38 38 23 62 32 199 199 83 74 53 38 62 35 44 29 53 164 95 68 65 59 53 50 53 59 59 50 77 89 77 119 95 92 65 74 77 92 23 
85 199 119 68 56 47 35 23 68 74 59 53 199 146 83 62 56 53 59 62 17 56 65 119 74 68 35 137 65 65 74 71 65 71 125 59 68 44 65 77 80 89 71 98 68 
86 199 92 50 38 29 29 35 32 26 23 20 170 110 92 68 29 50 53 62 65 44 50 92 71 65 44 74 80 65 83 62 68 29 71 68 68 62 38 41 83 62 65 92 32 
87 199 199 143 95 71 56 44 32 74 20 17 199 137 86 59 47 53 44 62 11 53 50 164 98 62 65 71 74 80 65 59 56 65 65 53 50 71 23 65 62 65 62 89 191 
88 173 83 47 38 32 29 29 32 32 32 29 199 98 77 62 101 38 71 56 35 53 56 199 199 161 128 68 56 65 38 65 71 77 80 89 125 167 104 47 86 83 56 80 71 
89 188 98 65 71 50 44 38 56 53 107 68 194 107 65 62 65 74 62 59 56 50 65 122 83 62 62 116 71 77 74 71 65 68 125 68 80 86 80 74 74 71 86 107 107 
90 199 199 155 104 80 65 53 44 38 32 32 199 185 107 80 65 71 62 68 68 47 65 199 17 89 89 71 65 89 86 89 59 92 95 71 128 83 56 71 56 71 14 56 74 
91 199 199 161 107 83 62 56 47 41 35 32 134 89 50 53 65 50 62 59 59 68 59 199 122 59 80 71 68 65 35 47 77 71 125 77 74 62 59 71 56 74 110 17 134 
92 199 113 65 47 38 26 29 29 44 41 101 199 110 77 50 44 65 62 68 23 47 53 104 65 50 44 44 68 62 50 62 62 80 59 53 65 80 56 50 80 47 71 110 95 
93 199 199 199 199 68 44 29 23 17 17 14 199 98 62 74 53 32 68 65 56 29 62 134 199 125 86 65 71 77 68 59 41 74 71 68 50 68 77 53 68 86 92 71 80 
94 199 125 71 65 38 32 29 32 23 56 35 199 110 77 65 53 41 65 71 62 62 47 149 80 77 68 47 83 74 56 62 59 59 74 59 44 80 68 83 77 71 86 86 122 
95 199 143 89 65 56 47 116 53 68 62 41 199 140 137 140 77 80 53 80 83 83 95 199 158 185 89 65 71 56 83 47 71 68 101 140 74 50 56 83 71 80 92 113 53 
96 199 158 110 89 71 140 59 44 77 53 29 199 143 104 199 56 137 80 68 47 59 80 191 89 53 47 56 89 68 50 47 65 41 86 59 71 59 71 74 65 65 83 92 125 
97 199 199 194 116 77 56 62 44 56 56 98 199 199 164 131 86 86 71 56 35 68 71 137 77 74 62 41 44 50 59 62 68 59 146 53 65 38 101 86 65 74 80 155 71 
98 199 158 199 125 113 68 44 35 35 32 38 199 98 68 62 53 59 53 62 44 32 59 128 68 71 86 77 62 65 53 65 101 50 98 80 77 47 95 68 77 68 89 110 101 
99 199 128 89 59 44 68 59 26 26 29 20 199 140 68 86 74 59 68 80 104 77 62 134 137 83 53 47 59 44 50 44 53 68 71 62 71 98 65 53 86 71 74 110 98 
100 155 77 47 38 29 26 23 41 26 47 59 185 95 47 71 32 35 56 53 38 56 65 86 77 56 53 29 68 59 44 113 59 71 71 56 68 59 71 77 50 44 80 80 98 
101 199 116 74 56 41 53 56 65 50 47 38 199 125 71 83 53 74 56 50 56 71 17 137 140 134 74 32 92 59 59 59 77 71 119 68 71 71 74 83 83 74 71 77 101 
102 167 98 56 50 41 32 29 17 11 29 11 137 65 68 47 47 44 47 65 62 44 62 86 53 62 59 50 62 41 59 59 68 53 62 20 56 83 53 95 89 113 56 65 62 
103 199 140 86 71 74 71 38 41 38 44 29 199 199 149 122 104 80 68 74 50 104 47 185 122 116 71 59 65 68 59 50 77 77 71 68 86 71 62 80 89 80 86 95 137 
104 199 164 86 62 44 32 92 98 68 74 50 199 143 83 53 56 47 56 50 38 71 44 143 104 140 116 53 62 56 53 56 83 65 113 86 65 71 92 65 77 74 77 95 199 
105 199 199 199 47 29 74 62 53 59 53 71 199 98 38 65 56 47 101 11 56 68 56 199 71 89 140 59 92 44 92 86 68 65 14 125 65 65 77 62 47 71 8 77 86 
106 199 167 92 65 47 41 35 29 26 23 23 164 86 53 56 47 41 53 50 59 62 14 128 62 41 44 56 68 56 44 77 62 53 107 77 59 47 68 71 71 65 74 71 53 
107 199 125 77 59 53 50 44 47 56 86 134 199 122 80 56 56 50 86 113 110 83 74 199 134 131 74 74 23 53 68 68 68 59 98 68 74 53 47 68 59 53 56 137 74 
108 199 199 164 131 53 50 44 47 47 80 74 199 199 173 92 29 92 59 68 65 68 47 199 194 95 71 59 77 65 59 68 50 68 107 68 71 68 68 92 62 62 92 143 101 
109 167 140 74 50 32 26 20 17 17 11 14 199 110 74 71 53 59 62 59 65 53 62 95 59 53 56 98 44 65 47 50 80 50 62 107 65 95 80 74 113 65 89 86 113 
110 199 199 199 65 44 86 68 41 80 41 44 199 199 199 95 89 89 20 65 53 68 89 143 104 92 86 89 122 101 71 38 44 65 74 68 56 101 50 68 53 71 47 89 71 
111 164 95 59 41 35 29 20 17 53 104 161 152 77 68 71 47 62 26 80 62 71 68 80 47 53 62 86 56 56 95 65 77 68 65 47 80 95 68 44 92 92 68 65 125 
112 188 122 80 83 59 56 44 35 26 17 74 199 113 65 71 65 41 68 47 44 65 50 140 89 77 80 104 107 119 47 68 104 80 71 68 62 47 110 56 62 71 71 50 128 
113 104 199 170 122 98 74 68 59 59 50 38 158 71 137 101 83 11 116 101 92 38 110 71 173 86 11 50 47 71 62 65 38 47 74 53 56 71 80 98 59 71 95 53 137 
114 197 89 53 38 29 29 29 26 23 23 26 167 95 68 53 65 68 65 56 32 68 59 170 92 62 59 56 71 65 62 59 44 47 68 116 71 71 86 74 110 80 95 68 59 
115 173 89 50 38 35 26 101 17 14 44 50 173 92 59 68 20 44 68 47 62 41 44 113 59 107 89 56 41 47 68 77 74 59 50 68 101 41 77 113 74 59 71 80 86 
116 191 92 50 38 29 23 20 50 56 23 23 185 95 71 65 65 50 71 41 53 47 59 107 68 74 56 74 44 83 86 47 71 128 53 65 65 56 80 65 71 80 86 68 104 
117 199 101 62 176 56 41 53 41 20 44 38 199 199 98 77 62 41 65 14 56 32 41 122 191 128 113 110 56 59 71 47 53 89 134 74 62 59 74 77 89 95 92 125 161 
118 170 77 47 29 26 23 17 29 26 17 26 131 86 56 47 47 56 56 59 41 47 53 98 119 199 56 65 74 59 62 68 65 68 74 68 56 68 29 83 98 71 68 77 53 
119 140 71 50 35 32 26 26 32 29 23 26 199 101 77 44 56 65 59 53 71 23 86 122 86 68 14 65 116 95 74 65 98 98 65 65 65 98 56 50 59 77 119 101 77 
120 199 161 86 65 50 38 32 65 56 26 119 164 86 53 47 53 65 71 65 71 80 62 152 86 68 59 113 107 80 59 62 53 41 107 80 80 68 80 59 32 74 74 92 83 
121 185 104 68 143 128 86 137 47 38 53 56 140 71 65 65 65 53 128 113 32 56 56 98 199 56 92 92 68 71 65 59 44 68 56 44 80 86 65 68 68 83 77 194 95 
122 199 128 113 80 65 56 47 23 20 32 53 199 125 86 80 86 65 14 74 59 62 65 199 104 101 41 68 80 101 65 47 35 53 53 65 74 68 71 74 86 56 107 65 173 
123 199 107 62 44 32 29 26 44 41 17 14 197 107 74 71 71 65 59 62 41 41 68 107 77 62 41 59 65 41 38 65 38 68 71 74 38 53 65 101 71 83 62 116 56 
124 199 164 92 68 56 29 38 20 17 35 62 199 185 101 77 50 74 62 53 38 50 53 188 104 53 62 77 59 77 74 83 65 80 83 23 83 77 68 65 134 56 98 104 113 
125 122 62 44 35 26 23 23 29 26 14 17 155 83 59 56 47 44 32 44 41 53 74 161 89 56 68 47 56 59 68 65 47 53 68 59 62 74 71 59 56 53 71 77 77 
126 170 92 149 116 158 83 26 47 38 29 38 199 188 125 101 86 77 74 95 86 80 107 134 80 62 128 47 98 83 47 56 53 68 116 29 95 50 50 116 65 101 80 155 89 
127 128 95 188 122 95 71 56 20 29 32 35 199 167 122 89 74 74 53 62 71 68 80 199 122 80 50 89 50 74 56 56 62 59 62 41 92 68 56 65 68 50 77 86 68 
128 131 65 38 26 26 38 23 38 71 59 71 164 71 65 53 59 53 71 44 47 47 62 101 68 71 59 62 56 38 44 68 68 68 68 92 68 68 68 80 74 68 35 104 80 
129 149 71 47 35 35 29 32 122 26 56 53 161 98 71 65 59 68 56 74 74 41 68 199 185 176 80 113 83 131 113 68 53 62 98 47 86 80 74 74 62 113 50 74 86 
130 199 191 122 92 92 140 140 53 50 56 89 199 194 113 71 77 89 62 50 137 104 125 194 110 62 65 68 74 83 77 74 23 59 113 95 92 62 65 59 134 149 92 77 140 
131 199 199 149 110 92 77 56 38 35 56 41 199 194 119 89 68 59 65 50 44 74 77 199 170 134 86 116 50 113 26 68 101 86 119 80 56 65 74 89 65 71 71 158 83 
132 199 199 116 83 68 53 44 29 23 32 26 199 191 140 122 59 62 53 62 53 44 53 140 104 92 113 71 68 71 56 59 62 71 74 71 50 80 62 62 86 107 71 83 199 
133 199 188 110 86 65 62 56 71 56 26 20 188 89 74 68 56 65 26 50 68 53 56 95 56 92 38 59 56 59 47 86 68 68 74 71 98 107 110 89 41 65 83 62 86 
134 199 182 104 77 62 53 62 65 41 44 47 199 191 155 59 107 35 80 77 86 71 53 199 137 113 89 68 77 95 44 56 53 89 86 89 62 68 74 83 71 83 83 134 197 
135 188 199 101 56 41 44 68 74 80 38 23 199 143 80 80 68 62 35 65 65 23 59 188 71 62 74 80 41 59 77 62 71 77 68 89 86 101 71 80 101 80 107 113 119 
136 164 83 56 44 38 101 80 50 32 68 65 199 134 74 74 59 53 50 71 74 53 50 199 53 38 56 68 74 65 71 68 50 53 158 104 122 59 71 65 77 95 86 77 107 
137 179 199 128 113 137 191 62 50 125 44 104 199 86 56 56 50 32 77 65 65 62 53 89 53 92 38 59 131 110 41 95 38 83 131 56 5 65 107 92 98 77 92 74 188 
138 199 199 125 92 71 59 53 47 53 44 53 182 101 62 47 62 47 65 47 65 50 38 199 137 77 59 92 71 62 65 44 62 71 199 119 53 68 71 110 62 80 95 122 191 
139 199 199 143 104 77 59 44 23 53 47 29 199 199 125 101 80 74 59 53 53 59 74 199 199 104 71 59 71 53 80 74 62 59 98 74 56 86 41 59 119 74 110 77 113 
140 182 98 62 41 35 26 26 68 71 38 38 146 83 59 56 59 56 59 62 59 56 38 86 65 44 62 62 32 65 62 65 56 59 41 86 77 89 71 65 83 71 68 53 68 
141 199 164 107 98 77 71 65 38 35 23 86 199 158 107 74 68 59 71 65 68 68 41 199 101 71 56 53 68 71 62 62 59 56 59 104 92 62 65 62 65 110 83 68 170 
142 199 104 59 50 35 38 47 53 65 65 188 199 137 77 50 53 56 65 47 56 65 62 134 92 74 74 59 59 68 83 89 38 56 41 65 86 98 74 92 89 110 140 77 170 
143 185 101 59 146 86 62 62 23 68 56 50 199 101 110 80 68 71 50 62 68 56 44 199 128 92 116 83 95 113 83 80 62 62 143 56 71 74 56 53 59 80 62 125 137 
144 110 56 38 38 59 26 17 50 56 35 29 170 80 56 44 53 56 38 47 56 65 68 98 62 59 68 62 56 53 113 53 62 74 71 68 83 50 74 89 86 74 95 116 86 
145 199 164 104 74 56 44 35 56 59 95 89 199 179 104 71 53 68 44 47 74 50 32 199 199 77 47 65 74 47 50 68 65 56 56 83 89 62 62 71 68 71 53 74 146 
146 197 199 164 131 113 116 29 107 35 68 62 170 86 47 62 29 44 62 56 62 68 59 155 77 65 56 71 56 83 65 71 62 65 101 62 59 74 125 83 56 44 68 119 77 
147 107 56 199 170 128 101 29 44 38 26 26 199 176 80 59 23 38 62 56 41 77 68 56 68 146 116 44 83 68 32 107 47 17 83 38 80 53 74 98 68 77 65 62 92 
148 199 199 146 101 74 62 50 26 32 32 32 199 158 98 83 80 71 62 68 65 62 26 199 128 77 56 44 65 62 50 29 62 59 80 38 86 125 92 62 83 62 83 71 98 
149 134 199 199 164 134 89 32 47 77 53 26 199 134 92 74 137 101 80 59 56 59 53 194 131 83 68 44 68 47 56 62 68 71 83 65 26 89 68 44 44 86 53 98 47 
150 199 170 86 65 71 140 74 26 23 65 71 199 140 104 41 35 53 92 71 53 50 74 173 74 110 56 164 62 77 68 65 68 65 170 56 71 59 77 41 53 71 89 62 158 
151 179 98 62 47 41 35 29 20 26 23 20 199 191 113 83 68 38 50 59 65 56 50 199 191 131 89 113 59 119 62 119 74 74 56 71 89 104 77 41 74 50 53 71 86 
152 185 86 47 32 26 26 20 44 92 74 47 199 176 137 128 68 107 92 68 35 62 74 158 80 65 53 56 59 77 65 56 53 59 68 41 68 77 104 56 65 80 71 128 77 
153 199 131 89 62 50 50 53 26 29 32 29 199 173 98 68 50 56 44 47 38 59 50 199 119 92 122 92 83 50 44 20 59 101 44 71 77 62 68 83 86 62 86 89 86 
154 179 86 53 41 38 35 29 41 89 23 26 199 125 92 71 59 68 65 74 80 110 74 185 107 59 68 59 11 32 68 74 47 53 89 83 77 56 74 83 65 68 68 107 101 
155 137 199 149 113 86 71 65 41 35 53 53 199 199 74 77 38 68 74 74 50 50 77 134 53 83 56 65 41 74 65 59 68 71 68 59 80 50 77 71 65 59 71 41 80 
156 173 199 164 104 77 59 50 65 56 29 29 199 199 128 98 86 89 95 98 80 86 65 149 77 56 65 53 71 44 68 89 92 65 80 50 35 68 80 83 68 50 176 65 107 
157 98 68 194 134 107 86 74 23 41 89 77 125 199 140 98 74 56 53 50 59 38 50 199 113 65 65 71 74 74 80 68 65 65 83 65 59 65 86 98 89 65 89 65 92 
158 199 122 68 47 29 26 23 26 23 62 41 199 158 86 68 53 65 47 44 59 56 47 119 199 152 98 80 71 38 101 65 41 92 92 44 68 65 44 53 83 80 35 71 113 
159 199 199 140 199 143 113 137 104 101 38 35 199 194 119 80 65 47 71 35 53 56 62 140 199 44 74 47 53 62 50 20 71 65 53 74 59 77 74 71 56 119 101 98 107 
160 199 199 140 95 77 95 104 11 11 38 50 199 137 104 86 62 74 77 65 77 71 77 173 199 110 86 98 56 62 68 62 62 56 95 89 80 53 83 68 68 86 110 86 95 
161 125 59 35 23 23 20 17 50 53 20 20 199 122 68 56 77 62 35 65 71 77 59 110 77 53 68 50 59 53 29 74 47 77 59 53 59 65 50 56 44 68 41 74 110 
162 149 68 41 29 38 38 35 32 35 53 26 179 89 53 62 59 35 65 29 56 62 38 68 26 32 74 77 62 35 77 65 77 80 110 122 68 71 50 65 77 47 86 77 92 
163 199 164 113 77 62 47 41 56 35 29 29 185 98 98 32 86 68 71 74 74 41 65 199 155 101 83 74 86 83 80 71 68 68 170 80 59 83 68 80 56 74 80 89 65 
164 199 197 113 77 59 59 47 56 74 44 29 199 134 74 62 65 74 32 14 53 11 74 194 107 71 71 41 74 71 86 53 65 53 62 89 50 53 47 74 74 71 71 68 83 
165 128 199 199 155 128 71 68 14 14 44 68 113 71 68 140 113 89 104 95 116 116 44 98 173 152 101 86 38 47 59 47 35 35 119 83 62 62 71 68 50 62 47 155 92 
166 122 62 35 29 26 23 20 50 59 14 14 199 122 77 77 44 56 23 62 74 71 71 140 83 65 56 59 53 65 71 68 53 62 74 98 95 89 29 77 71 62 71 101 110 
167 199 128 89 65 59 50 47 17 17 47 74 149 65 44 65 56 20 44 44 41 23 47 131 77 71 71 68 119 86 71 41 71 53 98 95 65 77 59 83 74 65 68 26 119 
168 199 98 65 44 29 26 20 47 35 17 20 131 65 62 56 71 59 50 77 74 53 71 173 158 101 62 74 65 68 65 59 65 53 65 38 62 59 71 68 50 74 74 92 65 
169 199 167 104 83 68 53 32 29 26 74 44 199 110 95 80 74 65 68 77 59 77 56 199 101 80 5 68 62 92 65 116 89 74 77 59 89 80 47 11 59 98 59 104 113 
170 199 146 83 59 53 44 35 101 98 26 23 194 95 35 68 47 53 50 53 32 41 56 131 71 71 62 68 89 35 131 68 71 80 71 65 68 56 32 68 92 71 77 92 53 
171 199 199 158 95 173 140 113 35 32 86 125 199 140 74 53 59 62 41 29 71 59 56 149 110 80 80 98 80 71 71 62 59 62 59 53 104 71 71 116 59 50 65 92 71 
172 199 185 104 74 59 44 41 29 29 29 26 146 83 59 44 59 44 71 50 50 68 44 197 101 68 47 50 38 56 50 29 53 50 119 113 35 74 92 62 20 62 98 104 149 
173 194 89 56 50 47 32 29 89 98 29 56 199 155 83 56 62 62 59 47 56 32 50 89 74 44 86 98 44 104 92 59 71 62 65 77 86 95 98 74 74 89 71 92 80 
174 199 199 188 131 107 116 86 29 23 71 77 199 199 125 23 95 71 59 74 71 74 65 199 176 14 59 62 62 56 101 77 74 80 173 44 65 74 77 68 74 83 65 89 65 
175 173 89 59 44 35 44 32 23 20 26 26 155 68 44 62 41 53 62 53 74 47 17 199 95 56 71 47 65 68 53 56 47 53 71 53 59 68 71 41 68 98 47 116 71 
176 131 62 38 26 20 32 26 128 35 17 20 194 83 47 59 32 56 35 32 56 71 62 98 74 62 44 38 56 59 44 56 20 62 68 77 62 68 71 68 56 62 83 80 119 
177 199 199 122 89 62 65 56 26 23 56 110 199 122 86 47 65 23 38 68 41 68 68 197 134 35 80 65 59 68 68 74 59 23 62 83 62 83 59 44 41 71 68 116 62 
178 164 98 56 44 29 35 32 53 56 17 17 199 134 98 71 56 50 74 65 65 53 71 167 14 122 80 80 74 68 71 47 56 62 68 62 35 53 98 62 104 77 83 101 119 
179 199 95 47 35 44 26 26 26 26 65 56 199 95 89 74 59 71 71 56 68 56 77 98 77 65 71 65 68 68 71 68 20 68 89 65 56 65 71 83 74 62 92 56 119 
180 188 89 59 41 38 32 29 32 44 26 23 128 83 65 50 44 53 62 56 53 56 62 113 71 74 53 56 65 83 80 47 53 65 56 74 50 53 77 71 20 74 71 98 77 
181 199 149 86 65 53 44 38 38 68 44 35 199 131 89 80 71 65 59 47 71 77 65 176 128 80 83 68 59 56 20 77 32 74 89 56 59 86 86 71 62 68 86 107 128 
182 176 95 62 44 47 32 113 23 32 20 14 199 128 68 68 71 74 38 68 92 74 59 122 68 116 68 89 53 71 86 86 41 59 83 38 104 113 68 68 80 92 95 62 131 
183 149 71 47 44 44 41 17 29 26 26 23 199 92 71 68 44 41 50 53 56 65 62 101 77 65 68 59 14 80 47 71 74 89 65 77 62 80 62 65 80 107 68 26 125 
184 199 125 68 50 44 38 32 92 125 29 23 199 95 53 53 65 62 59 41 53 59 53 131 86 53 41 56 59 47 50 56 59 44 74 59 62 68 29 68 77 80 65 110 89 
185 199 199 191 140 119 95 95 104 92 53 38 161 77 74 56 71 59 47 62 71 41 77 158 83 68 74 65 65 59 71 59 80 23 125 77 65 11 74 50 74 74 47 71 83 
186 199 199 143 199 164 137 128 86 71 68 80 199 119 89 77 95 74 62 68 71 89 71 185 107 113 80 23 74 56 59 8 59 65 74 29 44 56 71 74 41 65 86 65 92 
187 116 59 38 26 26 23 32 38 32 89 107 155 92 80 53 56 62 53 68 68 44 65 199 98 86 101 92 53 77 35 68 74 59 137 62 50 62 65 71 74 86 50 41 77 
188 199 134 199 152 128 50 44 47 44 113 89 199 146 92 62 14 74 74 62 53 35 71 152 134 29 83 83 77 44 50 71 62 44 62 83 50 92 122 77 92 74 89 107 104 
189 199 199 95 65 47 74 56 41 32 47 47 167 77 68 65 68 65 20 53 62 74 50 170 83 65 71 56 59 68 41 53 62 77 104 56 71 53 77 80 80 107 113 89 140 
190 146 89 59 44 35 29 17 32 32 41 23 199 110 65 47 56 65 59 53 62 71 44 77 47 62 74 44 71 74 62 77 95 134 80 68 77 125 80 50 86 107 92 95 77 
191 199 199 182 59 47 83 41 62 65 95 50 199 128 199 116 137 128 107 95 110 74 71 104 199 77 86 62 62 62 47 77 74 83 62 92 47 41 50 74 74 65 74 101 77 
192 199 199 176 199 188 110 77 26 29 41 65 199 199 155 68 101 95 59 71 71 59 68 199 199 170 59 62 65 41 44 44 59 74 155 68 71 71 53 71 74 41 104 56 59 
193 199 199 131 95 44 23 26 65 23 29 29 164 74 71 62 68 8 74 71 56 134 50 146 89 65 8 62 62 56 35 65 53 98 62 59 41 65 80 83 77 41 104 74 101 
194 199 199 167 119 98 83 68 17 14 38 23 199 143 95 77 77 59 53 62 59 47 65 199 185 128 110 152 65 35 44 50 74 38 74 107 92 53 68 29 74 56 62 56 101 
195 125 65 38 26 20 20 20 14 17 14 14 146 80 53 59 65 62 62 65 53 53 44 125 101 80 95 71 71 53 71 104 50 50 71 59 89 80 62 53 71 56 65 59 71 
196 164 74 44 29 26 29 29 53 53 113 44 182 83 62 35 53 59 53 59 56 59 68 74 65 53 56 56 41 65 59 62 47 71 56 68 62 71 68 77 77 74 101 74 137 
197 199 199 199 164 113 71 59 32 23 83 95 199 146 98 68 47 71 71 5 65 83 53 199 199 89 65 71 62 56 65 77 74 74 53 53 62 62 53 80 71 44 107 89 113 
198 170 83 53 41 32 41 35 50 74 23 23 199 119 83 53 59 65 44 41 38 35 68 131 86 44 62 68 68 62 53 50 38 68 56 50 53 68 71 47 68 86 65 104 98 
199 185 107 116 71 41 83 62 74 71 197 113 65 59 59 56 50 53 32 53 56 199 199 122 95 86 68 113 50 68 59 56 74 107 65 77 173 71 83 89 89 146 101 
