initNo 0.101 0.102 0.103 0.104 
0 -21.595519257214857 -13.381090681438579 -43.471125938930925 3.6949986910930464 -4.749920206082739 -10.903124626607518 -3.0530665554586887 -29.31204875981898 
1 -21.967610210722892 3.473357383504458 -15.741403051346774 12.192781142925424 -8.803205423985153 36.3475615301014 17.228970683853504 23.694754940552755 
2 -32.85878346152116 1.550194042508078 -38.09788085779384 -17.31213420063692 -34.211133227156004 -1.6015108445550896 -54.39630830082053 4.622629150868477 
3 -55.95652182728868 4.557130878324897 -38.82698136123461 -25.996385775626795 -23.04727528276936 -57.96568574297848 -44.70334343622394 -22.880207688495524 
4 -2.7502612847102275 -42.82092946730226 -4.582262904551459 -92.6616856329749 8.399819168947493 -39.38499614390573 -21.71270552827894 -33.93075678428596 
5 -17.75370597723564 10.016674951641816 -10.740869498643873 0.13338080124420396 -51.838660404425134 0.16117156893634227 -62.85412880027281 -6.658343141048592 
6 9.578074284740879 3.398503649126286 5.93598290530305 7.914384678641425 3.8743361863903725 4.767456555747928 -31.003706519213626 1.8112853397712247 
7 -24.47300277488447 48.69571017693393 10.995074011532932 -6.550893816017086 -1.5840129493612152 3.4931642560202834 -21.960815246744357 25.98446314354773 
8 -110.58697868784483 -17.437658367995557 32.75090439315206 -32.956638996990144 18.292712434696174 -14.15684638885764 -18.856667399999314 -7.490666668239187 
9 3.6052359761296717 14.364548693074688 4.711841049060612 8.305546096147443 -7.6253838006985815 -62.05286821750274 -11.073145125134076 14.312155690745904 
10 16.698768429803245 -17.566478266193794 3.3647870381801064 -11.004802981429153 -13.230900326681557 -4.701811411603803 -4.728908064820417 -24.753014858575373 
11 54.28391306999754 -71.03298454316432 20.772626124153774 -35.55103890713312 13.294205860081139 -29.674568728360747 12.447627806640536 -34.562048899068515 
12 -11.146274517196325 -11.149786703931255 -51.15378025539702 -44.72093666711659 5.848301579811219 4.817596962031045 -14.357141230911234 -6.515872825607708 
13 -24.837896243290793 -23.543390038404205 -21.72815544865913 -17.82374073076668 -17.247421514283047 -28.34925397200042 -26.671411864185966 -30.483641432876553 
14 -30.13182987714487 -11.005556964120217 4.4402665575178695 -21.5728964643961 27.45639231073136 32.30045646795725 10.341686128322367 7.666898119440962 
15 -28.726160295612548 26.68983294744039 -3.921997879467647 36.277656876095854 59.66733542787962 -5.909041296671998 29.62674682491076 -5.37561247536314 
16 -3.8136962854035397 -1.190252488973533 -23.255633559767777 -4.465307315861297 -1.002026837243432 5.919006201444627 -4.7413550645139395 6.532121712736826 
17 -31.26530966009819 23.129582630026768 -15.404449247939894 48.90471112216734 -19.161301321339035 -76.9685264027354 -0.25875358874623233 23.539583508715808 
18 40.63870057527224 26.253462169499155 -30.13858970382671 -23.577785455874366 83.3368155019867 48.01314512539306 -3.158512822259545 -1.5388577685249178 
19 6.0895192523176025 -14.171470621783657 58.16216744953266 -9.134005040169084 -8.049394261133587 -32.90481423040262 11.596695315615769 -18.848055137634834 
20 -6.810045899388668 -7.832705495841548 10.82799902111221 -29.336567878436835 9.452548420511532 -53.574517076111334 -31.390125873654572 -15.25881183597036 
21 -10.77831495550231 -29.595242677901183 20.032372976570493 14.11848671420095 18.849349933527503 -40.853968852501986 12.672935068928984 -73.6215934688848 
22 -38.12296470961064 -20.416517719976575 -53.35986411383075 -28.059414283595544 -16.11983728756886 82.53454112237486 -19.123632431637386 -12.125269275776262 
23 23.541208985116704 -16.459763589714814 -14.45647858117976 -39.28108385277572 51.827077760567164 -47.074681688309525 -44.48320316911222 -39.26782391200558 
24 -15.720797355130257 -12.500334262118846 -12.543626011401177 -3.123536995074325 -19.997114868796206 -12.40526916212789 -6.819567848449091 -17.62888892241758 
25 2.0915197621664 -3.98941921517618 41.107702411780664 7.923723148077415 26.728061463041538 2.537508257854521 75.32363939238081 61.311563021565284 
26 -6.48942351485065 -24.21120859178054 -11.739303435777837 -29.741288368660463 -25.985107765530977 -26.75397972088828 -19.684171847107116 -36.108632624341716 
27 -3.816778329949196 -42.170254867247344 -14.488612088527042 -1.5642563246964414 -5.636644816455706 27.667029257538992 9.4312479079513 -27.75136513358642 
28 20.411314555028 -30.910238757439817 -3.271409167989288 -23.989856498910367 -7.867504877953031 -3.190776739562733 -3.301724640577217 -17.30885068880074 
29 -7.378321537994071 8.125030466852987 -4.412011175409876 -23.88570708097163 -31.6685254210678 -4.442995196651875 -22.97896716466818 -11.21416609184298 
30 12.725586585719885 -15.127448172161838 10.030031033272524 -11.40665189354686 9.6601521848424 -19.2481206833654 7.888537374471304 -10.609468807796828 
31 4.82330533251034 -84.70457131350373 -80.95416812434124 -28.370370465423857 8.94798173857655 -20.527313918252275 68.26338678063078 -55.224946704145644 
32 -43.94648777579798 -6.519341246689821 -33.235108866347915 -7.710616370288567 -55.00322780853934 -6.388039037786642 -24.949567902184285 34.52784967172498 
33 -6.791375162307324 -4.716776935838262 0.15762911664795315 1.5398985643355718 4.631268035715632 4.7399524232731665 0.26078869561351736 10.945780399538718 
34 -28.850468249490937 20.42839279185695 -37.16597605669854 4.057615869035859 -11.001960987139393 -3.1242186759739545 -9.424925021178426 13.084138927808121 
35 -80.16247171649643 -8.775348925958129 -70.11503595315521 -29.878478089521334 -60.81890844113533 -20.41994422379019 -65.66577842735401 2.509922897081814 
36 -29.512234759652756 -7.81230360068726 32.97189022934315 43.90239375432527 -29.53894530947105 -10.131987544855038 13.304797288391043 4.71700376333789 
37 -8.24991073866853 -26.69657524879199 -83.40905531902234 3.464878725788087 -1.5208168951915026 40.67634310969826 -13.909159293685349 -42.707369276003526 
38 -17.253403054352308 -0.8303959551529927 -19.012081941889967 4.614790831862507 -21.03492725012643 0.3228661083989128 -52.3312180405591 18.482175227935965 
39 -3.1747429855207643 -24.13989877971106 -7.370124875496897 -42.02213910240592 -45.48827924234872 1.2720843218123348 -3.4137232474191315 -17.278287272863928 
40 -0.2580216864143805 1.5879967788742997 -16.68982845206495 -3.2649631155024426 -15.682696275588938 15.23234118493091 -53.32843897128966 -1.4537384327043672 
41 -1.16581556901699 -26.044660052508306 -8.99368543987866 -32.92648552397972 -17.40556183971864 -58.10868845500912 19.182143050382052 -55.04343488962102 
42 -25.085458640654586 -25.117551282052858 31.43224157891261 -18.829228182872036 -70.6640271050738 13.173294268361783 -43.892107802490415 48.370114225724315 
43 -22.354697052236208 -45.55307126850909 -1.125389908349673 -17.147536978339577 -20.982801045735677 -19.370386736971348 -25.13227158970658 28.272010724422604 
44 -0.8309599794933041 -7.841114175855695 4.796313624771697 -4.697832489764436 -1.6612946331095368 -13.195862951150492 18.963427300741035 3.073593406423865 
45 -13.823901307728974 17.38327762658515 -9.342245238678839 25.75337689735019 4.703558991729791 22.74254750514065 1.493288680830257 20.68405844135905 
46 -29.830431484860817 28.843165891214966 -12.500637633198531 15.165398867565596 -8.158684416950283 4.701290833736057 2.495986933523496 -9.973007880771252 
47 -40.92457882103339 7.432356029310245 -36.746599344171564 -10.543890096757984 -10.788283973807589 -14.062497131900926 -17.67858656653451 26.317267784388093 
48 -1.7422535755078024 -37.64290489720853 9.871834020750498 -23.506638259737855 1.6733668460305728 -15.743814559005727 7.129974913188045 1.1723535297128325 
49 -31.507755160934394 -28.66225675578968 -106.81575827503563 -46.85191731668399 -50.661063880282555 42.37075038654005 -16.29638141281378 1.6437462760925694 
50 -4.426248071024015 -37.715868369778455 12.586238355785106 -26.70047732970237 69.20838926435981 -1.2943450755007309 -36.70737313672718 -17.477097799557974 
51 14.706624087075282 -4.637608809947967 -13.897652951699637 -42.655919435313116 -4.73124069012622 -36.79372612801757 -1.4541320837720264 -17.355163133673983 
52 25.14782532518043 -30.015527864957342 -3.5578369569183517 5.758200382931016 -5.7920772044929985 -17.237737876626802 -2.9487215345850952 -19.687991425903785 
53 -13.064756616198652 21.07163457940951 -23.311092308320475 1.5178488887253947 -15.769491765835 -8.606640512215396 -14.576266535682054 4.6212165578220405 
54 -24.210388796435215 -36.65089550834484 -24.243751055680583 -4.37638585927361 -9.311341999709876 51.83828986284759 -7.854786318928007 -18.260874669717758 
55 -42.00270596785089 24.27352203047504 -14.641864079609556 13.283649060738545 23.538964836334646 17.036938051615795 -56.572438385100384 28.21368823120645 
56 -17.303091621658247 -37.375410526153665 -40.956355781764046 -32.993487833703355 -35.35118662063184 -3.958094539823519 -12.550220737957465 -17.276720934389566 
57 -0.2916530673023762 -17.287862329580154 1.5295699701952952 -13.494170346734641 4.739281344153549 -12.60726211446271 -6.427448975841484 -92.53838742857688 
58 -1.899318161334937 -1.615595692693532 -2.4430769590796113 -1.2859795343169769 -3.1371990687646285 -3.1153504422351466 3.492379901236362 -1.5548037764627938 
59 -32.589043017073685 -20.444035446079738 -8.182406772098751 8.360766399663074 4.656650499477574 -4.3734888965672845 10.954457228428637 -15.17752909192132 
60 -14.895770242537798 1.5049804888356908 -34.41964579264999 -4.794493202899671 -11.025760348638215 -8.512272959532881 -20.8820631574121 -8.349618176256355 
61 0.42459109097872977 -11.0089967377672 -1.7069464137850985 -20.425032169566627 -7.8547796581111236 -18.942292232638405 0.009572359777208585 -12.581360133295366 
62 -12.500476863391222 -28.389300285406097 14.158198001458297 -42.130031064519414 -10.049666491827367 -17.328827056023226 -24.08796994479062 -27.316146565671847 
63 6.935469330946917 -14.124960212359762 11.796739782495504 -13.386956877749775 4.7331950659955035 -21.963494393316413 37.53271655257065 -2.0149069066870973 
64 -91.12193386634901 18.861071283302504 -24.9943943751168 -17.455612899157785 -13.017265188250375 -13.261538440790156 -20.45152404101116 -17.24254189778687 
65 7.202571401429801 -5.029940955927566 3.276734011374666 -14.604828039123769 -15.561108310127793 -23.78621564583446 22.362828585849897 -0.7955840474504507 
66 -30.571129468353018 -30.82696541195953 -52.63616694977907 -2.739529285477302 -28.30998380673035 -36.28668406430617 -21.971161364059 -9.4252122507399 
67 -14.240883333887579 -64.33375341475157 14.848575566399568 -14.18819217052317 26.188746905258135 2.050298070947805 2.9934911902927035 -34.445598229121 
68 -47.82577104125382 20.164847841576492 30.923592906074 19.448798371608305 -14.157681493902752 2.6855860459309895 -79.77789082538598 84.97292508168772 
69 -83.44034958018769 -11.793374729327459 -25.815164221554188 -22.831706720464474 -42.40626389249482 1.5087610854375166 -47.50762826099311 36.014589405108225 
70 -86.4106438513489 -26.538024513403894 -32.79914769698993 -6.921205581352263 -0.007195661578862904 23.567363272282968 -11.040847674434199 -12.556097593786141 
71 -5.09448072752003 -48.67568978961082 -25.088877592795107 -95.31329926633245 -58.34760225616362 -39.23634236132355 -28.831928270175563 -19.39239367362115 
72 1.303522333563446 -16.47878223012519 4.710613378149481 -19.108757221166556 14.124733667290178 -22.017199586917684 4.1582098264977345 -23.509071165720428 
73 -23.836707193843544 -58.068777994083305 -23.603291435324913 -41.277627577126836 -13.268921328964327 -58.04635480161979 -12.695753484086483 -16.801834733335685 
74 -17.276119863911607 -21.956856969458286 34.41064944439278 74.88738457272619 30.184570076024613 -61.2695605553517 2.0218784114389714 43.812975618576424 
75 -63.027973534844214 23.60752100330884 -62.19640459800757 -20.459520965227565 -41.99372682278079 -23.55290336266527 48.66841631957319 39.061753943711054 
76 -18.44188831814991 -18.406167900853127 -55.04409738491224 -52.09776141248783 -1.5131621685111138 8.297565984957771 -7.869061103976376 -19.859732040033983 
77 -2.9375460935259827 36.859606683377436 -4.158215687328683 36.15019438683553 9.305563459576426 14.41921034458404 21.925613487207542 -4.911220288807007 
78 -61.49228937577963 -5.432964692574522 -48.73232982989459 -0.9766409824017364 -40.09834545543447 -0.7737095319019593 -26.700554273484222 2.206154681614539 
79 -58.19023782204554 -11.610013713292416 -37.572693884685066 35.95809011797382 5.83214026763066 15.446208780879243 -14.672295112292366 -1.631996299948506 
80 6.435032300896909 4.708386841250185 -25.290861926010475 1.7989416040313344 -3.245297068388802 -1.570601561074006 25.32245902422071 6.543290540361925 
81 77.05395612984286 7.922012287588704 71.2970089797675 -48.819227313075416 0.4871829760500092 -45.17942959235037 28.182324181208628 -27.05120751148403 
82 -25.19654694240778 -14.059901630804198 -8.317451965543912 -20.004627648577905 0.0070270312813234415 0.010495889687415043 -17.263884854674867 -3.7366278198479574 
83 23.522310369666712 9.296119031917685 15.104678317071338 -16.878269649792355 6.242995320971703 -10.56774664844172 3.9769571376685158 -10.98833953388214 
84 30.590117815890757 -7.826869172878089 -7.197473888715285 20.226394808218387 44.48351452298273 -42.45674216028746 106.89903046257798 -35.309881331363336 
85 -21.989562183528925 -15.30109900567767 -14.125447860978715 -1.943541098764502 -23.25547771880487 -8.834920987487367 -51.29477482894896 -26.870191608613347 
86 -16.768985198500474 -13.847786268449353 -3.141606320378184 -21.07073864763115 -17.326757463856815 -29.863772033158877 -12.577694243885203 -12.455488457021264 
87 12.35144360569302 -48.46112313044279 17.109695565353427 -22.91044735938811 17.74340047209768 -36.086038637302686 11.034275412685322 -47.07762599832681 
88 -0.7454167187398986 -8.958692856449973 -1.5652775729295643 -23.861310207781163 7.351219995379502 -11.02693125528993 20.35471351494945 -2.906606019266173 
89 -14.92377411900717 4.333952657091995 -20.152577728957016 -18.011347668329453 -8.540157764836245 17.31238079275708 -37.234121081167046 16.95992646865418 
90 -4.33112338956052 -39.23068050870631 3.1346251203100213 -34.562279788671276 12.588697964322495 -20.475250930267958 12.833649242375284 -7.906815607955434 
91 41.07348246679988 -11.219829731790552 8.977993085469715 -48.587489003673205 33.8319301936323 -19.62452143737151 26.413541965626482 -1.7000334810467443 
92 6.265579397544647 -59.60354486696185 -9.47394035896294 10.585871840656484 -15.806762081307173 -12.624532353751851 20.40676575175286 22.041436405097663 
93 -36.12809066742411 -15.690671002833772 -117.7690834830745 6.570478403708803 -48.646622345470476 -22.042835357613345 -50.264134748716444 -21.99663225347244 
94 -22.00192172646275 3.0479835943220897 1.1113228865608613 -60.13924508179449 -85.28787680986655 -32.81327596274782 -6.251224194901357 -3.1029600491421414 
95 9.120462991864112 -70.67480238696692 -4.244927510791358 -39.429777855766424 -31.603060190408183 -40.55450678742 3.200968660201412 -54.99246790195887 
96 -35.91883277574911 -14.721908608879012 -18.830946845945707 -21.96836037556409 -34.51711409021604 -10.0467561118977 -76.98252711155159 -39.694552286297245 
97 5.555115859502564 -9.23541270232968 28.54557470027437 -20.844864463558498 -19.464310861777967 -8.058185573897127 -43.98273031269401 -25.126775522104673 
98 -8.14747471679623 -12.446717352359117 -21.645302020891975 -7.810763197644909 -21.725376478791496 -20.521324601550596 -73.8422941552876 -6.206467194314356 
99 -3.1263485497822137 32.4607733669688 0.8300586279417891 17.041492769232924 -10.49885021494348 -4.61380027224332 -1.6523225568177582 9.885158081611184 
100 -16.217743720468665 -10.870661660706656 3.385641327451093 11.008806773521759 1.5765331570845709 45.249463866246806 -6.605055841675846 4.861651186966599 
101 -2.924779476593245 -22.046948239229497 -3.050770116653898 -22.502219458149618 -11.188403506816192 50.44373634147687 -10.742500945355694 -12.021170203451785 
102 -58.668942415188646 29.828754006997034 5.478975137469012 4.388111301618037 -28.835659181823228 -11.138953644973755 -4.758334404722197 -15.653188070735034 
103 2.421300351260488 -7.755901214144051 -11.487753348307702 -23.503298468679862 16.288245909586088 4.8918629504404905 11.096528978462546 -20.279484963967633 
104 9.649466538917999 4.671180008682025 4.812319065796339 -4.408588748174592 0.004515729854496187 -3.0213669264990735 -24.754091957584265 -20.202710912939548 
105 -42.37241497835796 -39.419687958852045 -8.780870808363357 -5.076915125162434 -14.36731868426001 -13.996722021939338 -21.442993757986752 -8.457063270495727 
106 -5.784677763406122 -2.5144169580778257 4.482308764720153 1.2633211450809538 -44.175758105735994 68.6153756566248 33.227553615575914 -1.5457233161726127 
107 0.00716178124758288 9.208293014888877 -18.932333536729963 -15.445503577586944 -54.98025874598486 -49.52836245787629 -7.860122387490933 7.257947186931942 
108 -0.24003614865527867 -17.2544412765311 -28.609677273772903 -73.86713138037963 -29.624954011175696 -32.993305185192945 -63.31708672609101 -19.291023007919424 
109 -13.64762211677856 -10.964205951249456 -0.8678686610365897 7.862287013591344 21.593986038273837 1.307595364981033 10.084365107928887 -19.785945941617214 
110 -7.765088800713108 -16.28783022487426 -15.09456699604739 -1.097014018085385 28.059752022402 17.40752935082777 -44.29177066412955 -20.430509724836586 
111 -15.659414429173347 -4.593833741940577 -1.6245097297571993 -19.692437070072806 14.247553961692264 -42.08674171763975 4.676081274415203 -31.544384538210746 
112 3.181276575239609 -10.733737795003155 13.974796462888907 -8.18214794383577 20.40543489724481 -3.54950754246653 9.284259163658195 -47.30303240509695 
113 -10.984308033040351 10.932118375404164 95.90964151293446 -6.0763733352390625 -1.285384978720886 -14.129411730300724 -9.23255142309443 -1.2019993318522142 
114 -6.8351272746855845 -1.5662621449296716 -3.1665045958239926 -18.624915658596862 -3.114409587180067 -40.878924024806345 -20.359880505444817 -10.938421066935788 
115 -4.333836682696127 4.578923583091291 -7.8527776795120925 -12.287588076613195 -21.983518962013846 -15.169073307771644 43.11180414725787 20.410426055079913 
116 -15.696745279112355 -16.20776815399603 -22.28756672481869 -22.111311507974797 -17.28656638506224 -5.320756550708366 -18.711617328788915 -16.42394568442842 
117 -12.54369213962361 6.3801544751238195 -3.137721947708086 -15.675475561168073 -13.28968398104263 20.3954551831785 -15.650999791963578 7.883178454442428 
118 2.194111759035426 14.154415027313847 -73.94975728990237 0.6244007065842363 -39.39605974827794 -39.14859893990519 15.786995473102447 -32.411913796841176 
119 11.000280522838631 -21.96727885594627 14.666025459249429 2.007500394536473 2.5436045229679447 1.532815400141159 16.80253072668028 -4.7760336542475725 
120 -3.0066442013170622 25.9036510092216 -1.567317300861418 -31.445190914658575 -16.508974840317087 -67.54032994841063 8.740396309072693 -39.29063879391753 
121 29.83658063632912 3.4044072241795833 18.85067323261763 0.001069148470218525 9.405678174713728 -19.159889249679466 -0.002471706049382589 -34.462959910905894 
122 -1.5699858242398248 8.025915098053591 4.657567865826084 6.416960136774611 39.47699041626259 -28.39047447254793 6.227677601322039 -1.6936995087875981 
123 -15.7451851791632 -7.821791016240914 -12.495761179896743 -56.02099597076452 -3.837850607030807 -51.827679266018094 23.53589361719496 -31.413256584207197 
124 -28.27347980224463 4.342383502059787 -69.10523931495078 25.17159397718909 -34.244678611944984 14.543267853399103 -23.576582514800382 -7.447266832540489 
125 -17.619683696338384 -30.619539123728266 -15.707723858559998 -15.694064356946411 1.5869082519448923 -13.690265061426535 -9.402590608335409 -36.11352503317741 
126 -6.284164124680462 -27.778017536355907 7.986821411870349 -17.851343574454496 30.8475109132764 -12.398689599221676 36.87284676970578 -10.559089397215349 
127 -15.79646435456483 -22.622387132082455 -43.604398682611944 -18.410392402243996 -34.94582503315834 -10.979765120031528 -50.119872644979615 -9.375950398699121 
128 23.81924473182477 -1.52199352878087 14.150043883537547 -18.60630621286965 5.720595698117501 -14.128723605387252 11.284360129226243 2.326570824600322 
129 -6.199445917679192 -3.099244007633274 38.137629847478735 1.9473236960515168 0.003039392917823535 -16.431719817571057 -6.909378020597045 -4.410266899142892 
130 1.6156059981096642 -31.573660635470194 9.430865041769035 -2.9931484336818635 -28.210447240440445 -8.027578554724743 -48.69585744721006 -27.063979249536516 
131 3.1524390494609262 -24.195094922810988 -6.434546663186535 -4.136890592693725 -20.145966170587286 3.2734198259416836 2.085374313582931 -7.703855105442446 
132 29.88987330025323 0.2874927253220137 20.15335313209468 -14.473754573518837 9.326843312777987 46.82591698734955 -0.0002684279675008315 -4.784739059126674 
133 26.822001805553327 -2.9705195899423513 86.23149836358093 74.74437368298395 -4.772861737497368 -29.878799549163514 3.1102217036268884 17.350671599576714 
134 -17.39415248317236 -28.76806058339885 -23.957432742814234 -12.661850957096366 -11.078908996322701 -6.068306992155947 -12.569276072733533 -40.262050536151946 
135 -25.108573454191706 -48.63486613013149 -4.789785711684427 -51.81453238902678 6.351464691832666 -46.056072050844406 67.23403164898187 -42.409122972278624 
136 14.138238660994592 -9.362656755527947 -28.941559993097055 -42.290542800036434 -9.013765008306569 -34.704626229723864 -11.120706143887274 -44.3957187736423 
137 42.30008217289582 -42.441504785174295 -75.63564222854798 -10.965288915031323 -10.869366936259132 -14.291576619872746 16.425620853243547 -70.68794014404767 
138 -28.895724497213997 -1.5718732740089123 -25.132381393690526 44.89944161294605 -9.87507010810802 -0.3101119281059077 -25.130564393401873 -59.888759030943945 
139 6.734517907419219 20.449509583933956 4.187930761895604 -17.235500903271095 -5.745989463326542 -13.332033217875601 0.01372003619730583 -0.049371850284910736 
140 20.441451956835667 -38.94370139869903 0.817905605415004 -76.52458920279271 18.85003291624208 -9.425202417036239 7.84908498665515 4.79269959276992 
141 -6.597840920247992 -6.234257522079947 -4.625124289076779 -21.7177176049699 -3.8436217719081984 -42.45846610777046 -25.051647000053695 -13.80023685997543 
142 4.535956914754344 10.943131165522482 1.6166053367118107 6.086687009970584 -1.6805870792062056 -7.541047660891075 -6.274688073724765 0.7208059781321026 
143 -19.959615711329608 -54.97627532467048 -23.97777152923625 -14.079540194922888 -9.212037642308651 -16.287378237381755 -9.87744530054309 -10.558045729803327 
144 -25.250944617132394 19.24253252822031 -5.325999747687065 6.607613887359668 -15.398263794060984 7.90646075991057 -18.806553766694822 -15.691904514457317 
145 -17.136211548731648 -3.7152884819320184 4.662841234990847 -14.01590383946735 -27.090479942004354 -6.230866536733773 -13.816586601021575 -15.421518441481888 
146 2.785196097835181 -32.75800780122099 12.439316072393108 -35.3918423737894 -61.257001387029376 -89.64727847001654 11.360114606528542 -65.73767840335529 
147 -29.304496326372245 1.8867662482413843 -69.59975965762628 4.695262748601366 -65.0203569144984 40.07870423385677 -31.425855054883737 -2.7415408154937952 
148 -29.849866994122856 0.24570455067796548 -61.06413611210651 -24.378246360296366 -45.090077900359525 -13.225184668887731 -37.69729361670105 18.865790298866276 
149 2.6957223680433176 -15.745546328552779 6.619819187504409 -4.826034096077326 -5.992567501936741 -14.17336924645247 15.792337892369263 7.035267744495101 
150 -28.371019752564877 -19.61173941728882 -38.52870740531059 -29.466482929498795 -34.42056127589356 -38.96917553679472 9.564868666738455 -15.664159569980495 
151 -6.413813171630916 -47.465126703337624 5.332601239305196 -17.255047332544432 1.5402953246884126 -11.820465729199793 6.25817037582538 25.250157881813326 
152 11.904059570201058 -0.8755084771898083 -92.76831622057297 -12.265560615453936 -50.69973534037897 -26.707035950151628 -4.799656233017947 -13.758347126448905 
153 -17.765291023260477 -61.6397372346497 -40.90040936421093 12.370577301970718 -47.78632323503741 10.963513304974505 -51.73208052499106 -6.635223917029493 
154 -24.9529296757982 -30.4381876305276 12.701936960915972 -107.51556944357647 4.871418552110853 -14.461312071796728 0.006305895210631694 -9.401232331808053 
155 -2.5435559534620906 7.890566147025168 -7.373514772432889 20.517183307021362 2.1400657808447034 11.413326884247597 -10.476523405091156 17.157139152086582 
156 9.034430792270712 -52.01797574029068 -4.658657028029355 0.3632598182894032 -4.694653354039829 -9.85772823705452 -104.51658717522153 -22.860786101552403 
157 -24.648764954783672 20.386233257179416 -45.445712040899146 9.174629158767697 -28.001524304626173 -11.075173965381381 -58.82277304682271 -97.65036655244668 
158 3.6310569746697845 -0.5757584630461097 -1.9993305261447674 14.229822531403709 31.614049945994026 -7.853835053419676 27.63385352365937 4.736339452488371 
159 -39.468748621587714 -37.791271856534735 6.002942044453685 -1.4030366244477954 17.285317026686343 -7.079495363904871 -7.87826457189645 0.7837441453191794 
160 0.8464217043725638 -20.896511254719435 -11.789256272883627 -36.11674950238917 -9.416178358649452 -15.71077646429689 27.60871764544787 -17.33722400290291 
161 -60.82472912109452 9.243092043388296 -50.16695378492916 11.918215575322956 -73.3967741299692 -4.057620155905915 -63.66913847938382 -23.592440808903806 
162 -46.05004433495133 1.2791492517851555 -46.861238473374236 1.6974892773190693 -53.39123579132508 11.262477952797385 -16.60606384823768 10.934909954492275 
163 -19.126113475923223 -4.301775580088496 -51.00669076817926 12.911475209492732 -32.40101135468542 -13.318044303543946 11.790335103553138 -18.21826957074518 
164 -33.09314252555161 10.991925028867504 -42.432383951405306 34.76034009741636 -53.20148843267646 13.863023437330108 -82.43643406024047 20.367555872664166 
165 19.10415318041125 29.854660605702236 55.86202080979287 52.99988172666128 -63.91914920617985 1.6027394276941254 -0.5394242803287596 8.196747830919207 
166 -1.5419451416684693 -12.513985821142647 1.878319762595802 -20.342130632731315 0.2871020668183802 -12.015883150266463 -5.430987070427019 -36.36920121383245 
167 -24.831772811198807 14.31209909860988 -6.284248224814611 6.395259206707366 -8.003991472199875 23.63096150637539 32.981041734828246 -6.400880912851053 
168 -29.828087324716982 2.9740978762108514 -49.85868177566724 42.41667290991183 -11.333508121166492 22.373249695881913 -0.9250301554500717 17.258642782992997 
169 -19.142915617970264 -10.937054343769393 -10.82141455771067 -10.849731492840869 -34.39200093649013 -1.7206855071817329 -18.145022553853337 5.265780234233692 
170 -3.72209302605918 5.025592067177953 -14.148008135686895 15.49413103714733 -24.13960675685095 26.858456730872277 -50.429374216452906 -26.99625388189955 
171 12.627992855979187 -36.25124866589704 35.499182692597785 -48.10696211208716 46.213757988445394 -17.30003098935638 37.804477723356364 -26.615440258763797 
172 -6.591980412472693 -23.23331150974407 33.48367407189465 -17.273363059641305 21.260339589375278 1.558960969893578 -4.577499613330424 46.23612350828551 
173 8.737659407860106 2.80353805314767 -6.779040565402617 -4.72089579156551 -7.4646248841974225 -22.202080927460816 -14.021605910244787 18.03118616894191 
174 -0.01333484142884356 -72.43385337320592 1.540840860886618 -72.40638303904386 -12.63872012085812 -27.056552219204043 -23.053952616140588 -23.592447518689717 
175 -42.395323683154935 -9.599858648620774 10.77401682031776 1.907149593359122 5.505075979128507 -23.551978006798592 -0.7500163133021588 -26.824143473918344 
176 -14.039329941608669 3.165794587181358 -47.12252646369138 -31.42252091083833 -20.646680898527315 -16.399687935327517 -15.469020716539376 -25.76688156794391 
177 -9.183186271113488 -18.561009778440457 -12.357061723533983 -20.940499510992915 -0.8168498297676384 -23.561234898505113 -11.155389425163966 -48.000032399620025 
178 -25.079737772424625 -7.907073947932446 -38.1150293119493 26.65507161736872 -29.35697276280261 4.714755880319006 -39.206311700610485 17.944826060313495 
179 10.121006628747612 -7.960357935543179 17.12804710735163 -17.65665563949726 -4.395709079466713 -17.234601296043174 5.715859314771697 -6.481107982060283 
180 -46.39786912251531 -15.633787878726865 -32.48718345244687 -21.48161265811727 -19.892169232107 -14.06069815044554 0.6416576457756924 -32.67274821779819 
181 23.740522239829428 -8.266588621491033 -5.90071840698291 -1.5806359276748614 -11.49670337497213 1.463774302942764 -11.84700345351086 -32.920266232957374 
182 -11.561578807065326 -7.83519217950168 -40.631750194448 -28.995372943027384 -40.77490888840177 -18.85299534602821 -22.381874713125825 -27.697456789712664 
183 -31.621423294139117 1.8310982581742385 -20.437584339094062 -8.774572253343695 -14.16980127485949 -12.632363789093935 -44.0775535149831 -28.990506517401297 
184 37.04393397309585 -39.55055633646363 -23.595198523834235 2.700730491763364 -5.10466762534802 -12.66148424980208 -32.67632959440264 13.829874840194723 
185 -5.787985698606676 21.97267676108509 -45.348435708494954 42.28433685100338 0.9347935969874582 -16.702022016870842 -9.591453088720735 64.69417195042887 
186 -16.544318039092815 -7.883023118169291 -39.32980812673578 -45.80117571993852 -15.70243153733767 -9.439535600433555 -13.595655420581442 -24.50862182144667 
187 -45.77345413551569 -3.646505371946492 -11.081573114320507 4.794201524822189 -11.56710983696277 17.152177046726614 -43.98108897302489 13.79746452687572 
188 -13.202021696978205 -2.8295334099354523 -13.46932113365984 -0.2399093150875637 -10.24775106080485 7.846588699450598 -17.266698113613785 8.283466730230572 
189 -7.863794183556343 -4.083858415426944 -16.157683616764746 30.13076021101384 -7.896504854161583 56.83650374185088 -57.37055939210584 57.63409403141196 
190 9.049341276265398 -49.112033424961105 -9.495845513511993 -0.36339559253238746 -2.870085953909454 -23.525299964722254 -11.08566147612297 -34.52597799029836 
191 -26.510123235442904 -14.046642433025506 -45.79275827951495 -29.818452125034558 -40.50776679604708 -32.96994967739345 -42.35419460150835 -29.283045755459497 
192 -19.063763561813193 8.565094717064039 -11.467116310232733 21.624142437003634 -49.68846557321693 -4.475659626003828 17.942111008789173 -45.506303756999756 
193 0.006295177630403225 -9.77767595864563 -14.130335943491309 -2.493310847723704 -14.16610919959696 -6.1663288283949935 -12.667361919036487 -6.539943065663962 
194 -14.0796545137522 32.58038915702853 83.67071722821218 -31.092072071244722 40.934038231826584 -34.213953589037104 12.583180707066655 21.47079091507715 
195 -6.838999661755858 -10.388477848971235 -22.03772590636854 -24.144778754992693 -15.407843462886504 -11.025134495859064 -35.795171617964954 13.034200599397138 
196 -15.838629785280553 -20.207404818959755 -22.069062792579093 -4.6670927310497206 -12.80719541448645 -22.597251616268395 -3.396936298727781 -37.62980056515704 
197 -10.982978214093084 -22.04612567671777 -17.268030027240975 -18.881096050177042 -18.999897868499392 -26.660993556908476 -2.3985557683058407 -17.11165845735715 
198 -3.1414892348960417 -15.708650869614747 65.97154377304395 18.792807274599927 29.19110510086771 -0.22201235411339906 18.847495063225956 -2.587689007223993 
199 -0.6368810047737646 10.49804952883575 4.708119787863351 -18.859026394985815 23.644498536395734 20.42944310605751 -29.613789545165687 38.9498177371616 
