0 0.11989452065821413 0.22861247151539318 0.194070033765271 0.21209464688493468 
1 0.17785635980045528 0.08249559733723588 0.12894204335833365 0.1459357795037924 
2 0.01758602738375916 0.017787208988650716 0.018000800953760242 0.0181364121264177 
3 0.028307101404544347 0.011002636083225123 0.003996185537206 0.004786205727209734 
4 0.10136906158718481 0.08983156637322842 0.07042138191856169 0.061728846264549615 
5 0.008035192427894808 0.006444303847899208 0.01086732142387941 0.018826740039000988 
6 0.002997097945004366 0.0029725253824210065 0.003368852072386028 0.057864917523657175 
7 0.07186275447704042 0.05332092785668336 0.02589131786516254 0.08070646153857874 
8 0.251183837963294 0.18429706565918635 0.06003551924671907 0.2774511503223635 
9 0.0598303095037588 0.06037735826421935 0.08541183400240196 0.034914464182033284 
10 0.04591106443116524 0.0456420131277591 0.044818417010237754 0.0445992236900299 
11 0.06647452452072777 0.1050828334787616 0.10019036940049517 0.05919648062033816 
12 0.0028421425509832753 0.0026588616920149976 0.0025251351570390623 0.006352217783437114 
13 0.13254047041884548 0.13468996253463666 0.1327133207983113 0.09864119436721512 
14 0.11803487322260361 0.09451074712894506 0.10480650844799466 0.08140836336873528 
15 0.046295800126465586 0.05494718457458392 0.019321157208960955 0.05020952833525204 
16 0.000425647256190157 0.0003856338366073526 0.0003608675861600853 0.00013011327578922195 
17 0.0017215930356212238 0.16540225448095047 0.16723145300866085 0.0838265699380123 
18 0.006037366183818344 0.00583276684420913 0.028975512027666808 0.010212019155085107 
19 0.02147004755831532 0.02681827480157591 0.01590737019894896 0.005382170233488285 
20 0.023235666298414212 0.024504684628425283 0.1547540726459511 0.008357134717532409 
21 0.03975796745403634 0.22383445536517182 0.11178689658722116 0.0739780590179569 
22 0.23754503975413613 0.16150267404178154 0.1510828164787485 0.04319883456495413 
23 0.10104006932007002 0.08951053433975356 0.07260956214679738 0.07081230498809477 
24 0.0994248106953114 0.09056975474351293 0.09272384859783143 0.08240214820186308 
25 0.2745342345843156 0.22536206799399516 0.04009866376747727 0.19185566973262252 
26 0.15513104076903336 0.11306375675463626 0.04288671034678859 0.02366105874092625 
27 0.017015608928060255 0.0802305821404113 0.26173245612754886 0.1873648998971955 
28 0.09197550072366487 0.04698026376410738 0.01365539686458469 0.043214914299048474 
29 0.06950513216936932 0.1151010318002759 0.02806463343551101 0.028567528705363866 
30 0.04062202507592902 0.035715788471696694 0.05619404443283122 0.057180427903969495 
31 0.12175782027850637 0.06606620475287758 0.051296607065149775 0.028325748512941253 
32 0.1803105795830677 0.16567123646596615 0.11173292428506917 0.08843860439712534 
33 0.1252003699759252 0.09027085981953398 0.08208317176437571 0.05586550240482407 
34 0.039912989548739265 0.026366186345633476 0.0035799546057566746 0.003793064144837822 
35 0.011249856010661325 0.0113671030173636 0.01149055861261114 0.011607146571527532 
36 0.2018087813683734 0.20115635445024113 0.11580015124619705 0.11969257238280502 
37 0.26562783663599504 0.043155428451936005 0.04435382269776325 0.03455251783410401 
38 0.11403793825574993 0.03883559381980936 0.09840409603743153 0.14497182223907593 
39 0.2925107155646812 0.26869181569632905 0.015345762952985934 0.19382478166993022 
40 0.023576310710239048 0.032751687667759294 0.06216339957183195 0.02947416150801306 
41 0.02177269267349111 0.02140770779107665 0.020970374891037837 0.020737938377265328 
42 0.07019095037249024 0.06991379307854981 0.06325328889025625 0.06300652971442545 
43 0.0005269764476454345 0.0005303906960368021 0.0005350205312768702 0.000544524329650224 
44 0.2290389214992187 0.22348084987393624 0.17663501362560713 0.1588238951899704 
45 0.14970378858017472 0.23920166219737582 0.2392796461974252 0.2180352062616812 
46 0.10454270074385925 0.0910992372213469 0.10134175664131607 0.058137833876236805 
47 0.09249697555531959 0.0843294974058869 0.09987636842006747 0.038068186345232125 
48 0.3091863719614001 0.3100029429549269 0.051192617722815005 0.05288010356446858 
49 0.135891298541563 0.10753049550270292 0.12283466466122123 0.05784057094871767 
50 0.07536408005716344 0.0732275962473409 0.05261597790042885 0.050012860255611566 
51 0.047571403526616186 0.04739065970302851 0.09607946009775213 0.06038792823575987 
52 0.00548894041275593 0.005694263853252241 0.005915591978400386 0.007270289135422965 
53 0.031167420046120886 0.03157533588774272 0.031811629536452474 0.031969660388855674 
54 0.12687970293155074 0.11555132289029814 0.06802538739730254 0.07107074294006982 
55 0.017251630189501408 0.017144362140465837 0.017106175324378876 0.01709617962875777 
56 0.19753320907353272 0.1976347959004264 0.19771538653526627 0.19791482265037352 
57 0.20619424042551424 0.12783401805732675 0.12465519428816249 0.14145126080292555 
58 0.017206996431116717 0.017262164105687226 0.017339953002494808 0.017456856007257326 
59 0.17461484718357495 0.2057824792187984 0.17774054988811766 0.07571918182055193 
60 0.15042250349860267 0.14734689864336925 0.11632700203238518 0.09923921006111955 
61 0.04137138115143218 0.017637906415178595 0.0028412059189734883 0.025148848452761302 
62 0.18818534681946544 0.20579326451567764 0.15997318100686175 0.07824322044381664 
63 0.0038128824977242456 0.003942405382511595 0.0047928091533862285 0.0015106581446033933 
64 0.20746698291949975 0.055539922289707944 0.0399549811487888 0.07646360395306284 
65 0.12473583660577829 0.12702777241569696 0.13331211139702953 0.172943385194653 
66 0.017495400134609786 0.017359970576866574 0.004721389116472511 0.049595760894585776 
67 0.12120361936345447 0.10493256568153127 0.09452447078272716 0.07731058982650438 
68 0.002295382808930702 0.002171630108826949 0.0027961169383077756 0.0013305867144670397 
69 0.12173522792262617 0.09419094666541922 0.025736774481432113 0.12274812746606105 
70 0.16825833930783912 0.21538236807569433 0.15697694628235784 0.14061039865123337 
71 0.02808697099171249 0.010112953900485066 0.05801107897433843 0.14689571797609596 
72 0.07130667044745838 0.044532531725048834 0.09726735609449372 0.034810707314958625 
73 0.1164052541281497 0.29955100181799615 0.0270998420732656 0.2635615991356617 
74 0.036581178311747224 0.012150174448919339 0.023596835291665345 0.012768633609165077 
75 0.23833947416304452 0.047780713327654746 0.11725968962074514 0.06723498672713209 
76 0.1069669223966137 0.08729104949348612 0.053682845819966296 0.03891498850142011 
77 0.14217959604203362 0.25283766320666845 0.2966206627766791 0.23130285548910284 
78 0.01776537023186972 0.01765702547550794 0.01756436384462545 0.017499795432070486 
79 0.013087304528144838 0.01303176286945383 0.012981421282935925 0.012941252410398124 
80 0.09567533615597534 0.10789414949604523 0.100795573144153 0.09148499582566151 
81 0.11520276007651037 0.11588852474388868 0.24464550949644145 0.0751845841294198 
82 0.008624291375109226 0.008354439579198299 0.008140649625133715 0.007978404794903816 
83 0.0004277251753964405 0.0003808608355333001 0.000340386564455859 0.00032239487205960415 
84 0.17820802516688186 0.006018601343767309 0.3355111358415935 0.000228926006681185 
85 0.00694215186602786 0.01747057512444111 0.09017895198358854 0.024297933096557898 
86 0.014289795617534108 0.012857889167947431 0.013236053550016683 0.029796073491837584 
87 0.07481281896733727 0.05129362851438437 0.044344421066118474 0.02869465759685897 
88 0.1348014159618408 0.12001751805310004 0.0011418946120645274 0.060896424645869376 
89 0.08167596811208391 0.07801984292582138 0.10829578446887825 0.08166172948656626 
90 0.27483544142827065 0.275816153607774 0.19538814033572444 0.12018980156072147 
91 0.07408949173538269 0.037760292398375854 0.037546415169941276 0.02203729095853323 
92 0.1354498554450534 0.05318982798922786 0.052727031116701795 0.09799055904361559 
93 0.033762997581953794 0.03437379157614996 0.03468389963283519 0.03501268570621027 
94 0.07794482858494012 0.07020133721757707 0.07162663629990848 0.05927736038101439 
95 0.05108047749664729 0.15101628048338578 0.09419694638588672 0.13918024695647857 
96 0.010782325840448309 0.24286578514489604 0.24304786916541 0.22438673418666685 
97 0.008057492230715509 0.007429017507305739 0.006833656154099518 0.006230998601448974 
98 0.1263889603560811 0.10117868407465294 0.08404997402065145 0.0725610328524514 
99 0.012366528289821472 0.011680732110908275 0.011272954151905894 0.010898260349874192 
100 0.2648778134719759 0.2658764009249206 0.27103458541355196 0.20802893510653886 
101 0.017277845522153935 0.016786676949275423 0.01630498224534028 0.016109531138178174 
102 0.006415377571037405 0.00588610305372389 0.2077270517586227 0.059363720949040015 
103 0.09932759813845704 0.056921168782775616 0.25523572025136 0.02083697621394193 
104 0.009135815214305305 0.022428517072548913 0.022654577973024934 0.022802119646534086 
105 0.2182748603865191 0.23763533868466066 0.19919148454472593 0.21904348784902478 
106 0.16199527659135105 0.2304849402035294 0.09726830610809406 0.1110012284841626 
107 0.1319906813389822 0.13044504730486148 0.0993905649162699 0.08737015750635559 
108 0.00209066346430716 0.003026049919048212 0.002224452223727283 0.012697776884943293 
109 0.16584840173016888 0.18080929091664463 0.11389607626097982 0.0668568770316658 
110 0.1375649307282584 0.09817456157432096 0.08938568623165857 0.1031728436890491 
111 0.037131280717741924 0.15916292550330183 0.2090585159912848 0.1699292718688812 
112 0.14152814492080049 0.12703002621656076 0.11379971799443925 0.10800416976200349 
113 0.12096248060609138 0.03921574725488925 0.040449181091569565 0.042093638507168636 
114 0.08831221567446262 0.08894452201784908 0.08426778311872514 0.07467119878888905 
115 0.13153682659805246 0.04856083448609367 0.2551100391463648 0.29467651240253256 
116 0.03967452012127716 0.041467270728261854 0.04080009007594072 0.04272206608317472 
117 0.10657712517410636 0.11090352726736406 0.0884853074293979 0.07193939434247196 
118 0.004910719376034002 0.005172445815799121 0.0071994058798609765 0.004316395122803645 
119 0.03591666871126331 0.037940750474832426 0.17215747778317372 0.06817721606101892 
120 0.10463059207055146 0.08683579863692555 0.09989712883335866 0.08943375254048157 
121 0.05021407223082301 0.05575614387012114 0.05389788935565214 0.07226350585092829 
122 0.060107806407188144 0.13374127755807272 0.10385900921517335 0.004077114294437432 
123 0.097594503753315 0.09389306571186117 0.08647128430332554 0.0868331655456161 
124 0.19038896082528062 0.060155378671003894 0.05584960170930641 0.06239831378762627 
125 0.03804624971539211 0.06493603835274232 0.011423051336976598 0.010284182473998385 
126 0.01252113451365069 0.012528353019608864 0.012535020213026382 0.012538488360221676 
127 0.008500751622290635 0.0886619668087826 0.09038824942992013 0.08939016823702957 
128 0.05856510468656754 0.06040782370466002 0.03788868734954427 0.02996849830799097 
129 0.13930120057436535 0.12776269840317944 0.07373629753640011 0.07438676405137191 
130 0.08785298078155913 0.08663138653226314 0.13985225770134688 0.0944528938104648 
131 0.1799581431268897 0.011012899341186953 0.09002698792653648 0.032148023102795166 
132 0.03642778554641322 0.027547735132382747 0.022605896288289438 0.04794102283268637 
133 0.003949522485153107 0.0039314539311459794 0.003920428348644022 0.0036739164912032328 
134 0.1932592103219355 0.09339547132957059 0.05809748397034176 0.07536331553983405 
135 0.11522819257931585 0.118613987178112 0.048177240935172505 0.007085798693352844 
136 0.1839500550475712 0.10582787140614133 0.006202105865067959 0.044382440109187044 
137 0.11309420734128023 0.1382771088889994 0.04573179253896452 0.1947738815548569 
138 0.014048655109057197 0.013618918122537762 0.013268332231806743 0.005745380538190089 
139 0.000283568037928799 0.00036929483165701294 0.0004493782347032201 0.0005210713857209609 
140 0.009215888742018154 0.009364492986414964 0.009499333433742301 0.009646657710946154 
141 0.07863668733676639 0.08105047457046899 0.06652066509201708 0.06985688878948994 
142 0.15764593034997515 0.1543884215292026 0.0868344280851297 0.0673444759288681 
143 0.2711177889042595 0.12496870070886476 0.10709265947266858 0.06836765167726 
144 0.021021218823195544 0.013654165810002537 0.10782255650208622 0.0441721925799264 
145 0.0014180837084505412 0.001565948261796863 0.0017151034752629832 0.0027834235613752043 
146 0.08799365247996291 0.08671162368413843 0.0798565716176522 0.073701511347427 
147 0.1504398085773528 0.055438592555885506 0.09187936830316201 0.07746574229540147 
148 0.014558896055159231 0.007288647549292806 0.007910955100428399 0.009297634241812616 
149 0.2816915930959845 0.2593685872080852 0.08434270402600817 0.1003043343418735 
150 0.010234100256892474 0.010247665719233759 0.010247554243626996 0.010240480797567298 
151 0.07864581264153415 0.033229603321457864 0.15261114007849935 0.10111125862689406 
152 0.11895602990723704 0.1387393630959091 0.05546249395431291 0.12026022207683604 
153 0.12459134289040293 0.12539169936606953 0.11720057291675445 0.12213078774744893 
154 0.21128772619829086 0.16089729838561595 0.05299317801607241 0.11919454996294412 
155 0.006116520160549462 0.006415276990304081 0.00665650432327318 0.006866235505552991 
156 0.06834111017933253 0.08640277144402167 0.0869440152923555 0.006642867276749339 
157 0.09233496974571744 0.07767649335457276 0.09004333819891314 0.04328672273150023 
158 0.15344677833450027 0.15215448228657133 0.19932233149653225 0.20041214622246203 
159 0.004753176070407271 0.005066829280798622 0.005310355777882898 0.005681854295152301 
160 0.01184927235394769 0.012301336604099575 0.012589977773517695 0.013016642081458545 
161 0.004962933421499289 0.002270981692589628 0.0032036683915964634 0.01589826177751735 
162 0.11397373924593296 0.14384669136265305 0.12709243520548055 0.32105205187898334 
163 0.13926939771779207 0.11413889583071142 0.062069792352362464 0.12230354726412322 
164 0.06721419539891751 0.07960628197715204 0.0207788806380794 0.11302159002070944 
165 0.009832582473024534 0.010255963867503213 0.010575114418997266 0.01074893031768973 
166 0.09961653557110131 0.07899944562503808 0.0004838891255069351 0.09432073977119591 
167 0.1920573008958102 0.2489661740590593 0.0070154628291631445 0.05378304170633809 
168 0.07570054716656212 0.03782148336036617 0.038368574500397004 0.01835372212280493 
169 0.2483955740182242 0.26590184455262317 0.16300515031457305 0.16924355124234997 
170 0.059561391446931344 0.060022776561380886 0.06036970965488876 0.06059375665275066 
171 0.25288481853318956 0.2597861512122617 0.2752161410201085 0.2538434323259556 
172 0.19113754353395906 0.18683777998522708 0.023342584297214083 0.11838551430990236 
173 0.0032280826880299847 0.003295979182647824 0.004975827754622269 0.005149425636080712 
174 0.07164673363305676 0.06895387033622337 0.05609238513662547 0.03781227853358254 
175 0.10803558910310823 0.05844196422905882 0.013245778106785663 0.05681221261759681 
176 0.15376143207403284 0.10517435389069393 0.09759288337314914 0.05397883256275705 
177 0.012128690450159704 0.011722124757239731 0.0020596227638371703 0.0014686803051988323 
178 0.02480753655202044 0.05706867877441395 0.09454736107154738 0.09140680347581381 
179 0.09121177953164908 0.0916386562944687 0.08738035021729278 0.0818858427679002 
180 0.31317792355518137 0.032648739610964025 0.05748061874397966 0.11322247618950514 
181 0.008412320123411487 0.008329238066545168 0.00827500835487242 0.008245192117326793 
182 0.12761816642899826 0.1271966325674677 0.08572162614176193 0.11542948959960095 
183 0.13336723321748933 0.13092645396019645 0.019899296793410723 0.08123430167921218 
184 0.03778065856869867 0.038037840993476006 0.03160199358045666 0.02888957567735318 
185 0.2862205817119039 0.29680209926218826 0.2796304136573218 0.048387275005068876 
186 0.06994992855111298 0.1761834308244237 0.14712418207981576 0.033571187553282915 
187 8.30520272966771e-05 7.109645435294536e-05 5.006984497274205e-05 0.0003393812745504208 
188 0.020088168796250847 0.01220379362045533 0.04301559584822497 0.12177688055467058 
189 0.2904615872823785 0.1452188778834288 0.13507714171433027 0.04259808637902517 
190 0.0051116579785642925 0.0060501244967714005 0.006978125910760178 0.007685644069260366 
191 0.11150238479861489 0.08492282569334311 0.09709606828600825 0.053081924572728076 
192 0.05256203834556599 0.031069563447878677 0.0016224619132909138 0.07348450206875086 
193 0.05169517717520724 0.0528834800666529 0.05372627922372027 0.05466729293959399 
194 0.04954094917206404 0.08494206428128462 0.006829926989085332 0.005372717062962282 
195 0.04177588596339022 0.01298340896822175 0.011706575716512659 0.0011040240865710191 
196 0.040785577717884255 0.04067074608928767 0.04059787888642247 0.04066959409040556 
197 0.08875579804709363 0.03455830000463818 0.09997409432343414 0.006621845504991931 
198 0.060497874358085416 0.05618920087845773 0.07228830350522934 0.08110872366287371 
199 0.017106373522406813 0.015063395857697953 0.018134900726019754 0.018299448053943537 
