0 164 56 62 65 71 62 71 74 71 71 35 62 65 68 80 80 65 65 71 62 65 92 77 53 59 104 122 62 107 98 110 199 143 
1 185 98 80 53 71 68 50 62 65 71 41 62 56 62 59 62 47 50 47 44 56 44 50 41 71 83 125 131 170 158 176 199 199 
2 122 68 50 41 68 44 68 62 65 65 65 29 68 50 65 71 47 29 35 53 77 71 56 80 104 113 86 92 125 65 199 38 199 
3 128 65 65 53 29 53 56 47 65 62 32 26 41 62 68 56 68 59 50 56 65 77 35 59 101 47 83 44 101 95 164 199 101 
4 95 62 59 68 50 53 68 62 56 65 59 56 38 35 38 65 86 59 71 62 56 65 86 38 125 35 104 122 116 83 104 44 199 
5 128 53 74 50 59 62 41 62 11 56 62 65 38 65 44 71 71 92 74 56 56 71 47 77 71 47 62 59 95 199 116 140 199 
6 80 77 32 65 65 44 59 41 62 50 38 38 50 53 59 62 56 35 59 44 50 38 68 68 95 74 101 74 65 53 68 199 199 
7 119 71 53 50 71 50 68 56 59 47 65 47 56 59 53 50 65 68 71 71 122 32 95 47 74 74 199 98 89 199 113 50 122 
8 137 56 77 62 59 68 59 74 68 62 41 71 44 77 83 62 59 68 41 35 53 59 80 86 71 65 80 199 155 113 199 199 199 
9 95 47 68 59 71 50 71 62 77 44 71 56 62 77 65 65 44 80 68 47 59 38 74 68 89 59 68 179 188 161 199 199 199 
10 146 86 80 62 50 68 74 65 62 50 59 53 77 56 65 59 74 50 53 68 104 59 41 95 95 119 98 125 199 161 199 170 170 
11 95 47 32 59 59 62 56 56 59 59 59 47 53 50 71 62 59 71 74 68 50 53 68 104 74 92 86 77 98 83 199 199 95 
12 199 86 71 47 59 41 53 59 77 44 50 38 26 62 44 35 62 59 80 35 62 38 80 74 65 83 95 110 86 101 110 199 199 
13 101 53 56 44 62 56 56 59 65 65 68 53 74 50 44 77 35 47 59 53 29 116 50 29 47 65 47 50 65 53 68 131 199 
14 50 50 80 59 53 65 56 41 50 50 50 56 65 68 62 74 65 62 62 77 65 62 59 44 62 77 62 44 47 199 199 199 199 
15 116 65 68 59 35 50 59 44 50 65 62 23 62 47 65 62 47 56 26 41 77 71 50 59 71 74 62 44 143 199 182 122 199 
16 101 71 59 56 74 65 47 59 65 62 71 56 53 62 62 89 83 83 65 47 59 62 95 68 44 86 71 140 128 158 199 191 199 
17 152 86 77 71 77 68 50 74 41 50 77 65 77 68 77 44 74 44 77 26 41 74 56 74 41 89 23 98 83 101 199 199 199 
18 140 65 83 65 62 59 59 77 77 77 62 65 53 56 68 80 80 71 68 80 86 95 80 38 74 95 95 83 59 80 199 104 179 
19 116 59 59 74 56 65 47 59 65 53 59 26 68 62 62 59 56 47 62 56 53 65 65 86 68 101 83 128 71 83 122 122 113 
20 179 59 59 56 62 62 50 71 53 35 89 68 74 59 56 65 71 56 68 53 74 50 53 65 44 23 107 98 95 137 199 199 199 
21 161 134 122 125 77 74 65 53 74 50 59 53 53 59 62 47 65 32 62 62 50 80 62 59 74 62 98 65 77 26 199 161 199 
22 89 62 71 68 62 56 71 68 104 50 53 32 38 65 47 50 62 59 56 29 44 56 50 62 65 71 65 134 199 199 199 143 199 
23 158 68 35 62 62 83 44 74 50 74 74 71 56 62 68 44 83 71 77 56 98 65 62 38 56 74 199 122 128 119 199 199 146 
24 128 71 74 71 62 56 68 71 59 116 71 53 71 56 56 71 71 59 89 68 74 59 83 56 71 104 56 74 125 179 107 179 199 
25 107 65 71 44 41 47 59 59 14 41 65 71 53 71 38 56 50 62 56 56 101 71 65 71 59 62 199 77 137 161 89 199 199 
26 74 53 53 56 53 50 41 65 44 41 59 71 56 53 56 65 44 65 56 59 65 47 56 53 47 71 113 44 95 137 104 199 167 
27 104 74 68 50 53 65 71 65 62 44 71 62 59 68 47 53 68 68 71 56 47 53 77 83 83 47 137 125 199 199 98 149 199 
28 56 65 50 65 68 68 77 80 104 53 86 56 65 65 59 83 50 41 110 74 65 47 65 56 113 65 119 65 116 199 199 20 199 
29 176 65 56 65 77 65 65 65 59 26 65 59 80 59 47 95 71 62 71 62 74 38 140 74 119 86 35 199 98 110 89 199 199 
30 128 122 119 80 56 83 65 62 62 71 83 86 131 38 71 62 53 47 59 74 56 65 86 68 41 125 83 137 170 149 164 199 199 
31 140 77 74 68 74 53 41 71 71 50 47 65 86 74 56 32 59 62 59 47 44 53 86 199 83 68 65 167 199 89 80 188 74 
32 68 38 56 74 59 53 62 71 71 80 83 65 50 68 80 62 53 74 59 101 68 50 77 59 53 101 116 134 199 143 199 199 199 
33 110 71 68 65 65 59 68 56 62 56 62 26 65 62 59 68 59 65 59 56 68 185 62 167 62 77 104 188 199 176 131 199 199 
34 197 107 65 53 56 56 65 62 50 56 41 41 59 65 74 68 62 35 68 62 134 80 68 68 80 125 89 101 104 89 199 199 199 
35 92 107 68 71 83 71 62 59 59 80 68 44 29 68 53 56 65 17 65 68 50 92 59 47 62 164 116 80 101 65 77 116 199 
36 122 47 41 53 56 56 47 56 44 50 56 62 98 71 53 59 53 47 53 53 44 65 62 47 56 80 59 56 56 199 35 199 199 
37 188 83 89 41 74 59 56 44 59 59 65 59 77 53 47 71 71 65 41 113 83 74 101 122 68 98 92 140 122 104 131 199 199 
38 98 74 59 65 74 74 44 62 41 68 41 38 56 62 41 50 65 65 50 32 80 71 53 62 71 65 71 125 128 44 89 176 199 
39 188 83 74 65 50 62 62 53 53 59 74 47 68 53 56 65 53 65 71 59 53 140 101 56 122 92 146 95 116 80 74 131 110 
40 199 68 62 68 50 56 59 68 41 26 59 35 59 38 59 44 59 62 68 74 47 86 41 47 62 50 59 119 68 158 199 199 199 
41 104 53 62 68 32 53 56 62 47 38 47 62 59 53 65 80 68 38 74 68 56 50 65 53 62 158 107 95 92 98 107 199 199 
42 110 71 68 56 62 62 74 65 56 65 44 56 65 65 29 44 59 44 56 107 26 71 62 71 71 11 89 47 74 199 77 26 199 
43 199 68 74 53 68 62 68 35 65 80 56 83 41 59 50 68 68 68 77 92 62 62 50 59 71 179 116 185 199 119 143 199 199 
44 143 14 65 65 53 38 65 65 95 65 50 53 50 68 68 44 38 71 74 74 47 41 92 77 80 116 107 134 167 199 199 199 71 
45 158 68 65 62 89 53 44 56 62 47 56 65 62 65 56 71 77 62 62 77 80 68 95 68 65 128 161 89 128 131 161 199 199 
46 104 68 71 65 56 41 68 41 68 56 71 44 62 50 65 35 71 56 68 47 68 65 74 98 98 68 80 161 128 161 134 47 199 
47 143 62 53 89 74 71 68 44 62 62 62 77 74 26 53 101 62 53 65 104 68 92 80 68 77 65 65 68 161 152 199 199 199 
48 116 83 53 59 56 38 59 59 44 50 47 44 74 62 50 53 65 50 71 77 65 62 77 80 92 59 68 53 98 59 173 65 155 
49 170 59 62 62 80 131 68 71 65 47 53 77 62 65 44 68 71 65 56 113 74 86 71 56 125 71 80 161 74 62 199 199 199 
50 182 62 68 53 53 53 53 59 68 41 44 59 62 56 44 59 62 62 53 62 80 59 158 107 59 56 71 59 74 65 89 65 199 
51 68 59 59 80 59 53 47 56 47 38 56 53 65 47 65 65 44 59 56 92 68 44 59 143 116 86 68 74 140 113 199 199 146 
52 143 92 62 59 62 107 92 71 53 47 47 65 53 80 68 38 71 53 50 56 71 53 59 95 71 161 50 71 95 107 44 161 170 
53 80 53 68 59 62 50 56 62 53 56 65 59 32 68 74 56 62 68 107 53 74 71 89 74 62 107 86 77 125 68 155 104 199 
54 74 65 98 122 137 56 68 62 50 62 50 68 59 68 59 65 62 62 80 56 68 50 197 38 56 47 128 86 161 83 199 199 199 
55 188 53 65 53 68 53 68 32 41 47 56 41 53 38 29 50 50 47 53 44 50 50 56 56 62 29 68 56 59 68 74 199 128 
56 98 65 65 74 53 62 74 65 74 71 83 62 62 59 65 56 53 65 50 77 47 86 62 32 44 68 74 146 113 77 199 199 199 
57 199 59 23 65 77 62 68 47 59 56 50 65 71 68 74 59 62 50 59 62 59 74 71 23 83 110 107 95 185 182 65 119 199 
58 199 98 38 65 77 68 59 77 62 74 62 53 53 47 17 62 53 68 47 125 50 68 65 77 74 83 83 98 140 149 98 125 179 
59 199 80 56 50 53 62 50 41 59 17 71 41 59 68 74 44 65 77 62 65 62 56 59 74 74 56 131 77 199 158 131 161 199 
60 176 80 44 89 53 68 62 59 74 23 62 74 65 41 56 47 56 62 59 128 53 53 71 77 8 77 65 62 53 199 199 83 128 
61 173 62 65 59 59 77 77 50 71 62 74 56 65 53 68 62 62 41 32 68 92 59 62 68 77 59 50 68 80 125 83 199 152 
62 68 50 71 56 29 44 44 77 98 53 32 68 71 68 53 74 59 62 56 71 53 59 80 134 68 77 83 134 56 53 199 161 199 
63 131 53 80 32 71 71 71 74 41 71 62 71 53 56 53 71 65 65 77 83 50 53 80 80 62 98 71 110 140 113 199 199 199 
64 95 59 56 35 71 59 53 53 56 50 62 59 83 101 65 77 65 50 65 56 89 47 77 89 125 53 47 179 86 86 185 199 199 
65 80 47 59 65 74 53 68 44 53 38 59 26 65 47 44 56 44 53 53 56 41 53 32 65 68 44 44 62 65 68 199 89 199 
66 104 98 71 68 71 80 71 56 62 53 77 59 62 68 65 62 53 41 47 65 68 68 80 47 65 47 65 62 77 68 199 80 199 
67 199 14 80 71 38 74 65 74 44 59 50 65 56 38 38 62 59 62 59 29 50 44 74 14 56 74 59 164 199 80 140 199 199 
68 131 65 47 98 53 53 71 62 59 44 23 50 53 65 80 59 65 71 56 50 71 62 50 68 89 77 71 56 83 104 161 182 199 
69 101 53 65 119 26 71 74 62 56 68 62 56 44 44 62 80 59 59 77 83 74 50 59 92 71 110 77 101 101 182 110 199 199 
70 92 65 26 59 47 44 53 47 47 83 59 56 47 56 71 59 56 62 65 50 53 101 68 68 89 50 122 50 77 199 92 146 199 
71 89 56 47 20 56 23 62 62 62 68 50 29 53 59 65 80 86 80 68 68 77 68 104 71 86 71 83 47 149 158 185 199 199 
72 152 77 44 47 35 74 80 77 80 65 71 53 50 77 68 77 65 83 44 77 71 74 53 80 77 98 89 83 101 199 152 199 199 
73 92 50 53 71 47 59 53 41 50 38 53 41 62 65 62 71 59 77 65 56 86 74 59 59 104 74 83 47 89 89 89 199 167 
74 191 59 47 65 74 68 62 65 71 71 59 35 65 62 68 65 59 59 68 44 65 74 80 74 86 77 98 134 119 89 143 119 80 
75 199 95 74 65 98 95 77 50 44 71 56 62 62 65 53 65 44 68 41 77 86 47 74 89 62 71 83 83 167 83 128 110 199 
76 68 65 41 50 59 38 47 68 53 65 56 56 59 53 44 74 62 50 71 62 62 47 77 92 95 71 62 86 131 191 199 83 179 
77 107 56 41 50 44 86 74 65 71 71 50 41 65 62 56 62 68 53 62 56 44 50 71 62 59 29 59 146 199 56 199 199 199 
78 119 59 41 56 56 41 50 98 68 59 68 56 65 20 68 50 62 59 65 53 128 71 32 65 155 104 104 149 89 152 86 199 199 
79 110 74 59 83 68 71 71 41 59 74 71 83 56 68 68 62 59 71 38 62 71 74 77 134 89 59 101 199 182 53 89 143 199 
80 134 56 59 62 53 50 62 50 53 56 53 44 59 29 56 50 44 68 71 65 38 56 47 77 80 56 161 140 161 143 86 80 161 
81 137 74 62 71 119 74 83 68 98 95 62 68 68 86 62 80 53 47 104 50 62 59 65 59 50 47 50 134 68 173 125 199 199 
82 80 62 53 62 62 65 56 53 53 59 59 53 59 59 32 47 50 59 59 80 68 62 53 53 149 65 62 65 59 62 62 41 71 
83 113 62 86 68 44 56 50 56 44 59 56 44 62 62 62 83 56 71 68 65 68 101 56 95 71 86 62 128 80 199 131 199 199 
84 113 119 68 53 59 65 50 62 56 80 65 47 44 68 68 62 62 83 86 44 62 50 65 80 74 83 128 122 179 199 107 113 199 
85 173 50 80 62 86 56 62 71 35 59 83 47 80 59 83 68 50 62 53 62 56 68 83 113 50 104 74 86 71 173 101 77 199 
86 83 71 47 65 53 62 77 65 80 65 65 35 62 68 83 53 74 77 77 44 62 65 71 77 62 59 113 125 86 167 92 199 170 
87 143 68 74 35 68 65 41 71 68 65 65 59 62 62 50 65 56 74 59 50 86 68 80 95 107 86 101 89 116 199 191 199 199 
88 119 56 65 68 53 71 56 47 68 59 62 47 74 56 44 65 50 65 56 59 86 86 95 53 59 71 83 74 113 113 194 199 185 
89 179 56 65 62 50 53 71 59 62 35 38 68 29 65 56 50 62 53 56 59 59 56 62 38 41 68 71 62 65 110 71 107 95 
90 164 68 56 47 65 62 59 50 62 41 62 41 68 65 71 92 65 65 62 68 56 74 71 62 77 71 74 149 101 104 199 199 199 
91 89 62 50 56 56 62 62 62 44 68 65 56 56 62 59 59 59 56 50 68 71 80 80 62 44 68 86 146 74 116 122 71 199 
92 149 74 56 62 74 68 62 62 65 50 44 65 65 53 59 59 89 62 77 74 71 62 38 62 65 107 83 170 83 107 199 199 199 
93 122 71 50 62 62 44 59 53 68 62 53 68 41 62 47 62 56 71 53 71 71 71 74 122 83 92 170 89 119 104 199 101 199 
94 199 80 77 32 68 74 62 62 71 53 56 29 59 74 53 71 35 77 86 74 44 62 56 113 173 32 56 134 65 56 56 161 62 
95 182 83 71 47 56 59 92 62 107 113 56 65 83 62 65 32 50 56 62 65 74 65 65 50 65 59 59 122 116 179 199 199 56 
96 80 62 47 59 77 53 41 62 59 59 68 11 62 68 62 56 68 65 50 80 113 38 62 86 68 53 71 62 68 86 137 199 199 
97 199 32 68 65 83 56 50 86 68 62 47 68 35 65 71 68 59 71 62 68 125 71 89 74 50 65 83 74 65 77 199 199 199 
98 113 80 74 41 65 62 71 62 41 71 38 68 77 41 47 77 59 68 59 47 53 92 68 29 50 98 140 119 77 92 199 71 199 
99 98 71 62 53 74 53 65 62 56 74 74 77 50 62 71 62 53 65 68 71 65 74 77 71 59 71 143 182 122 101 122 185 199 
100 137 80 65 83 50 89 56 65 65 62 62 47 65 5 74 68 71 71 74 53 65 56 92 44 65 62 77 110 77 199 140 197 199 
101 47 71 62 77 20 56 62 62 62 65 77 80 80 77 59 44 74 74 59 74 74 80 59 92 83 68 199 101 137 104 188 149 199 
102 68 56 62 65 74 50 56 38 56 65 62 41 59 38 59 47 71 50 65 125 59 53 86 62 101 92 77 119 122 110 92 199 199 
103 134 11 71 74 68 74 62 59 59 47 59 62 65 59 92 53 41 59 80 137 53 71 80 5 47 68 53 65 68 199 92 199 122 
104 199 83 41 59 74 26 47 47 65 53 65 98 59 68 74 71 38 53 77 71 62 86 71 59 59 56 74 56 179 199 199 199 199 
105 179 59 62 65 68 83 17 53 77 47 53 26 44 56 62 80 59 77 68 71 56 56 68 77 92 107 92 149 197 164 155 199 199 
106 83 65 50 50 62 56 47 71 71 65 38 65 59 65 56 65 41 95 68 62 71 83 71 80 104 101 104 107 199 104 199 199 199 
107 199 71 71 56 95 74 47 71 59 59 68 53 41 56 62 56 65 56 47 62 65 62 107 65 65 29 44 125 146 199 185 199 199 
108 167 77 56 53 56 56 80 86 68 62 68 47 53 47 62 68 83 50 62 71 77 71 113 74 188 77 89 95 101 128 199 199 179 
109 152 77 89 89 86 53 68 71 53 53 59 47 68 65 53 68 65 89 68 107 71 38 80 74 95 176 128 199 199 199 199 199 199 
110 122 74 47 50 65 71 53 50 65 56 62 62 68 50 65 65 50 71 68 71 53 62 71 92 59 50 77 89 107 128 197 199 137 
111 77 65 65 80 77 68 38 65 23 59 95 77 47 62 119 56 65 71 35 62 47 62 116 77 77 50 110 143 164 131 128 199 199 
112 143 53 71 59 59 101 74 68 41 62 68 35 62 56 65 62 80 71 62 20 74 68 65 62 71 77 146 101 113 137 38 199 199 
113 92 65 5 56 65 50 80 68 44 59 44 62 65 62 59 68 50 68 68 68 47 50 101 77 101 77 68 74 155 155 110 199 199 
114 164 56 56 32 53 74 44 83 41 59 62 56 59 56 53 29 113 71 71 83 71 56 74 68 101 199 59 62 77 59 199 199 119 
115 176 110 89 74 62 74 62 68 59 71 41 68 71 68 80 59 47 80 101 68 56 65 56 47 119 59 89 86 199 116 161 199 155 
116 146 62 56 65 68 71 83 65 41 41 62 71 44 68 50 65 59 59 50 56 74 50 47 50 74 47 68 92 137 119 143 125 199 
117 197 83 68 53 50 44 59 44 38 59 68 38 53 56 50 77 68 62 74 44 53 74 86 92 50 134 89 131 107 199 155 140 199 
118 113 56 53 68 74 53 35 59 65 62 65 71 59 68 38 47 62 65 53 65 71 62 47 53 47 86 65 68 95 80 199 199 199 
119 74 59 44 44 83 68 41 77 65 65 50 44 62 71 65 71 68 29 104 89 77 86 62 95 65 59 104 62 65 89 98 199 199 
120 197 74 95 65 56 62 62 53 53 62 59 56 77 53 68 56 65 20 44 68 56 65 53 53 50 68 53 170 29 92 188 110 68 
121 95 44 65 47 65 62 53 62 62 53 50 56 56 38 23 59 62 29 50 62 137 86 77 86 173 71 92 113 122 128 146 125 173 
122 89 152 38 83 71 65 71 47 65 68 53 44 56 74 62 68 71 68 86 65 74 98 71 68 68 44 128 191 188 80 137 128 170 
123 199 56 53 80 65 47 44 53 38 56 56 38 50 65 56 65 56 62 65 53 59 77 53 59 53 68 92 110 83 104 86 179 146 
124 199 98 71 62 74 77 59 68 62 59 68 65 56 62 68 56 74 35 59 56 68 56 56 74 77 92 86 199 134 199 199 199 191 
125 199 71 62 65 68 53 77 41 56 65 47 59 59 62 17 74 71 68 62 71 38 47 80 74 53 62 92 68 80 71 101 155 5 
126 125 68 59 68 77 65 62 53 62 68 50 71 71 80 35 62 50 56 62 71 74 65 47 59 44 71 140 35 164 152 199 199 149 
127 185 56 71 47 65 83 62 68 47 74 50 59 83 56 56 62 68 56 59 53 38 77 71 86 92 101 158 170 65 199 199 176 199 
128 131 56 74 71 53 65 56 56 65 53 59 47 59 53 38 62 50 65 65 47 50 53 59 65 77 65 95 98 86 199 161 101 199 
129 95 47 53 38 50 59 47 53 47 56 32 65 56 38 68 71 62 65 59 65 65 53 50 59 74 59 199 98 107 152 194 199 199 
130 199 68 74 59 71 59 62 71 62 50 62 14 71 59 56 47 59 146 191 107 32 59 95 199 199 152 71 62 53 95 199 199 199 
131 137 59 44 20 59 62 56 56 68 38 74 65 44 59 71 77 65 59 47 41 77 80 53 59 71 149 89 62 71 47 199 119 199 
132 119 74 65 71 56 53 50 71 56 38 41 56 59 50 71 59 74 77 50 53 80 158 65 80 71 116 65 65 194 89 101 199 199 
133 199 59 74 65 62 71 59 53 26 62 56 11 59 62 17 56 65 71 62 74 65 41 68 101 62 116 80 71 80 101 101 199 199 
134 176 71 47 11 41 47 65 56 62 71 71 68 50 53 53 47 65 74 56 149 62 65 98 68 59 74 59 83 68 107 199 170 199 
135 199 80 62 35 56 59 56 68 59 59 59 62 29 50 56 41 35 56 74 59 62 50 74 80 89 80 197 179 95 199 137 119 199 
136 77 71 68 74 53 59 65 74 62 59 53 74 8 50 44 65 59 56 65 50 65 59 77 53 83 74 104 101 179 110 155 104 185 
137 95 62 47 74 62 53 47 62 68 35 62 53 59 74 53 56 53 62 65 29 62 56 62 62 41 56 86 56 89 137 199 199 199 
138 137 65 68 71 83 86 47 62 71 74 80 80 59 71 44 71 50 59 26 77 62 56 77 44 8 149 101 89 152 98 122 199 199 
139 152 199 71 74 47 71 62 53 62 62 62 80 65 68 62 53 62 68 59 146 44 77 53 50 74 20 125 110 77 56 47 134 199 
140 107 65 68 59 53 47 20 53 68 53 59 62 32 62 50 59 74 50 68 80 62 53 50 71 65 95 128 158 199 199 199 155 199 
141 122 71 68 68 74 77 68 56 59 38 53 56 65 53 101 47 53 59 68 71 50 41 44 68 101 83 89 83 113 125 199 155 199 
142 199 77 83 62 83 50 71 68 83 68 68 50 35 56 50 53 56 41 68 59 101 71 59 77 65 65 65 101 89 74 199 199 131 
143 89 47 56 68 74 56 74 89 68 68 68 59 26 65 68 74 74 71 20 56 62 77 110 68 68 71 77 59 199 107 199 199 199 
144 140 68 62 59 59 44 47 62 50 59 77 50 68 47 86 53 59 71 71 68 53 68 62 77 74 68 71 56 199 199 122 199 199 
145 80 53 56 62 50 44 74 44 44 59 80 56 62 56 77 59 53 86 68 86 47 53 35 122 107 77 68 95 86 86 194 199 131 
146 80 62 62 56 56 77 56 71 53 50 56 71 65 56 62 71 11 71 53 47 14 59 62 65 140 74 83 68 185 68 140 199 199 
147 125 77 41 65 74 65 50 68 56 53 50 59 65 59 44 62 26 65 59 44 68 74 56 68 59 53 59 56 155 110 119 199 199 
148 95 68 68 65 44 62 71 71 50 50 50 68 56 59 47 65 101 56 53 92 56 53 74 41 65 83 14 92 158 104 199 107 199 
149 92 68 35 65 59 62 50 53 41 71 56 65 50 59 56 50 47 38 53 56 62 68 50 71 113 95 194 158 199 77 199 199 199 
150 89 53 47 53 50 56 59 62 47 41 53 50 41 65 53 56 50 59 71 68 41 20 68 32 77 86 89 47 107 62 185 199 164 
151 161 50 59 65 59 17 56 62 53 65 62 56 71 71 68 74 68 38 71 56 59 80 71 128 20 86 89 80 119 134 146 199 199 
152 113 59 56 20 41 56 50 74 44 62 38 59 59 44 62 68 50 50 47 68 53 77 26 56 62 65 62 83 83 146 86 131 199 
153 74 65 53 68 59 68 65 59 23 65 65 59 47 44 62 47 86 20 44 80 56 35 68 71 131 74 59 199 80 74 74 65 59 
154 86 62 47 59 59 71 59 35 74 41 62 50 62 68 68 35 47 53 68 29 65 83 50 44 56 56 65 62 194 179 116 199 199 
155 128 59 59 71 65 68 71 53 38 56 65 74 62 56 47 5 59 71 62 77 95 104 71 65 131 68 62 125 80 107 199 89 161 
156 185 68 65 56 56 101 86 29 56 41 71 74 62 38 59 38 65 86 44 23 83 62 95 68 50 56 35 65 53 62 80 146 199 
157 155 74 65 44 50 62 74 62 65 44 71 41 59 62 77 35 59 50 71 50 59 71 62 53 125 128 80 199 62 167 113 199 199 
158 95 65 65 62 65 62 59 59 65 47 65 35 62 41 50 41 53 50 59 56 59 56 71 32 59 59 86 68 110 80 83 199 199 
159 116 86 86 65 50 74 65 116 71 65 65 59 50 62 50 65 65 68 65 74 125 71 56 107 77 65 74 68 113 152 199 101 143 
160 110 53 86 59 71 38 56 56 65 80 35 59 62 59 68 62 62 44 71 74 59 56 68 77 65 74 164 77 199 80 176 199 92 
161 101 50 59 62 62 68 68 50 71 47 77 77 80 44 62 74 68 56 71 80 50 62 68 65 95 47 199 89 182 199 199 199 98 
162 98 62 68 41 77 65 83 71 68 53 92 65 53 47 71 38 68 44 71 53 71 104 32 68 128 89 74 77 107 199 182 199 199 
163 95 68 47 50 65 53 56 56 62 59 92 62 56 56 62 62 41 86 62 68 128 95 86 80 59 83 98 110 152 83 107 199 199 
164 185 86 71 50 56 56 50 62 71 68 74 74 56 113 77 92 50 71 47 77 80 86 89 86 155 65 128 131 131 146 199 199 199 
165 83 59 50 65 68 35 44 56 62 68 44 47 47 47 59 56 41 56 71 65 86 38 65 71 62 92 125 89 89 113 199 199 199 
166 83 77 35 68 68 62 41 74 68 56 71 44 62 71 56 68 62 53 59 38 35 56 104 38 77 56 71 62 62 41 199 53 98 
167 140 65 59 77 20 29 74 44 65 68 89 74 56 38 38 71 98 74 71 71 116 53 47 65 122 71 56 173 74 173 134 199 199 
168 199 50 71 32 62 71 47 53 53 53 65 65 65 59 59 68 53 68 74 56 89 68 65 74 86 104 59 131 137 199 143 158 199 
169 113 56 77 68 68 41 47 74 50 47 53 47 53 47 50 62 56 65 62 86 56 62 56 65 65 53 68 119 152 77 83 65 199 
170 74 62 71 62 68 56 38 74 59 44 71 74 74 71 35 83 56 56 62 62 56 62 53 59 89 110 92 110 197 188 199 199 199 
171 110 68 32 62 68 50 71 62 59 47 71 53 38 77 56 59 86 65 50 56 71 53 71 83 65 122 74 80 110 179 59 199 116 
172 80 47 74 47 68 41 50 74 74 53 59 65 44 44 62 56 59 38 59 62 65 65 59 77 80 86 83 77 47 199 199 137 86 
173 199 80 71 50 83 65 56 47 32 53 68 44 62 44 56 59 68 50 44 59 53 56 62 149 65 77 77 74 95 83 68 35 199 
174 86 71 62 74 47 53 65 62 56 71 62 56 71 59 77 71 44 71 77 62 113 68 89 56 50 59 95 86 146 107 137 199 199 
175 164 104 77 68 74 53 83 44 59 62 62 47 38 95 68 68 68 47 71 65 65 131 59 71 77 71 83 101 199 199 188 83 182 
176 98 50 53 62 62 59 50 62 59 62 50 68 65 65 44 59 110 59 59 65 104 71 65 65 101 17 77 35 113 89 116 86 199 
177 149 71 71 86 62 62 77 74 53 59 47 56 62 68 68 62 59 38 32 71 80 68 86 86 95 71 83 116 113 89 101 199 199 
178 199 71 80 77 74 59 41 62 56 50 35 56 65 68 62 56 56 71 80 59 80 65 83 65 74 149 107 101 199 77 199 98 199 
179 125 83 59 65 56 80 71 56 68 68 68 65 68 83 59 62 35 68 47 47 65 89 113 101 71 107 86 122 164 107 199 176 74 
180 83 59 71 41 71 41 59 59 59 62 68 41 47 68 62 53 50 53 59 56 56 71 128 59 83 71 59 38 110 199 83 167 161 
181 65 71 65 74 65 59 65 65 56 62 50 62 59 41 53 68 71 47 53 83 65 74 59 71 80 65 71 143 199 98 83 199 173 
182 92 38 44 62 53 41 74 59 32 95 29 71 56 65 59 71 56 107 44 71 68 62 44 68 95 125 89 149 80 116 199 194 199 
183 125 47 38 56 8 62 44 50 65 56 65 50 62 59 62 68 62 47 41 68 59 26 119 143 80 101 137 137 134 35 86 199 71 
184 199 83 59 47 68 44 68 44 59 47 41 74 62 62 68 32 50 68 68 71 53 74 53 68 65 68 137 77 199 77 179 199 199 
185 199 101 62 77 92 65 65 71 65 65 56 68 68 65 65 47 74 65 71 71 53 71 95 77 107 92 101 134 122 134 65 199 199 
186 95 62 71 74 62 50 74 68 71 65 59 95 86 53 50 56 56 68 47 77 65 65 68 77 116 83 53 119 140 199 116 188 199 
187 119 92 56 59 107 65 53 101 26 62 62 41 53 71 71 50 65 50 59 65 101 98 59 50 101 65 188 191 116 89 199 199 199 
188 122 50 56 65 56 65 50 68 50 35 53 62 62 59 68 47 50 50 137 38 74 71 59 35 86 86 155 119 83 199 83 199 199 
189 80 50 50 56 68 71 59 68 47 47 53 62 62 65 50 50 83 62 32 68 62 62 98 68 71 71 134 74 167 119 199 199 152 
190 110 68 65 62 56 110 65 50 56 62 53 32 65 53 29 8 62 77 62 56 113 62 62 74 92 95 101 101 143 83 77 199 199 
191 107 56 65 53 29 59 5 62 59 59 77 95 50 62 83 68 68 56 65 44 77 68 74 92 98 155 38 47 59 158 137 199 199 
192 197 83 71 77 71 62 56 74 77 65 62 68 74 62 56 44 68 62 113 53 53 71 65 71 80 68 86 59 71 32 197 199 199 
193 104 71 56 32 62 65 62 71 47 59 26 71 68 32 62 65 80 68 95 38 68 32 56 53 50 80 83 74 155 199 134 167 199 
194 101 65 62 71 53 65 53 68 83 47 56 62 59 59 44 41 38 56 68 65 68 41 41 80 56 164 74 77 199 86 188 197 95 
195 86 50 104 128 83 80 35 62 62 50 68 68 47 59 50 62 71 65 53 38 86 86 77 80 44 71 62 74 199 155 199 182 59 
196 110 68 53 50 50 53 62 101 44 68 71 65 47 59 74 65 68 62 71 56 62 71 56 65 110 194 182 86 128 47 199 199 199 
197 199 95 80 80 62 65 71 38 68 65 44 59 14 59 65 41 44 47 74 71 50 77 83 68 140 101 137 53 107 95 65 199 86 
198 83 68 62 65 59 47 50 74 95 65 47 50 44 65 77 59 59 71 65 59 68 59 77 80 74 74 107 20 119 199 119 199 35 
199 98 68 74 74 80 68 92 56 68 98 62 38 59 50 50 38 62 38 65 41 38 62 50 68 170 44 104 77 194 149 155 199 199 
