initNo 0.01 0.025 0.05 0.075 0.1 0.125 
0 0.00013880744665540186 -8.448527497357536e-05 -0.6706609629003567 0.10736932967101302 -1.2588622451237426 0.057206767861582214 -1.593734234797282 0.00043831988047326716 -1.9435221495823563 -0.2754200353719881 -2.6933759023488797 0.05362556744065203 
1 6.045052474034565e-06 3.3480911012935084e-05 0.0004904086580498745 -1.0896929988593058 -0.2972435710054112 -1.6170104638914562 -0.4777335814706108 -1.497949323199462 -0.8337394934774323 -1.572660371629861 -1.1415320671350846 -1.443549716043515 
2 9.853187630766917e-06 -0.00014110994993378131 -0.14390169290587532 -1.5828001120359687 0.9557936776876333 -1.556806315453342 0.8818078392719005 -2.2473065576560334 1.6045777930633536 -4.1235405388009125 1.5682891390043279 -2.378558896344927 
3 -0.30403985348383744 -2.9630485312286942e-05 -1.928436719625836 0.003412143149708903 -1.5268085729830767 0.005119075251915102 -1.945852026447974 0.08527758818020488 -2.5151786600020514 0.0054276650255830955 -1.9460607362568456 0.06863736110805951 
4 0.0013346189940418962 3.0956147266864104e-06 -2.025456047393201 1.983816154291679e-06 -1.4843203561876157 2.0620991251267377e-05 -1.7681791125608601 -0.020947085936831887 -1.1999115355673815 0.006112381835529148 -1.0352118455909993 0.13348474310541694 
5 0.01817718200565819 -0.04842991860716943 -0.009252012347921171 0.003924437196971132 0.39488885626052445 -0.03195619841767791 -0.018160118119904964 0.003469113472513831 -0.006553581978553512 -0.014173739479754735 0.1425685508297431 -1.2736338435545669 
6 -6.438017067173966e-05 3.89517940897809e-06 0.35512757056435407 0.10055683025108976 1.2492498940409038 0.045879098401000545 2.183508401309062 0.04307256667499741 2.656056724943827 0.2755030241890826 3.466149804955208 -0.04271009846937338 
7 1.761559414727713e-05 -6.600862598109621e-07 8.28901740584472e-08 -2.1433865827069946e-06 -0.016061229682752275 -0.0016864008228137481 0.0023019146146033296 0.0008209897108940468 -0.0100594039917777 0.01054488319430043 0.1329834807238129 -0.015238443859102503 
8 -0.0005821234344823131 -7.275783872819845e-05 -3.845032008191819e-05 0.017893666123701985 -1.3247803405158984 -0.5933553806110646 -1.580190624186156 -0.007426336845076903 -1.5633668726058574 0.7718987584078593 -1.5755068100935374 0.21083606387075793 
9 0.0005728508017912863 -0.0013393270530930252 0.0009184390235129078 0.03265533090268326 -0.005348305122376316 1.0004143483385035 0.16172911536270954 1.5537257053394251 0.843273173639492 1.5719629216937234 1.166003544780353 1.6175015914254576 
10 -3.276556332519617e-06 -8.304754883866458e-06 -0.001565348255236129 -0.024823519905945265 -0.0016024652360300108 1.6273692549694712 -0.0006373326643140485 2.3126237877233633 -0.347124753676932 1.445564769680091 -0.37430384606466455 1.5645197816176877 
11 0.0010179983418633744 -8.651981859159138e-06 0.007035500680640309 0.0011398387610354463 0.01707793718779116 0.28223794460281365 0.1332531396257314 -0.13114650539528303 -0.011450244458494909 0.6832417516732021 0.2694082093198956 0.8380011223869269 
12 -0.004620044542648201 -0.005012403177311583 -2.135773201156478e-06 -9.281384370701969e-06 -0.016163072223764178 0.011254527429169513 0.23268756430918733 -0.17245980980077608 -0.18038087431557753 -1.7089547061146584 1.14595990758348 -1.5629859358888987 
13 -1.6998788275072396e-05 1.1813716801176364e-05 0.010830160343183735 0.011122966704587846 -1.2194295803690733 -0.04186977865420848 -1.8198492858959514 0.4165165980105416 -2.516056102427143 0.5505761920828264 -3.349705979632891 0.3858506696665462 
14 -6.693371376058442e-06 2.1171152417438958e-05 -0.0011542837006917228 -1.0435668972353378 -0.7625978335779974 -1.6520880455577747 -0.2585276579002719 -2.3570110597630345 0.12981030786391728 -0.9554591201771426 0.15368178528006265 2.579698987084922 
15 0.02473534443093606 -0.02216434241114693 0.1677873288226927 -0.3040994809752111 0.5033595139320427 -0.1567575988977713 -1.5123754345507758 -0.578872750140998 -2.008230688663126 -0.48604931671125085 -2.1043664673014746 -0.28369835224613243 
16 2.9967723143212754e-05 -4.650808618681351e-05 -0.2923979631652437 -0.7923643986994553 -0.22634694292683527 -2.1886214212050157 0.4340070035191227 -1.8455585886685764 1.23758764487843 -3.0083923827267376 2.1064365969350685 -2.3278444429852576 
17 -3.434433666432403e-05 7.553469771991093e-06 -4.185104965084878e-06 1.8368377119126e-05 0.006364129432761899 0.015105417485428286 0.0005622644164948269 -0.060496281900961166 -0.6027978077897674 0.621838330620916 -0.7752862240468452 0.354953819847223 
18 1.2222466250634698e-06 3.229862069914169e-06 0.00013615753887575492 -5.5026043584975064e-05 0.0025162322592806098 0.01761678077383538 0.004245276840416397 0.01092331825686524 0.0017797756748982882 -0.026041677744251708 -0.004975206874724408 -0.010766758158420025 
19 -5.656414850424725e-07 6.353251719162498e-05 0.0009777523972338124 0.011012877240013059 0.053770132052964825 -1.5326510336059487 -0.4162825533204904 -1.541959131404308 -0.5633549593816781 -1.5638669947862076 -0.6803370692965116 -1.5549636333561414 
20 -0.00033410609280256146 -0.0014684571390897524 -2.22711043186002e-05 -7.012960907788105e-05 -0.4659058558375226 0.27277979908514505 -1.2407173207812245 1.0942530554862886 -1.767641471732821 1.2724583037496213 -2.3841456819832376 1.045337735511772 
21 5.090819388666027e-06 -3.368955724841328e-05 -9.962876603532181e-05 -0.01645474276764016 -0.32617728691658304 -1.354386560909088 -0.6114546615125688 -1.5491148362619576 1.5341760768002508 -0.8836371893956033 2.092949740697201 -1.0289353476293 
22 2.210890591800599e-05 3.453121087733431e-05 -0.48652881141479015 -1.8392713885844146e-05 0.26533684176616973 -1.567684366153027 0.0006942137497122469 -2.2834592541802468 -3.0322149020575764 -5.009536233795395 -3.077397441495718 -3.570619537431205 
23 8.386437675242805e-06 -0.009536569714574002 -0.12721632133042 0.31640998987301994 -0.37045979791403205 -0.18376733130512407 -1.057544397399835 -1.3741144582919123 -2.402167101989795 -1.6544840957580307 -1.766012567090102 -1.7084593643224608 
24 -0.004253112225631451 -0.0009729993440492718 -0.6193409924178898 -0.5161379893359389 0.04255240584646452 0.03576576597496116 -1.1229558857403168 -1.465076695305554 -0.29768487896159623 -1.2615436907314657 -1.4570647103061876 -3.3049302802414906 
25 0.0007736777084416187 -4.5777988734190325e-05 -1.6837173229820668 7.71237992986359e-06 -3.1490224478338757 -0.025711848459808062 -3.3577929332418606 0.005467816267648046 -3.214645765972102 -0.006441218568081733 -2.705585449087762 -0.06535622298192387 
26 0.0001403255289277497 4.4713789822570645e-05 -0.0017203058054825842 -0.041041571643688636 0.15571418628611128 0.6261345458464106 0.5904514264403637 1.184930903255165 0.5749955738188848 1.2711509070309368 0.3914220172015865 1.3886746710355329 
27 0.00017736954040754692 -0.0002651400377529987 -0.0029405105668983537 -0.005475929981728419 8.778822782927863e-05 -7.993203260984479e-05 -0.07273888078345093 -0.008187660452371863 0.09835817515667335 0.004058694715162452 -0.02091674635649878 -0.023515470205367088 
28 1.0467519615604923e-05 -3.177048990009591e-05 9.072483221588603e-06 5.301889758416424e-06 0.0035091483915285103 -0.0020327094307949593 0.005289231399538023 0.47651194713348793 0.00011233281123212224 0.001204318357107904 -0.002297530269082274 0.41234442008603067 
29 -0.0001080619508397131 8.499199125813006e-05 -0.31468805754169216 -0.4953215071706309 -0.8998753086700568 -0.8452927821750894 -0.6261268278074659 -0.5778410343018642 -2.309430697446185 -0.8964250661010159 -0.7946122210529394 -1.0680342968786882 
30 -0.0005686696123145884 0.000893606057023392 6.313892048015987e-05 0.00013012214719320116 -0.00032519941059776805 0.39728297329325085 0.31415282754197515 -0.6331920550996515 0.005477259325359901 1.3935815312999957 -0.18733239544100955 1.9381660779549006 
31 5.973458952093509e-05 0.7328028848531017 0.0376058243759757 1.5902991468842074 -0.2970907143390937 1.6202730182477312 -0.6644501410903028 2.8998726553555105 0.7171387922901448 7.922788043418582 -0.01744780475165974 6.2333702999523775 
32 0.0004434384994928611 -0.0005194586221159967 -0.03116276963914635 0.045759856452207426 0.040615178510752754 -1.2583904076072652 -1.3461718659173514 -0.5849375607620781 0.09382845532087958 -1.0692706874199671 -0.2191709453487514 -0.7008447893384457 
33 2.3166092819212438e-05 1.6854274454278e-05 -0.021256362998321177 -0.1086399901698321 0.09287848490108994 0.07164727484800529 1.9909668437927994 1.622538150770166 2.652117129502175 0.36400235420897437 1.4301483782493545 0.14932689043033257 
34 -0.26137640592235084 -0.08026720671743523 -1.2604472715096633 -0.5067976810923572 -1.5506903143508841 0.01291894521673921 -1.625991247161427 -0.006712751888816412 -1.9318686237454248 0.43131294147004134 -1.6093936816223737 1.2947506265707358 
35 -0.000134372214030408 1.0253259830499122 -1.2686057714550163e-05 1.051013920973751 0.0005128703532278705 1.0590930908181106 0.03508491333330882 1.1807907917252303 -0.5763081226972563 1.6031882787409963 -1.144460478519354 1.0325933941658034 
36 -0.00014273209879656616 -0.00043358228295420234 0.0024045043146681045 0.007077116165808936 0.004428747704555063 0.0052033679207954065 -0.5664830695426669 0.043143169642889834 -0.5213168052849395 1.0148138214525364 -0.9157370881010655 1.0119371364977943 
37 0.5563890387738017 0.0007652931801999636 1.016217032667516 0.19017098955467043 1.3809972791099292 0.3521608811195221 0.4542610989249389 -0.03587412601485269 1.5102639570342915 -1.223901650580693 0.5565823282480304 -1.7035295322997714 
38 -4.745014308418907e-06 6.056139978631716e-06 0.4326902880886763 0.08068364732285409 1.220901192844232 -0.007406430614079011 1.3228082936387189 -0.0015643300121256868 -0.07388931459354424 0.007802823254367024 0.02326149507421474 -0.03684261577711039 
39 -2.3936558591673637e-06 1.2353381148519263e-05 -6.948267931256356e-06 1.8124342299750913e-05 -0.0003905300406966589 -0.005573509092641559 -0.0030978693350634076 -0.0027258641536151386 0.004813595014115171 0.006197097431706567 -0.00974350479878346 0.00382346772793967 
40 -0.00043484120767580683 0.0005024374278676171 0.0004124706227259039 -0.9371681088793237 -0.005633505773970903 -2.570971224785511 0.9861244714402764 -1.803727793270685 1.075946367747869 -1.976321479956757 -1.072614489537811 -1.551924679534509 
41 -0.0002626071397780731 0.7215683248642613 0.0075932387357228025 1.4940476489924837 -0.1337447045764913 1.573230572131795 -0.00010138950399692749 3.146612467426331 -0.07425316845604309 1.6213877098133294 0.004929396002589982 0.9292728504414907 
42 -3.333553621515937e-06 2.363519621143219e-05 -0.0009893552802630933 -0.7373332485616666 -0.21973337728136452 -1.3621802937594996 -0.8047388927282828 -1.5158604860381213 -1.2568450142412506 -1.5782112756524729 -1.2550308606826004 -1.4780146991776526 
43 1.5332177011190826e-05 3.322975243183326e-05 2.150969724349874e-05 -7.014234176046844e-05 -0.5145527310973642 -0.29532968938869414 -1.5886376359295842 -1.3589844458604474 -1.578082161762161 -1.0075819646237871 -1.5253726880495944 -0.9750571244004289 
44 0.0003502794587354827 0.001273093457702847 0.05280505506110267 -0.04410302873563875 -0.00169139282575568 -0.6257125151040833 -0.03880513074075622 -0.5459483535087316 -0.0479267519706852 -1.5644637214582617 0.17018502909103458 0.30660685570397767 
45 -1.1856316576137534e-05 0.6737619399255418 1.241196448190431e-06 -0.3166138924471439 -1.1819714311244365 1.6265673619483998 -1.6074008664298494 0.9512078788060597 -1.7319066306826205 1.455146278475809 -1.606469858846047 0.0443509843234192 
46 2.1821211962958e-05 -3.353575036143945e-05 -0.002791750972318405 0.001062180085458084 -7.039669575647145e-05 0.001941991642494918 -0.18190263214258168 1.5980303473468256 -0.05830514692865505 1.063136277200752 -0.0022823100708591216 0.4679804240183799 
47 1.0526610839169353e-05 1.5260717704362513e-05 -1.6046765544019133e-05 -2.2699756676924254e-05 -0.09825065179582008 -1.028212265417398 0.8767587622895096 -1.569909926526845 0.7501898195175288 -1.897062563934785 0.8981060830255899 -1.5756507166278346 
48 1.5750119530378932e-05 -2.1259545063596055e-05 0.00905357693534909 0.010875336140732918 0.008110056024783803 0.00048606445148470436 -2.8852921454096488e-06 0.01653767061621349 0.00039663198931713965 -0.37559505709909596 0.008527391521017653 -1.7141928562785895 
49 8.622754748709343e-05 6.556774962202982e-05 -0.2780510421641691 -0.2593130786242654 0.08974316894364191 -0.6471816521768684 -0.618108254946773 -0.9555635560747842 0.00013811616510386887 -2.972470546642442 -0.004356605656246202 -3.1434280916379547 
50 -3.177120739874342e-05 3.489125740008549e-07 -0.00011001894033256694 -5.736274504353289e-05 0.0020533114887192313 0.004368998308248351 -0.11198683536266738 0.028023639417071165 0.6692518183455349 -0.07200467649496956 1.452136694683943 0.04446375456774349 
51 1.2583753473581651e-05 1.7584608351062437e-05 0.031331913495555086 1.579855870160202 0.16655081988899953 1.545993264758143 0.8376498500519933 1.5933311645810726 0.44841641504230895 1.5791869987060343 -0.6553890472042048 1.6402659033811904 
52 1.6294738826792447e-05 -2.49690639243186e-05 5.577698715454834e-06 2.2675110439407062e-05 -0.500720717419769 -0.8056878889806269 -1.2316372959350004 -1.1633882253931738 -1.68732086773651 -1.0534268624612972 -1.3069514351630955 -1.8441440630679797 
53 0.0019110285609787198 -1.170950572978171 0.5706353610731045 -1.6170420799224838 1.6151314294684933 -3.13209917251074 1.4606600844305273 -3.165761466314235 1.6623526927714178 -3.098786946408846 2.0542509112022813 -1.561070808282637 
54 -6.039701199189586e-05 0.00029713156958493836 0.0013847740718259589 0.5227191081416195 -0.0004839423552719203 0.6733291312766055 0.013738411634257281 0.4166454791828701 -0.4347524854022601 -1.685226755043054 0.7339323002893707 -0.32069994581979133 
55 -4.066223859371593e-06 7.676370455660545e-05 -1.0924921279330077e-05 1.1798333382086117e-05 -0.015886143394261972 0.14097057279743794 -0.9091971486782656 0.29735785949806937 -1.5104199979389845 0.02435746432106258 -2.0129942462630184 -0.12496090173404109 
56 -0.0005614645493446054 -0.00017493513481430767 -0.002532451314062787 -0.002644249302846062 -0.008418568264135609 0.012339679206369712 -0.011631893397849716 -0.0699023818597696 -0.036498609664217446 -0.05683526223409854 -0.10143004649603495 -0.16829370278862985 
57 -0.0005841982522256446 8.43926604956774e-05 -0.0006273532995256856 -0.00056741520372311 3.5191779657852624e-05 0.017028065328598834 -0.6676284888611587 -0.11503796647297324 -0.8993002923778667 -0.3677592100150892 -1.049752590694977 0.24580872310449758 
58 -0.0007891985150312624 -0.00023657718504862992 -8.739873688855535e-06 1.938772796975812e-07 0.009087217731124404 -0.0041854979021538185 0.00033155653298026804 -0.0005321620188672235 -4.568623021486534e-05 0.00023400684211779253 0.00011812316725014787 0.006055966886305945 
59 -0.17341035217280337 -0.06779029331063596 -0.001890004356149518 -0.7334232723711628 0.003640478890356348 0.00787787705863207 -0.9126668242631047 -1.6863097288329694 -0.7215387973994933 -1.382994499204842 -2.6348298673041963 -1.2985321237278207 
60 -0.001299707081404495 -0.12531903173212855 0.3384684103762701 -1.4875235970783565 0.8694473528560671 -1.4440694443713988 0.9066683729605833 -1.6943108118834571 -0.022708882942938373 -3.7218793563054238 -0.09641088499708451 -3.025876694389924 
61 -7.128567907507257e-06 6.208387590714944e-07 -4.544072313953108e-06 2.5320903040762646e-06 0.0009674306419969041 -0.0016562706176322275 -7.941619985087382e-05 -0.0027691610829170283 0.0028954549276627253 -0.034574298247210804 0.01405450940639975 -0.08486587894532871 
62 -1.7439548791637524e-05 1.5628097694641216e-05 0.10823467714112488 0.36432628057526845 1.4681496224276782 -1.391342741364021 2.3295874155326515 -1.5490718410540665 2.1800777374152283 1.1655185940824533 4.271790408271663 1.8347416315696148 
63 -7.796721459485731e-06 5.7810797229501934e-06 -0.19739089876003307 0.3384262709794594 -0.6685874005211488 1.0823823313758685 -1.0753175110065445 1.2523259982694885 -1.7917570023280878 1.256795087872667 -1.5224994832695211 0.7998867813240531 
64 -2.0407360779973628e-06 1.99815607603209e-05 -2.0871098509700495e-06 2.027983161785122e-05 -0.00552711452776914 0.0007846521775173431 -0.2911963564250256 -0.015483161139777709 -0.004867254486936848 -0.009943670539756571 -0.008260847907857015 0.2543511694738804 
65 0.0004539766137174402 -0.005074048153501391 -0.004647839742116549 -0.0004299699908839634 0.00019549322761917224 -0.03107754761279882 -0.16621995253242242 -1.518278025397421 -0.5726061734104227 -1.5413651453115373 0.0023868248477910913 -2.1544624647489963 
66 -0.00017542116255561075 0.0007790030333457575 1.744347241735558e-05 -1.8430542352902726e-05 -0.02019951572200582 -0.777504510389837 -0.77365928035862 -1.6613516838371878 -1.292563953097622 -1.8388729297160382 -1.798484987246626 -2.209001205336705 
67 5.624910762216115e-06 -0.06996127204416534 -0.7105607121887468 0.19580010270866313 -0.31773178391715456 0.8945622044623918 -1.5689539493246154 2.9472181364960726 -0.385174537639174 3.071777948291363 0.9967860599731151 -1.4027721546318555 
68 4.550539493705048e-06 6.070068100719809e-06 4.980440760147545e-05 -2.420170614326988e-05 3.2406786490996383e-06 -1.5390055415255601e-06 0.00012849047441023485 -0.00015478202924781233 -0.0011623600434704398 0.00045539401623571397 -0.006902631771473663 -0.025896640287322577 
69 1.4048389501426872e-05 -1.9737159983774727e-05 0.027285778087899358 -0.020399847927420636 0.40732103641503814 -1.0495837433734685 0.38083925505306965 -1.784694684557894 0.46550788553816796 -2.4072947194972363 0.6170844479554648 -2.6178960398255025 
70 0.0033986873750043774 -0.0022280301196438397 0.002863764279125665 0.0007269859554174304 0.010308473713377814 -1.0004898295414844 0.01731171967246913 -1.5076942265176223 1.5809335336208274 -0.5943025463084166 2.564368667260203 -1.5793145925943135 
71 0.0008385735874966063 -0.0018748468513307844 -0.003729852492510108 0.0038374746568408265 -0.005226047752148738 -0.03949753565747874 -0.7865579260986565 0.9836486967277881 -1.3911041840392568 1.7351840422818363 -1.7948037154867666 2.1409431723253087 
72 0.9491307932416801 0.006271283805418052 1.2051345544938081 0.05888767929330508 1.3831643239352605 0.07485113777673319 2.059892085028891 -0.046562595944368484 3.4951581074583187 -0.6126537012693322 3.0291903555026845 -0.8829349005444799 
73 1.4574263100221198e-05 -1.6537398136063917e-05 0.0010482417996288452 0.0002888562063485487 0.1515194016480815 -0.08625580046928957 0.027223330115434465 0.08971147094766414 -0.008018188554427251 -0.6798090714728744 -0.22912072618479584 0.5336299484651956 
74 -0.3497232779702475 -0.2759871463149755 -0.4543675531848614 -1.2592435188940385 -0.3063568790089331 -2.5458601852649063 1.3467879844992183 -2.2517716061401223 0.31030756372015356 -4.157967815845503 -0.8068574843451342 -4.721540177308227 
75 -0.10065976943752596 0.06770335454085874 -0.0002766353193494963 -0.004881543449799255 -0.00036884015868429254 -0.0008915203452853645 -0.36780583908334896 -0.2144016881880539 -0.0660849857459835 -0.6268509666890932 0.47596670766394006 -1.6479184336615467 
76 1.6240456514810886e-06 -1.948023248353328e-05 1.100644174355623e-05 3.44460025600301e-05 -0.0064440413997783105 0.002741475285790845 0.011232979903734105 -0.7145093282257061 0.17817488144465748 -1.357740720220949 0.2998603059751041 -1.6548647036377302 
77 1.0440888779366552e-05 -0.1246433591392527 0.005204556778568081 -0.038443164254545144 -0.5094955947846672 -0.7855346247526589 -0.9285602919079059 -1.0517685495812328 -0.9524452827544363 -1.5301164753342438 -1.0273844409329407 -1.6892647522523125 
78 -1.542149738922788e-05 4.8710014888818774e-05 -0.4371004192398724 -1.5029412073223039 -0.6696180039403604 -1.5579329056124147 -0.7639097832996701 -1.5216245690037988 -2.30550477889765 -1.5195599182340116 -3.1638134414943524 -1.882556813466647 
79 -5.445922664900381e-05 0.3638746806667129 -0.031301219292649535 -0.126283439977348 -0.14612258733278727 -0.36962220684052166 0.05964761661593932 -1.6668608202972186 -0.9854480238234822 -1.7202230728497006 -0.6100210381624719 -1.4976386548618896 
80 -2.5656310559872065e-05 0.01968624502497788 0.5207202427477016 -1.6476619737482185 1.6266096769657612 -1.8186690096919118 2.6833985853698334 -1.7038371423786753 3.1136644603330317 -1.758877515259634 3.1469410953141743 -2.59789472289026 
81 8.468346313026142e-06 -1.2679075837652739e-05 -0.00471063939069391 -0.00919321605876765 -0.0004421540008459235 -0.000130876908333406 0.00822134774591567 -0.15367668626355577 -0.006549857743119572 -0.2287699570753948 0.02060835703471385 0.11008820277515846 
82 -1.0385764607869132e-05 2.0743412173000765e-05 0.026168394068961136 -0.05723599910398426 0.10819340483357287 -1.2532831816480725 0.18842808862606203 -1.7798560062694582 0.0005410977980466002 -2.625367576867504 -0.24836436186726402 -2.19437527401303 
83 0.0012606119984397768 3.12542267298884e-05 0.017624797317642656 -0.013151887728151342 1.5714380158655288 1.1232868973866428 2.1850586840027266 1.2070281002870842 1.5638676967013276 -0.3387753922459582 -2.512289513553502 -1.132403132670302 
84 0.413376360884547 -0.2592432416472571 -0.37247559181583995 -1.6020139124996617 0.19594145906499214 -2.136258533392919 -0.11349718880238888 -4.03207367368554 0.23360905301140097 -4.725461297697185 0.5712611561939338 -4.496371234457293 
85 6.873523501571133e-07 -6.494621701019227e-06 -1.5531941855237927e-06 -2.431776656731435e-05 -0.0036919054496589777 0.004888698478404108 0.21296926059054846 -1.602037254039563 0.017392417985546287 -1.5173518521848148 0.4035868319082292 -1.5727257249030937 
86 -1.8961275623716363e-06 -1.684994526779445e-05 0.0010536789425126148 0.0006689704109016876 -0.05177073280947462 0.1423960426376942 -0.41619934913279105 -0.10827000835508807 5.3916611784632194e-05 0.0013360237457384582 -0.0015605417147725718 -2.8673928848535777 
87 4.48716647305481e-06 -3.490258047648522e-05 -0.0013995450157343898 -0.00023917008589565666 0.0024909643456686387 0.16777296755646728 -1.1705181314401303 0.1267331807687256 -0.7795762965663112 0.8439804725520799 0.13577995830988782 0.6855590838603921 
88 -0.000179276340692988 -0.00023102703013554534 0.004375104616727044 0.001085339190865042 6.931739085122427e-06 -0.0972846328117515 -0.00038492927092288477 -0.7192104666062398 0.020204589523335825 -1.074631180343221 -0.007313699871854118 -1.1582645411088581 
89 2.313692991929498e-07 1.3592168890318373e-05 -0.24327787952282043 -0.026495574381053464 -0.16865012170353388 -0.9275213163844908 -0.20197384640784286 -1.5594172524224499 -0.2487182910533955 -2.2181262452482238 -0.0007136885071281195 -3.027363753861478 
90 -0.00012453277298590354 -1.2183696392651268e-05 -0.003999577745932887 -0.00012928238211810147 9.686750911029287e-05 0.00014057103133523175 0.2883492381514326 -0.15588152011362844 0.19593530497248315 0.3918822235022722 0.30047861909293444 -0.19378851571940423 
91 -1.3017669161307876e-05 0.0017453746951172516 -0.01949009063578525 0.3324010161690211 0.44744427376798557 0.5698462220565599 0.3554394832227969 1.004390712733382 0.4132113751551078 1.327606406441255 0.38535317757062676 1.437925771677575 
92 3.634307887273224e-05 -0.018119209024027756 -0.0014783802560962046 -0.08652021927234176 0.0018996516426469223 -0.12286240010415395 0.31749243958037404 -0.48845222097020086 -0.46089423345315106 -1.550903223462036 -1.4821845207915312 -1.5519898721095535 
93 2.9168317071025444e-05 3.635893143102136e-05 -1.2605863183544758e-05 1.2607072703284434e-05 0.0204469300431972 0.9776807384356139 -0.37075101934056615 1.5468955724230546 -0.007459738130186251 1.2975563217712947 1.4687252441830145 1.4730291873439274 
94 6.682592635882321e-05 0.001391962632242403 0.0007529941681416064 0.0030066549306473752 0.0013355164659722592 0.006106056725493998 0.006488420092713061 0.47302802304600206 -0.019046612259576826 0.40091766736203915 -0.0033818777260037226 0.3076647948988411 
95 1.708880505520585e-05 6.962991040247199e-06 -0.059553622483651814 -0.029739928152392563 0.003888833702187338 -0.000665740325950927 -0.03829279029066043 -0.017047923202653154 0.026112668717141345 -0.20095553287307427 -0.48681119299454034 1.5275413547298833 
96 1.0977818537729777e-05 -2.1560631570543195e-05 2.0066769295995458e-05 3.221052521192076e-05 1.229211379198637 0.5756378595664325 1.099554604463554 0.9694180308970202 1.5099474676711095 1.5425320884725973 1.8737423337585046 -0.06431674259268942 
97 2.6333247693834732e-05 0.00011811171350283752 -0.00628708550490287 0.1534296077480465 -0.41051346275895284 -0.07282864365464826 -1.3664629761581892 -0.7240216803206418 -1.3622494411293302 -0.4503881197290801 -0.8606028665378668 -0.4709581690054392 
98 1.202147679098015e-08 0.00016023655268472239 -0.005994940500890056 -0.0025511075471215386 -0.01179263342473795 -0.6435479495952653 -0.2102674804591501 -1.374862179102254 0.02997241776120162 -1.594565659678313 0.0677499574418341 -1.8778312107630373 
99 4.723523579906608e-05 -2.4441339427093432e-05 0.005194924190584785 0.19888134387540243 -0.300712587949486 0.5698458199022829 -0.6389815369556905 0.5800757532183766 -0.5239679576592239 0.020655840539058574 -0.1304595587938791 -0.08704374623300078 
100 -3.978838305749831e-06 -8.544539269874981e-06 0.0007755301141316523 0.0036481541074082115 -0.5399077175253456 0.6534869854756097 -0.761636768584953 0.8618120876410158 -0.9767573629273492 1.1285743056761235 -1.210934862929604 1.3442594292018704 
101 -1.0761003113567698e-06 -9.808514532063088e-06 1.630338292843649e-06 -9.750557279648285e-06 8.14096148348287e-06 -3.828372690103899e-05 0.0016439379508372386 -0.18609611884790048 0.005264997444678258 -0.28146002257258734 -0.05996660039892273 -0.5108900490293898 
102 7.14519284964902e-05 1.532519257408513e-05 0.5169749760401069 0.41141795364899353 1.110476382308948 1.0942033707596672 0.6601236260028541 1.5412298117679633 -0.474950466121966 -1.5723967492167559 -0.35732247744237106 -1.734548475471604 
103 7.245100878434585e-06 9.204439591165527e-06 8.336880571728554e-06 -1.6696572174340786e-05 0.004592856857223413 0.25720811588586723 -0.025978385143962914 1.2961715617412515 -1.0339589635879258 1.4666453452489008 -1.6066275574539046 0.35231810540787784 
104 -7.597351368786222e-05 4.72386018083353e-05 3.958668825132049e-05 0.00014383189407484007 0.0013621281871367711 0.005396241963367468 0.0005783288574299693 0.00037039421152268464 0.005422537340959421 0.005775543484509899 -0.008035565459666985 0.10684898440029761 
105 -1.981884978950275e-05 -2.2674923402785767e-05 0.00011612638553128304 -7.570448137667235e-05 -0.0030793151733907458 0.009042219859860267 0.006468649988713944 0.005931696485752577 0.015119354824164504 0.003848627775091148 -0.004545712398798365 0.001279990028312047 
106 8.183938559775075e-05 -0.0011068395533835613 -0.0010565221820871109 0.0007188788038744397 -0.00239420020772885 0.0019254964681769517 0.8587388551023513 -0.7897246119263962 2.57920945768035 -0.4451275622352099 3.299693833476403 -1.9303463856655165 
107 2.6985564302009028e-05 2.622930257163145e-05 0.0007493721477785189 -0.0009262076777021193 -0.0003024393531035389 -0.0009757982919807572 0.009679271237585985 0.006998783673685359 0.404749508797564 0.2731931779456865 0.07779249407932083 -0.7683944043389527 
108 -0.0001580236288994431 0.0004330260159124148 -0.0004843067893743176 -0.0007115351952895773 -0.01437766874230265 -0.0011286859780197068 -0.2794621580686224 0.2047485864003454 -0.257641772830799 0.0330519964487453 -0.010043714653968408 -0.003847425382464524 
109 -0.00011577507304214913 -0.0004659830954175087 -0.4856051620099339 -0.1660919497630893 0.17490495738729664 0.1978177594226156 0.2633336543887754 -1.9390244838338102 -1.5568326095895288 -0.6949808054310906 -1.5333250199732622 -1.1469004552908868 
110 -8.816215077865462e-06 8.54950727588843e-05 -0.51919091412814 -0.3676143564379385 -1.7872203679387957 0.6516030951484585 -2.3977958735498537 1.5431952884162192 -4.407703143546333 0.2938188011675818 -1.8752986277585777 1.6153195085138403 
111 0.000270467214421371 4.944565979363008e-05 0.00031345918809453255 0.000291223903698679 -2.579056282446329 0.0005282898285692279 -0.741787446728718 0.5883030768355489 -0.05598914102928737 1.2422164492207226 -0.03854191349140578 1.3541983032948328 
112 0.39459853144835544 2.5975266330843746e-05 5.458656996006407e-06 0.2532078953711082 -0.15685692818216151 1.0272441693053511 -0.7158533255494707 1.6223789247550162 0.04230787994615649 1.7708465490469436 0.21017546565372136 1.5790540450680848 
113 -5.231786745677982e-06 6.007914355333489e-05 -0.000635303904224386 -0.00019533129624808604 0.007828916021078769 0.005159940285711335 -0.030034945342959217 0.01737231454351998 0.016273652841416127 -0.7358439946756236 -0.026243265791633552 -1.1660867850009358 
114 -4.430530138194294e-05 5.835428424976615e-05 -0.00013744240799171367 -0.00016156557849212602 -0.005479668856655324 0.8078390597543051 -0.04267320850955598 0.9774159467948967 -0.00017885241221943227 0.6567529537668817 0.024472462020542523 -0.20272129767887848 
115 -4.608301783287983e-05 5.454604451182987e-05 2.1309614905330005e-05 5.259903446448169e-05 0.012693454903831093 0.012886302753253915 -0.6264409007839045 -0.27662059770129643 -0.6350774106674912 -0.14349195652751814 -0.1443278363697061 -0.7148885778699153 
116 6.304400129942639e-06 -0.03510774033189675 -0.05493938223365669 -0.9117508085961997 -0.11052510241639697 -1.3887831395621244 0.08511620279677401 -0.482397419310333 0.3226301703576756 -2.914512659325689 -0.9322468858932162 -1.700902283961209 
117 -4.011915983265234e-05 8.044812489823762e-06 0.011330054132528194 -9.684471539837187e-06 -0.004848110147471553 0.3558704799778901 -0.22049270675086918 1.5662568311601688 -0.2126287276745252 1.5830321705872508 -0.22579712504725613 1.6160305869264393 
118 -1.764171063268199e-05 9.001869094482484e-06 -0.00014276321264736452 2.3272163188511732e-05 0.14634662990442232 0.30289765676802105 0.2943155294689834 -0.4855759841018091 0.0008678450822252688 0.3738805226438367 -0.2711155695105559 -0.29450137385096337 
119 -3.892277198456362e-05 -2.96788831639386e-05 0.9476251508645603 -0.07481547266762995 2.2559902930032667 -0.219570048958001 1.7158618919294486 -0.9838928200697545 1.0446090272586137 -0.4379256880148586 -0.26719871760526254 -0.29569143993925523 
120 4.099240583391373e-06 4.2621049968884056e-05 -4.4308523611478174e-05 -5.590238091851095e-05 -0.0003530759666305219 -0.0019770113311947863 -0.0608843765155584 -0.39848471902006005 0.04612790176622157 1.4021271936963815 -0.010678941024929037 0.759739223348795 
121 -0.00012520537322276704 -8.418298755700835e-06 0.5618320972971977 0.1421980741688423 0.5398800677123116 1.1702750538977935 0.46827053199721747 1.7614518512803163 0.8585062373096087 2.246835347304573 1.3158483786508948 2.598510799545804 
122 -5.592989123515378e-06 2.562015482273288e-06 1.6585405592320486e-06 -1.6069101240806487e-05 0.0004558003205825446 0.0010841735727315637 0.09842471098853502 -0.27099807990544195 0.00757825318168341 0.10798210044441947 0.20346538310880627 -0.02933444641079729 
123 8.43157727088114e-06 0.03362264125381293 -1.9942636859096543e-05 -0.05588096732116382 0.17249679856079744 0.12338631942881091 -0.8933085543177284 -0.24104425836116655 -2.6364351733965576 -1.556015821649841 -3.1160136185042075 -1.3489369240685847 
124 -0.006917111360024985 0.0009363792780321518 -0.7057884912602274 -0.31122323999009555 -0.9939291958413451 -0.7916375635378612 -1.1678799478273274 -1.2713704791646536 -1.1571562112658902 -1.7008714191764018 -1.430651823718347 -1.999149323436533 
125 0.010523053239201559 0.0006237351707696256 -1.6795365564452949 -0.005892952674984078 -2.0399797667402093 0.12080425129803665 -1.881210703095325 0.6533524716735306 -1.3681577527481783 0.9994374324090247 -1.4533981530826086 1.6623415743702965 
126 0.0011990251222945244 -2.1098042640143597e-06 0.47251038359907543 0.00037300378253865124 0.9643522438847781 0.24512411981753643 1.5595755085438097 0.025800214561667117 1.6493977463037353 -0.1446887236245458 1.596716025048205 -0.6215406757269324 
127 3.6380485109469605e-06 -3.432142928194054e-05 -4.287341502851983e-06 0.44217073990526473 -0.017492933510367775 0.22517933918074107 0.1667797629699676 0.5838952872453297 0.08792285887573068 0.6660445987433812 0.14963830829389135 1.6016764141630264 
128 0.006000864454883795 -0.00014306835366805935 0.9998171855642591 0.2642137629347432 1.2778696801428162 -1.1353560051453502 0.2853493590721547 -1.2799638039310417 0.045230195183549884 -1.5735451147790926 -0.027096642686503712 -1.5648225605585488 
129 0.00011289848533000549 6.812328201017422e-05 -3.072398632372554e-05 2.5333756826445992e-05 0.003183561403395091 -0.003954330931354855 -0.007743752706396395 0.002043701367954824 -0.0016775752638816474 -0.0012250020779961332 0.5464256545328947 -1.5788794339365693 
130 -4.352962956241448e-06 9.022747589250758e-06 -0.0009407492487944937 -0.0005681447824347864 0.00041533050756131014 0.0008701848480288444 -0.07298122635331916 0.3943668157729751 -0.6166316603919827 -0.1899299278624466 -1.2323834945388121 0.3503983924258193 
131 6.4514643065500716e-06 1.9264956828851177e-05 -0.004537737750145848 -0.006532990943517537 -3.0761576670516324 0.19076261298184313 -0.4914688040062108 -0.5010151547515641 -1.0642587611763752 -1.1694796812306436 -1.2201775181912122 -1.1400455218512393 
132 2.530473161567492e-06 -8.763053329169932e-05 -0.0004380905140331874 -0.31266827173849115 -0.19394217402049355 -1.1358939005314383 -0.3684349259109054 -1.4800962897808745 -0.8983477658918787 -1.8808384305716195 -0.1719732128251091 -3.0046574737874443 
133 7.750074804347956e-06 -1.6960710939335824e-05 -0.0010917666434166235 0.005573215179745768 0.0013149962336816401 -0.055236179746118455 -0.046048791540619596 0.0824709583787247 -0.00021345894745224044 -0.10148059230950768 -0.4479747141407506 0.13081253997292122 
134 8.388486504673831e-05 -6.082568521341388e-05 -0.02926471470021339 1.5917322221871195 1.1665779661686841 1.5714901199635625 1.7722808043341678 1.5385340437376607 1.4138539059904824 1.6082142505384056 1.7237541153875888 1.221753160774449 
135 4.514765719579673e-06 8.56872332604401e-07 2.607032116440085e-05 -0.0005950058832839561 0.00029405723704733626 0.076122158528037 0.004415191637057066 0.5604792625933487 -0.44077378093477904 1.5580437615355855 -0.017825266844791438 -2.573182193696756 
136 -5.594040486891557e-05 0.00018916965523368907 0.00020270331535247058 -6.958543342550907e-06 0.04828484857008497 -0.07017917586485119 0.0891385922481923 1.179130250499854 -0.15962587864295938 2.019010562256927 -1.6148225154910503 1.6494981572278993 
137 -0.002661891164660396 0.0005615776488375973 -4.155449600106664e-07 -4.420940286423347e-05 -0.5940436259442249 -0.5483114209888255 -1.6871553532435033 -0.481330871760881 -2.1104604389716735 -0.33722664203369257 -3.120036646438887 0.12754395080354552 
138 -8.265197436546453e-06 -1.2308272604934546e-05 -1.7028298759005423e-05 -0.00021090400506143314 -0.0019519054603103522 0.0017922165178377186 0.17925400298731156 -0.1472775726944563 -0.1839371836681116 -0.36077608378324744 -0.8440778091151214 -0.38014989680813555 
139 -0.0009713964094856704 0.0017756216969234558 -0.62042174166727 0.08436563494208704 -1.4353522113111454 0.11711408169210191 -1.9277715513968416 -0.7907462146454456 -2.231005371267779 -1.2767576342491016 -1.4879307056184088 -1.6741312790599336 
140 -0.00036017081028777166 -0.0003841103338563793 -0.0076318181592317956 -0.0027003416560338975 -0.33881829946490283 -0.7437274971102785 -0.6495602929121707 -1.4467736097374675 0.16260254588259593 0.11992059238609513 -1.5661859487483556 0.5345815719844833 
141 -1.3121272015825323e-05 1.8605804979331374e-05 -0.0001768274577831548 -0.946195980126505 -0.001956394408863257 -2.1157528674878385 0.2524372853664687 -1.7573215751755284 0.36895193119455516 -1.4028742767578046 0.6429664121355362 -1.5167244785313072 
142 4.284687071386097e-06 6.338842447865221e-06 -0.003032096984440279 0.002120067154776884 -0.001928781401311195 0.004675946658681683 -0.0073229869646878635 -0.0033911143842257708 -0.005567788857319291 0.003014490552582038 0.013886681608705717 0.004528540352885132 
143 -0.013540884969025608 -7.589560700402354e-06 -1.118422549378747 -0.2158152172251091 -1.6434287027056087 -0.08757382841254935 -1.6522217001013932 0.3702038254540445 -2.206477822208718 0.7129651541469694 -4.6809091553182824 -0.002977584956131849 
144 -1.5622759582196957e-06 2.001120474834835e-05 0.002525417346851806 -0.005252396605950864 -0.003399126683051359 0.016765665233966894 -0.0014543226789885755 -0.0061564647516964615 0.007916576858327605 0.016082703330833885 -0.002358295527583896 -0.6064302498074747 
145 1.2736139815058932e-05 7.692261538875999e-06 -0.011997120921611079 -1.5429814113294957 -0.00021556283304417778 -0.6769903991462941 0.015060424906185876 -2.1737140565000517 0.5014914783130522 -2.2148258066012647 -0.22838821490745406 -0.017736164583867765 
146 2.6738030153178694e-05 4.705708943951208e-05 -8.566821824453099e-05 -9.763596525790012e-06 -2.296885398953354 0.035963674143871506 -2.2050925035408873 -0.002138562318303055 -2.1689088888702632 -0.0033096498485434772 -1.5317348286392312 -2.6520791572163094 
147 8.686308641886828e-05 -3.992637985690637e-05 5.6870291983716545e-06 6.9682078782683295e-06 0.0029226806483711905 0.0396760745398665 1.461455942073326e-05 -1.1541323050537746 -0.3172201353716551 -1.5530386476008509 0.9899568324080574 -1.5175535427843243 
148 0.0005177690468628055 0.0005347518691263319 -0.0016885803219949327 0.016869962364475376 -0.006728425340261933 -0.02564918812804288 -0.001024643065529658 0.00412150140393852 0.007539092320951447 -0.8230993751555361 0.7402969627095806 -1.0382445105980225 
149 2.671412181803448e-06 0.00024456575553477664 -0.00010235791075365806 0.061426392500009905 0.055833405458004415 -2.031282074086305 0.9162899681167237 -2.1846761246161033 1.3512113149489346 -2.8644889251860564 -0.04117718022657028 -0.4559412947475714 
150 -0.0008366442857533872 0.001625894490702935 -0.002703057895857057 -0.0021649710609872377 -1.1128315427611477 0.08326885360999547 -1.7829939746369932 -0.2547132308720117 -1.5092045871213426 -3.171409067934594 -2.036255216436476 -1.7162271742097288 
151 7.939073734937259e-06 1.95657678499472e-05 -3.5071510256467628e-06 1.2571886806001793e-05 0.44047771975776107 -0.4916990052274551 -0.5985230062641039 1.0599801404337348 -1.2682644269176606 1.4925978607349308 -2.3191889905152916 1.6318157386973853 
152 5.7817625554973184e-05 -0.00018699592239657738 -2.3476997498804194e-06 -1.2151946810533714e-05 -0.00043797126887407697 0.00254863896943953 -0.010295352606651062 0.003957121492037027 0.3029628859680648 -0.467456870948754 -0.011109502225477252 -0.0004990717517053315 
153 4.68948205035034e-05 1.0680457207576858e-05 -0.1103844764588691 -0.023185498667028907 -0.00018067688430303873 9.404220672593224e-05 -0.002859158208376137 -0.0379170539306883 0.0017900983402367753 -0.016149517128308363 1.2545291776421958 2.5131674749538306 
154 1.1259982524314543e-06 4.490249361524679e-05 0.00023427943789900183 -0.3861678728827822 0.7693043621069667 -1.7244826403663218 0.5341024923989824 -1.983672462064059 0.13004745951836894 -2.5949847281810876 0.06458260824599739 -4.1458803429411955 
155 -6.606307537962235e-06 1.1636180579127927e-06 -1.4481551688138199e-05 2.844936082986107e-05 0.005922762328596777 -0.017902734814849993 0.006009966988115289 -0.05323379946142555 -0.11986254358915936 0.404494347265406 0.0029815269501135278 0.00020105388210959509 
156 1.234224237575051e-05 8.334561552118753e-06 0.002495434107286608 -0.0023108202123195165 -0.004659067203438112 0.0041864005125784864 -0.014465593290625212 0.0014389761709429146 -0.022592471666499494 -0.01115010719392639 0.0001907051723304381 -0.17120779218890203 
157 -4.356433041058211e-06 -1.9950925833547497e-06 2.97283112393951e-05 5.716183985842028e-05 -0.00037931925803996096 -0.00035788377867941227 0.0014194746512248908 0.003044255415100891 0.009950894582388216 0.004574889346279185 -0.007272997928597016 0.0006162949743193941 
158 -0.10622471352241973 -0.15178441821424624 -0.1881742142908573 -0.9981746319772381 -0.16158214012773023 -1.0408947280860152 0.0010134773845835202 -1.062594476664969 -0.10882304159200722 -1.272023210654837 -0.2164486171516954 -1.4327182401288343 
159 9.186614333379218e-06 -4.378929792330739e-06 -0.00016194792564951888 6.916121629799708e-05 0.004013598870915061 -6.942832319560414e-05 0.011101761747247462 -0.0042512925245074135 -0.02745327587603946 0.009744673306768639 0.002318837665896507 0.0012919931030742015 
160 0.0006361456708369596 -0.0006586869723675081 -0.1920485296391924 0.38337860414141073 -0.5075585564662373 0.8039348475270446 -0.9652552297461927 0.899653329127589 -0.007102438016662985 -0.0005139886785445239 0.08362856447177085 -0.5430394985305118 
161 2.2143492579572042e-05 -1.0150514962790664e-05 -0.0007408731962664551 0.0011814415289427768 -0.00184590484424885 -0.02418156892848856 0.035538235202678826 0.2795081208626171 0.47108511014587784 0.7032840843590039 0.27654848212962924 1.033347830570876 
162 2.14646175548143e-05 1.1380185105700193 3.224625784060109e-05 1.1150205282528776 -0.00017530046915390494 0.08725986773602734 -0.45230874153704065 -0.3084086168985129 0.06481060499450991 -0.36860178787170683 -1.162530467740783 1.5507573901863094 
163 4.571492771455983e-06 -8.32658659309375e-06 0.00043732922386946433 0.001511512187557673 -0.06529942986598061 0.5631138606686842 -0.26043995860611713 0.2435160510565572 -0.002825164060581368 -0.23224212222388962 0.014779249289843201 0.38883303295568455 
164 -8.530019991344584e-05 0.0016209288291150644 -1.53765289415435e-05 -1.2076008646396786e-05 3.9482201336933297e-05 -9.646334449878156e-06 -0.0004208055920754492 0.0019811944471540763 -0.00010676698056158137 -0.0011098855968462566 1.5383267683635182 -0.010693714729496245 
165 -0.012466328227551293 -0.044055043939261115 -0.001996467217454645 0.0010621499448672754 -0.007339919989975326 0.007207545772178929 0.01595449528236678 0.0024313278913698326 0.16704195374329822 0.02950848059295014 0.01934487780228079 -0.017064857575581113 
166 2.055609463108591e-06 -6.786133345139422e-06 -4.9880655096213844e-05 3.859999613671298e-05 9.65967461216688e-05 -0.0017995571176478075 -0.004071335754078082 -0.002279369082782332 0.012102190679871944 0.00196299893880832 -0.0070018718032686745 -0.02360394112882321 
167 -9.139727494385058e-06 9.230518953368469e-05 0.0014593295031645325 -0.0017030691305956417 -0.24369834715991615 0.7825963462631946 -0.8667366597037651 0.2667661933980869 -0.0007599469675717747 -0.008447241492870863 -0.5104555001004994 0.7816358705361592 
168 0.00012497470157563052 0.00031329358639030185 -5.627789070145636e-06 0.12435940343900015 0.04847034691514798 -0.4461120508998906 -0.2476565267597681 -0.4330090221428994 -0.43672002812335736 -0.4039569069484475 -0.4198235984447267 -0.5713204593306748 
169 6.168475906192113e-05 -5.185044061037169e-05 -0.30728969203123474 -0.019622117780782433 -0.6447466817961698 -0.044833780763611907 -0.0733336948980872 -0.7815400954364381 0.029194956230176296 -1.1386643395437128 -0.3093031137723422 -1.6101355994118518 
170 -0.00021763841755400941 7.599146663589363e-05 0.02542218253521509 0.01103831245966018 -0.000866351468422142 0.4568158161024965 -0.03137818817015708 -1.5159190306488741 -0.020393212137415108 -1.3617631278921358 -0.24247216461608512 -1.3413233132923117 
171 0.0038590014099115335 0.004089998435246163 -0.00030038243132244214 0.0002426153018672131 0.26871209546577257 0.3116897323927775 -0.06571000035127388 0.7826511890224432 -0.058771515287936976 1.24422042551612 0.681135589816068 1.7467504846787778 
172 -2.1605071804815936e-05 -1.8921357204315793e-05 -2.131686653456818e-05 -3.360661555385188e-06 -0.00018921265449703978 -0.000676693617011098 0.02528757660979114 0.16278156509971053 0.08122674017836738 -0.6950013203008775 -0.6650977626875352 -1.6712286935519316 
173 1.140224547671737e-05 1.91003664813807e-05 -0.5435122549676114 0.010962625924647142 -1.5229475452870287 0.3468117325342993 -1.5603330934522037 -0.07577283704201489 -2.2627707536801007 -1.2856015718943676 -1.8354851656629694 -3.6282220685451265 
174 4.771547145873685e-06 -1.4507032687363982e-05 -0.007901181830407075 0.09882471015086436 -0.09465987410062926 -0.016992285742810594 0.2252938996483278 -0.14624422937448528 -3.9166178595985966e-05 0.00018869816581774598 -0.674599614660435 0.4954548984182767 
175 -0.004100766725924233 -0.009202341222542659 -0.0025673331393342184 -0.0025348827106471405 -0.007934482374585897 -0.016372782794083746 0.16324323123292683 -0.2058932040377426 0.015413032146220858 -0.19838713749779693 -0.050074852903593634 0.19966717956543473 
176 -0.001210911017484122 0.0017418813294469758 -0.0035332189942271653 -0.0009188069657181629 0.004867301557381643 0.03360514200638325 -0.01626332528458156 0.35363731200941395 -0.002083897466230818 0.1305171557525258 0.10843712626765488 1.3337931807523478 
177 5.218843268514607e-06 -8.715699550259063e-05 -1.1072798609677898e-05 -0.5478855850506535 0.03938727823694683 -1.0083712726607652 -0.07357855048162393 -1.6624230747640238 0.0034613040014762567 -2.681614281043497 -0.5048797502036722 -3.8126303441813336 
178 3.694943401777608e-06 0.20030088582402544 3.8294992914587596e-05 -1.256942901159897 -0.1602289796447974 -1.5103374675735 -0.16430505643178103 -0.7797420727113796 -1.382346726893912 -0.015732199152983118 -1.3750878114252207 -0.13267187248366244 
179 0.004692778654475747 0.0002287515895924844 0.6204536899187979 0.2409700589521425 2.3733486108605386 -0.8601244428898469 1.6315535903023493 3.0058748581410746 1.7464633067474 2.792723674670795 1.6134029120721889 2.567625835895748 
180 0.5695388120644627 0.07550313860321209 0.5274810537159049 0.04884167022678645 0.7548694392270008 -0.002033337835713512 1.195634460932286 -0.05976001017404437 1.5205144260277215 -0.03274519459333967 0.7700882722103892 -0.9488691371569228 
181 6.38198047051164e-07 -5.14805697099308e-06 0.0006056478399103312 -0.0003069749864938187 0.00023607353915662836 0.0008726014148311648 -0.22167470796189476 -0.2738445041589403 0.008677368503899536 0.007598253559231078 -0.0003500077914506695 -0.0003410151801118501 
182 -8.524628475449595e-06 1.9761545690971227e-05 -0.0009504829931404693 -0.0006865675672847549 -0.5326645637741347 -1.563317221994516 -0.7834707671301967 -1.7880790092245205 -1.3036030780290733 -1.597233664794663 -0.12920718138747236 -1.544310724990487 
183 4.3584599743733905e-05 -1.4491959569490605e-05 -7.279754984713111e-07 4.676789359219401e-06 3.2674980156073067e-06 1.2238321577878015e-05 0.00039372880035341634 0.0010758167492911938 0.000913338545503803 -0.40925997173955897 0.008259950406107839 -0.04731437461102947 
184 -4.280542485968549e-05 2.3163937089266134e-05 0.011396939615957578 -0.44738472546129426 0.2917576262268008 -1.4839354995948386 1.1432181053331352 -1.8147444724975532 1.7512775563407068 -1.1522842649167375 2.003923836703915 -1.5290627840182198 
185 2.0884151859465248e-05 -0.3823656268999277 -0.23161067357834408 -0.8183008910945788 -0.6246716251786114 -1.2387355498494932 -0.7544605107901974 -1.5812008701100408 -0.40251754026853126 -1.493355109130952 -0.5846709804105108 -1.5871234481881429 
186 -2.5136300482782636e-05 2.4567089780886403e-05 -2.3542621776039438e-05 0.06217413292224612 -1.1591587401743688 -0.27077252463277524 -1.7067532209173728 0.22395253752474434 -2.4193334153346524 1.2417614473745568 -3.5221976246120814 1.5475085925869716 
187 0.00036209888999764794 -0.0003493957951258012 0.008537171567686071 0.02497928396177234 1.273723001377831 -1.2131932632508926 1.5094311170448296 -1.9451311468850516 2.1997143345544887 -1.5942162715184205 3.4243836065175146 -1.6023676481403455 
188 -0.000583972264992155 -0.00030100371041794137 7.266835166365023e-05 -0.0022139269548383774 -0.000109075044753007 -0.0028164141380975106 0.0005610927841134771 -0.29825165850127816 0.013927502847611005 -0.5515928368113158 -0.018535952588954015 -0.8793019730748889 
189 -0.00015173048021896462 -0.000504230574323879 -2.8944931072075863e-06 1.287755199204751e-05 -0.38988478392871523 0.1817348860626051 -1.156194752094395 0.019726003265169326 -1.7402555066573158 0.06514533712385337 -1.7372059277760161 0.14905231026155993 
190 8.775287475282489e-05 0.00031106468289680676 0.003245088066319453 -0.006021583340101744 0.05113941300189768 -0.17503691694268314 0.05345113053549542 -0.31517346306550126 -0.4922317838487117 0.405986486738004 -1.4676376951786039 0.3306948330656581 
191 -1.4029101280599622e-05 -1.196103855256811e-06 0.0015820849147262356 0.0005980498598745696 -0.006097147017581283 -0.0003682033986746004 -0.0019482408344254503 -0.0007748075121128324 -0.0012573666427885479 0.0008913047558698896 0.0021235005153835617 0.07735767137453332 
192 -0.001395016326373109 -0.02292758928422875 0.03727155488808341 -0.009371693990168217 -1.0170560217771814 -0.05870010670654842 -1.5659835159745017 -0.0045227444087190555 -2.3686808529911136 0.44613161801862294 -2.6491551847014154 0.7344479771711886 
193 -6.841607726053616e-06 -2.404528495049477e-05 -6.770141397431357e-07 -2.5690035484822945e-05 4.603596495000164e-06 -0.252964317935446 -0.0005380090809000776 -0.9411676334005924 -0.030592154212727377 -1.2730566659799505 0.6019307120372784 -1.5471693952130212 
194 6.839094769922448e-06 2.1124921468737116e-05 -0.15652192210422133 0.27023832501087713 -0.4772056254966605 0.6823848556486743 -1.6896840125260364 0.7187102203219472 -2.7390637099921125 1.2888061334803815 -3.1009278346617144 1.565794538078975 
195 -7.474867598437802e-06 -1.7315133766839622e-05 -1.3500065605622925e-05 8.679942471336489e-06 0.0025426393188663615 -0.015664124120696163 0.002294564201810602 -0.0008582027113861177 -0.11763781877632287 -0.9716057224310065 -0.4195645692591805 -1.3995616867761451 
196 -7.450435353397783e-05 9.126777988673896e-05 -9.372159883122666e-06 -9.803314947405294e-06 0.009961648351999952 -0.533271759081145 0.025976027923618087 -0.625318833916771 0.08931896452292247 -1.6623113500830515 0.003331150852070492 -4.4155235894212925 
197 9.16059287215528e-06 1.6699183208038283e-05 -0.0054045347835613294 0.43818778845323786 -0.005349186736060252 0.19659608707856474 0.0007019228288105779 -0.04022191983491227 0.005360086490113812 -0.23852595127981666 0.027773975336189576 -0.6546996957180092 
198 -1.763322422142662e-05 2.755820531197205e-05 0.00024204216646920413 0.00013815233824118032 -0.31942344810208373 -0.5955900114188654 -1.5718892365116643 -0.008190661638570743 -1.8674217306211787 1.0232123433779796 -1.0907127598518904 -0.17076345286447708 
199 -1.2213658137468663e-06 -9.181908758327259e-06 -1.3552261242320718e-06 3.9068916039823676e-07 -2.6432356440974213e-05 1.67400125777609e-05 -0.3561322976717947 0.778801581178718 -0.5533121143875834 1.050058595476052 -0.2824290877767945 0.8904355221212572 
