0 -5.607217439249073 -5.603444399296029 -5.594842858826422 -5.587357143840286 -6.080891993863746 -3.3940274646391737 -6.15230382703539 -6.643112849799746 -5.844113578163005 -5.254735996405755 -6.2297891852322 
1 -6.346222801933894 -6.271726909243638 -6.4863072212803266 -6.499196366039412 -5.761892516859554 -5.827595221533486 -7.070743824735238 -5.909232233516033 -6.636676120522393 -5.922964820005262 -6.94488584132637 
2 -4.101909322019178 -5.139770259920466 -6.949826918089178 -6.40727121709316 -5.1068484625712856 -4.663885342125103 -5.988189199883649 -6.256012852592965 -5.499401798343551 -6.038760742966719 -6.262846427600314 
3 -3.2138048947696034 -5.17168435772809 -5.96324496412282 -5.747181735457493 -5.336461054390395 -5.837120864174454 -6.836943278498885 -6.091363384140168 -6.789172349970254 -6.393439474757267 -3.1268770038674694 
4 -5.843976822928717 -6.22012111888546 -6.224178801443915 -6.082057536043037 -6.0963949460375675 -6.083551435211303 -6.053095187348685 -6.219517159407938 -6.320978638167275 -5.781122277514911 -5.786995163508697 
5 -5.3894456596290246 -5.313175268325875 -6.437377412041019 -6.10982511979036 -6.083804727761132 -6.154690273213156 -6.4786487149701015 -7.045191446061941 -6.518032376963845 -6.845496773667186 -6.784283401781479 
6 -4.728627094633126 -5.374957722829341 -5.359073425739026 -5.359537670240658 -5.358620001492832 -5.362252938166106 -6.123162865411031 -4.995712397493247 -6.34825316772246 -6.044936285581724 -4.396135069265042 
7 -5.345335173315589 -5.367634124677075 -5.342891968596376 -5.693752233258438 -5.692339103730833 -5.712578322657891 -5.549029133188124 -5.821440153274384 -5.868710124457199 -6.471083105813743 -6.1648743318947075 
8 -4.79800781815868 -5.890171265331213 -6.746255602476653 -5.880310083135782 -5.98867023820247 -5.9475281788151335 -5.898716036112585 -6.379266853610777 -5.790196445393933 -5.760015594618046 -5.231227045125143 
9 -5.719375785332708 -5.589952529716984 -5.3296458660353885 -6.882915135150784 -5.968073739911503 -5.978190046365264 -6.575043171438778 -6.488275036468236 -6.65042349623586 -6.473711588635885 -6.128006237927673 
10 -6.381956723678767 -6.508753482440896 -5.529310055384703 -5.360321436586622 -5.592155526779351 -5.679886707831593 -6.02142282615282 -5.449099218744169 -6.700202347445728 -5.883279861081419 -6.203424031602644 
11 -5.862138028709711 -5.858284285374611 -5.86839651537693 -5.87287625644248 -5.810125627975845 -6.323259768092549 -3.866673320825357 -5.038850488291679 -5.979504602593292 -6.83456130311733 -5.85233296182711 
12 -5.205369344564554 -4.95855856138421 -4.942040866170167 -4.498288046996259 -4.507762480434368 -5.230443841872265 -5.341143700268771 -5.75135063681606 -6.11545170996959 -6.1268326933496535 -5.552612890494698 
13 -3.5804943371528006 -3.569971708621856 -5.687382921777263 -6.075304888276869 -6.0886851800673165 -5.71450399535182 -5.69406611685158 -5.686885854697167 -5.795521607640316 -6.211300642646943 -5.733939183958105 
14 -5.171351512584717 -5.163759712888718 -5.850396837487076 -6.247652359078413 -5.654947941064165 -6.997191392980795 -6.279963348007911 -6.840051681990099 -5.814213671337985 -6.029476614037478 -5.510816720229758 
15 -6.190366672286766 -6.19702885777818 -6.2005278738657745 -5.924498758715653 -6.025755415974307 -5.930040023046487 -5.941265863069087 -5.281835397985687 -6.328107565437591 -5.57350545020976 -6.7521047551161315 
16 -2.130359852351286 -6.4429899564936575 -1.6729606584722834 -1.6722011556123504 -6.509250494614084 -6.294678148484589 -6.736242342829512 -6.570867691935697 -6.756107071865007 -6.789517150814649 -6.583201537635896 
17 -2.935314114381569 -6.657457140945534 -4.882518044392025 -6.733396750943965 -6.733673886359266 -6.503778493335551 -5.652396507483565 -6.339429376792983 -6.361086600607871 -6.783870937330032 -6.84386757702848 
18 -6.006513803726558 -6.049192429319374 -6.045368391247317 -6.0442229975124935 -6.0508540776863065 -6.046645882323675 -6.046438638735721 -6.02558995740153 -5.76513811455864 -6.57311343972009 -6.039347912305576 
19 -2.2002114954119705 -5.680767827327174 -5.973617137024938 -2.337795509048271 -6.088089404864897 -5.594934232097192 -5.445329584905872 -5.185805243040846 -6.390693472265528 -6.279810742208317 -5.887165187041352 
20 -5.452400286803184 -5.54404504359517 -5.624119701510767 -5.632965813391512 -6.481282669612141 -5.770705999072541 -5.447076917787351 -1.849642811342965 -6.557793103490882 -6.8538183796548395 -6.23372081168403 
21 -6.692758552460302 -5.591398403776346 -6.699024317640041 -3.843987769003146 -6.583310554076128 -6.718616726396225 -6.901411508977022 -6.823701522494771 -6.357230101291386 -5.9058811232950434 -6.27671741574963 
22 -5.849138723947855 -5.651353160359915 -6.250458313556343 -7.1864970891330895 -5.908263468060502 -6.025617572388266 -6.196296971230843 -6.32458957665552 -6.139136357839312 -6.250716883055759 -6.539643414293042 
23 -5.797097003345152 -5.818545475974898 -5.6937874620081335 -5.898618320768642 -5.900582985657687 -5.895902371460717 -5.889926530964143 -5.639199151468399 -5.882645988353736 -6.082042111797552 -6.0253236774264805 
24 -5.975876195344716 -5.99357681877206 -5.9936772853955365 -5.996761662318273 -5.997898131117836 -5.059091513019823 -5.830633084712333 -5.7441096458413465 -5.064668641677501 -5.731238131545187 -5.950781509588486 
25 -6.303727954539617 -6.259620155568911 -6.257470608732028 -6.402847649489811 -6.511055609457534 -5.792431905133303 -6.507351222378929 -6.397154652699752 -6.39922774085471 -6.049911242645058 -6.2838625426100965 
26 -6.5195866054890645 -6.518772432627935 -6.209005472179624 -6.542443297423791 -6.519155801990137 -6.200970189807675 -1.634161194679412 -5.70539062953994 -6.450123435514345 -6.20788057328525 -6.630766021639107 
27 -6.56778444156469 -6.609851953267214 -6.86105266057635 -6.861856402766893 -6.825676837902819 -6.832546798502459 -6.827893369333938 -6.929766713838368 -6.8618128330976225 -7.014608622998559 -6.153078116886732 
28 -6.0419091392624695 -6.067829235168297 -6.059312966673936 -6.060466584634577 -6.533183479978779 -6.2084890809051405 -6.059700203365665 -6.866384321655049 -6.567408956705301 -6.676514055140838 -6.299271142697927 
29 -4.965628271273882 -4.701229127009968 -4.698523355128083 -1.6310799391134128 -6.321456720747362 -5.885146581587092 -6.32072475272554 -6.61422236330723 -1.8921747495983785 -6.766786309282019 -6.12126971789024 
30 -4.631319111929453 -5.674513711143543 -5.6574560776901395 -5.910790243193268 -5.4587034070103995 -6.652604586465112 -4.859388308495827 -5.550598543594498 -6.853936560064098 -6.611113191894909 -6.637098323117533 
31 -5.741393719697599 -5.8025725397346815 -5.803553691221788 -5.825675199204828 -5.858154148190409 -5.80850609062127 -5.986096827954126 -5.463037002436028 -5.306752168351955 -5.643209237702089 -6.022109553725817 
32 -6.286402840457175 -6.300349039927109 -5.814448893863653 -5.946792183997225 -5.519651616608551 -6.053838874621994 -5.793813036814444 -5.069956189308421 -6.09186072136285 -5.410471148109127 -6.5906736688772956 
33 -6.047179465170094 -6.063168881049215 -6.085172255851756 -6.0932267398747575 -6.077325690400103 -5.825000909640034 -7.336083586209328 -7.237868463880152 -6.385090014076801 -6.521310593203398 -6.443139977912279 
34 -5.73001753219804 -5.7644574902326084 -5.904596765646887 -6.591205807202731 -6.605060843674642 -5.6781020026660896 -5.9774406660110815 -5.5278900449365 -6.4415742372049305 -5.527590050662188 -6.1600546163243015 
35 -1.6840462021776517 -5.850209937385846 -5.732871081885615 -6.020731529875993 -6.229060960287606 -5.278725979549581 -5.936654974488701 -6.654489218469367 -6.872120795991739 -6.421923860463429 -6.123661788817259 
36 -6.122606648066839 -6.163155805530408 -6.369486244709652 -6.124260287855926 -6.163679283441032 -6.19881210691512 -6.4264209336590765 -6.288170029672048 -6.150170101706247 -6.676684511615818 -6.597818906673542 
37 -1.8233492100419186 -1.820797970125567 -6.536494225089656 -6.300320625319132 -6.28544618821832 -6.795618508366355 -6.171607903027084 -6.521050963877828 -6.572794960666177 -6.30956484956776 -5.1862161406586775 
38 -5.110104543837993 -5.119890102416394 -2.363975455415188 -1.5928201810486322 -6.688459577559459 -6.4679438516881405 -6.375900769075868 -5.958998381093105 -5.655904763504909 -5.576970283149747 -5.807242124112299 
39 -5.451087779628403 -5.607348026451344 -6.169951153197219 -3.9905739994816103 -4.057014424591508 -6.715989843050155 -5.943336720370965 -6.781369408738621 -5.249130494101591 -6.99485980450505 -6.584688679634224 
40 -6.216527939601803 -6.226893309919174 -6.228525802279004 -5.439764375023857 -5.313021007555986 -5.4096295616619035 -6.420346647714775 -5.380481174764262 -5.240361083841496 -6.1325409222836065 -6.695776718398761 
41 -1.0915201940073465 -6.016623917920763 -5.65397252321129 -6.536754228216136 -6.039315980200181 -6.536421065630192 -5.856810175611044 -1.3797652566767196 -6.324393336816769 -5.802570864420243 -6.2627191601373555 
42 -5.862008043267541 -5.8737955050776 -5.79601767292406 -5.799068946779834 -5.344216479143483 -5.679049386856382 -6.672348915368215 -6.284788973079181 -5.436748014883082 -5.661045169553708 -5.393087782909402 
43 -3.89063709803591 -3.893486689662111 -3.903330566452831 -5.641449754875043 -6.872030001422394 -6.2113063709302185 -4.408375536653922 -5.826364338691006 -6.4684777800644815 -6.390920999936585 -6.352419128732708 
44 -6.700262757937556 -6.701271453816472 -6.704021204076967 -6.720611552576645 -6.549851007624926 -6.324357727454845 -6.3248371101663485 -6.378549377777093 -6.485020786833854 -5.4520743056283765 -6.436426539699593 
45 -5.972162113449651 -6.4798573783590925 -6.450313699900667 -6.257613125193958 -6.254097952370859 -6.246664956993323 -6.783168433778912 -6.004669394684148 -6.6998672287513665 -6.367295936521371 -6.486356375175693 
46 -5.815309482044879 -5.813041844113847 -5.82445217991692 -6.2502277156699435 -5.985622318069916 -6.112735910871483 -5.544177234253574 -5.505489794405146 -5.489212978941351 -6.6640488651106 -6.465898599008257 
47 -5.837365289641769 -5.885813500394804 -5.90522128140793 -5.608834477300852 -6.050843517937585 -6.565787735864264 -5.3973096814771875 -5.407362358122715 -6.404400755644006 -5.691448086692813 -6.070846325274546 
48 -5.423813780965908 -5.417727231219567 -6.493114271366456 -7.306129901362467 -7.069798850972171 -6.679590185367813 -1.4291843896755254 -6.951369724540964 -5.219428368596025 -6.266773321423707 -5.848748302992956 
49 -1.117661872868158 -1.4069223086824736 -6.119504242719691 -1.5425750081299978 -5.856555452240228 -6.222877166412878 -5.887697047063491 -6.200035163939053 -6.703736260452833 -6.189397729986312 -6.266880000576114 
50 -5.5253618952897945 -5.507358990553977 -5.557220242464629 -5.611333029195542 -5.61911136336449 -6.077111720036538 -6.387649230558596 -7.087107062479112 -6.917604049157289 -7.237587353062454 -5.9987336863887 
51 -6.223404882339195 -4.834189329847437 -5.620168504524655 -5.352176803125748 -4.933965455129082 -6.91286562821608 -6.669959187312523 -6.149367026964657 -6.763609672721706 -5.710234148857359 -6.445904008299885 
52 -1.4354208003654674 -1.4408130468495675 -1.4338856235223763 -5.473069453382252 -6.418760134900708 -5.473327117007802 -5.361824207871678 -6.329984834822261 -6.740062985750292 -1.7186851659136486 -6.047633981894395 
53 -1.3411290240573115 -1.3190929960090416 -1.5850536563986704 -6.579833420523396 -6.285013767420648 -5.429965822346183 -6.596231623945525 -6.673011881323098 -5.879288299757772 -4.739242506112522 -5.607721247105884 
54 -5.821368649784535 -5.835075363535626 -6.006803534128716 -5.698704136192006 -5.638174258322225 -6.458219877361853 -5.907203783307235 -6.096350697405188 -5.977136971322869 -5.946595367235251 -5.767025521691478 
55 -1.2086149846867775 -1.3033841174032086 -1.2324557098176874 -5.962363633978761 -1.6742993359083067 -5.040293775806266 -5.770420468636925 -5.855452191278335 -5.8573607258579665 -5.657314083561913 -4.095102957522858 
56 -6.384087970788098 -5.878612575244272 -6.378423479784748 -5.428180246055244 -6.229454547376527 -1.4336124108878436 -5.5659700357528274 -6.009647978710182 -6.264574155676392 -5.846306889734884 -6.07029483561725 
57 -6.779110492986261 -6.789549501229248 -6.770791395765111 -6.7905989443895844 -6.602691305630092 -6.273937967835253 -6.0382693060178365 -6.679941794718737 -6.124457603751468 -6.608437749006521 -6.314393981997795 
58 -5.711819266522532 -5.331532609489584 -5.224944232185328 -6.204534571228406 -5.3739854691590265 -5.842414982331703 -5.71935662860997 -5.540255339808032 -6.167885903591423 -5.488239323572535 -5.2033713987195 
59 -6.047375703247376 -6.122659450042708 -6.156217408521224 -6.15811823216493 -6.995237220063536 -6.421104054702439 -7.048290468679177 -6.5238567105675545 -7.029787803347445 -6.684657320006942 -6.488427680116444 
60 -6.061220633429325 -6.070432453358161 -6.07964872334693 -6.062269663669616 -6.0807653749140735 -6.818363922426249 -6.28992850794126 -5.862899749362917 -7.0018553346378685 -5.864000595387019 -5.698665745637198 
61 -6.703782561076252 -6.606368017715245 -6.612347137035329 -5.657793017575759 -6.2570789829488085 -6.700776067690557 -5.737796108152897 -5.3297282749457935 -6.324822953625436 -5.81456239326284 -6.7486902270285505 
62 -4.859789224722342 -6.004199292383904 -6.0102298088878765 -5.877490679762394 -5.470129224039208 -5.406312747145189 -6.257440612841055 -5.832256882632116 -5.905482133824037 -5.631719763973716 -5.351473834854489 
63 -2.7796451496657797 -3.4862258201590084 -3.6154113635201623 -3.9018258581940186 -5.828615842991092 -3.9623036199593806 -6.570288465288293 -6.693955472747108 -6.168590824041746 -6.448777377179311 -5.994058073666908 
64 -4.568500660987431 -4.623648507175384 -4.578052422883978 -5.936118972364187 -6.138356791845293 -5.872098501975037 -6.0951302277021675 -6.435603461857486 -6.865417563924697 -5.756705195327941 -5.424367073811711 
65 -7.082950784312689 -6.559257143858563 -6.567430296382861 -6.373236825803274 -6.110707175114038 -6.091168311300495 -6.078268495032211 -6.116151952867921 -5.941014933972019 -7.124738694291284 -6.1554404811221675 
66 -1.5029324994795084 -1.4915271071647824 -1.5282900157062582 -1.504676180068077 -1.8711876274260926 -1.8757548789823557 -6.118857688217746 -5.745776264213054 -5.516944033624442 -6.188675434519072 -5.8292203373624965 
67 -5.894296187047046 -5.901043799749681 -5.97815658327896 -5.890577636578389 -6.017765584327028 -1.6242936359265743 -6.830631911107512 -6.060499204250112 -6.268295913007722 -6.729128518061829 -6.4394129667804645 
68 -3.9528727323930672 -3.9553896567308873 -3.9614899957628893 -3.9620053506936763 -3.955008959065247 -3.961590369526474 -5.8422639204248865 -5.857461914996226 -5.851934812031834 -5.8590857392072575 -5.354371680327272 
69 -6.628843344774806 -6.638935933613574 -6.032552390914438 -5.921361483714943 -6.092233359399755 -6.095623985910548 -6.258654889321435 -6.385420831537032 -6.43376736861995 -6.13846426805854 -6.5469987580117515 
70 -6.629169979332835 -6.609657463180783 -6.676437899984567 -6.672444340117212 -6.759991824299614 -6.7607107146821654 -6.760502726443349 -6.7586162029965715 -6.761804931118422 -6.782856645300438 -7.086321161053817 
71 -6.115519295690497 -6.119176793656028 -6.221092821564944 -5.08624707603223 -5.085688474499732 -6.216062872681011 -6.218246063149141 -6.492591611979964 -5.911884261991594 -6.132972221586938 -5.9865537342617925 
72 -6.5966592232774515 -6.712096111312405 -5.758636880849898 -5.520524024808757 -6.5942290862620805 -6.455370501654682 -6.5624910913240875 -5.95368020253429 -5.598980017027451 -6.713743146192241 -5.794678565568493 
73 -6.502636823346844 -6.609284458853305 -6.612228234197772 -6.818626227736924 -1.5927546606553984 -7.165758040004083 -6.504536142902673 -7.07796234577331 -4.728581730192971 -5.666523857370541 -5.675858028637387 
74 -5.432142057405378 -5.436109621516014 -1.719702377209382 -6.069272273370777 -5.903414782632016 -1.6072808784568593 -1.3691933232928883 -6.7135910359939075 -4.760057888344339 -5.9776065202386945 -6.689329751823745 
75 -6.41723597822132 -5.070169539921769 -6.113425507058993 -6.11619627787959 -6.10833016299943 -5.983785783695327 -6.37183064329501 -6.522389361302735 -5.805548423232407 -5.921733242604181 -5.719201458671293 
76 -4.164017579587025 -5.847918705242521 -5.848568898142005 -6.529149238993608 -5.0688691068302445 -5.907068428531706 -5.937490603297743 -6.868453002447996 -5.960330456141172 -5.68699618440583 -6.633116820441939 
77 -6.371579398164033 -6.264343419466618 -6.656077993422727 -5.663185183010748 -5.674499341799075 -5.3058955949494395 -5.394957987768347 -5.5496473733120935 -6.237102444637908 -5.603194860791974 -5.970630894266446 
78 -5.734673920820439 -5.739721481627612 -5.756785915915124 -5.7591250498914315 -5.6555374040949244 -6.683574505044915 -6.148252506538379 -6.684536248933303 -6.512707397732167 -6.15867077129098 -6.438635081877972 
79 -1.4410798345141793 -1.422108371670646 -1.5092994931983055 -1.4384425132711953 -5.484942172554281 -5.794545320669297 -6.059321461605629 -6.093868062052014 -4.81620920726419 -6.863492844425063 -6.462401023163535 
80 -5.901855440736009 -5.91012688652223 -6.704985346319273 -6.7035056762230525 -6.7048254435529255 -6.906711280329781 -6.978068493248162 -5.99609356221045 -5.985506380011332 -6.510831813705819 -5.8115863658029845 
81 -6.09743694958648 -6.581789498473836 -6.051550089992578 -6.1599619566551045 -6.202825767490654 -6.757565657385271 -6.2958338579818465 -6.139883828184227 -5.579413449524667 -5.2017252562816205 -4.9947882957763285 
82 -1.5248369967386732 -1.8863296326173986 -6.400644795725687 -5.9513807217974675 -5.830924555614486 -5.193548833286756 -5.830787755152845 -5.912477253746751 -6.22895972718476 -5.84443271781906 -6.291920693098425 
83 -3.30435757109255 -3.3124267046317266 -3.3126996302405725 -5.557654809551899 -5.533878110934418 -5.535706555310707 -5.677867391742945 -5.173225695005971 -5.519830881841129 -5.232252885868451 -6.878645002688842 
84 -5.4125287997373865 -5.394979000830092 -5.39061782437778 -1.1147326097223305 -5.79291378836354 -6.516583663107896 -6.2389909051646475 -6.449911547444859 -6.197191171944787 -5.635474006695714 -6.373408640919051 
85 -4.91911983876845 -5.1307326456733415 -5.6490383282848 -5.779824153869482 -5.9441251639437445 -6.983761667597747 -6.323381788928218 -6.842376401081697 -5.406265548115017 -6.4818297566844905 -6.115393858108641 
86 -5.937403087849019 -6.061356597113179 -6.4422425380106265 -1.3868226546804208 -1.380216285376807 -6.516330143474527 -6.528099076429831 -6.434781118707097 -6.027117912387444 -5.1878228612777475 -5.426238528483438 
87 -6.08426120045789 -6.1166344351085495 -6.091105886162143 -6.085155795095417 -3.0093442391592333 -5.305233122959279 -6.733381199499067 -6.167803050577681 -6.6683841455664465 -6.4108428258152585 -6.519511089837491 
88 -6.109368744096102 -6.088588026395896 -6.50295056933056 -6.15367898810848 -6.000692235611856 -6.695782950354164 -5.308225408305514 -5.680420191142526 -5.238043230626596 -6.7564298718228715 -6.815116792197204 
89 -5.612649796811442 -5.608339887089741 -5.933974534990449 -5.836239703262625 -5.477723729655178 -5.480759515671881 -5.477430014063766 -6.385019293322038 -6.343079894093755 -5.644527162386592 -6.900413674112619 
90 -5.356603566416912 -5.356512498877908 -6.547786462670368 -6.883467129792177 -6.297157465425656 -6.6717308504408255 -7.0211832663589435 -7.016891069936754 -7.020940994157891 -6.677990497620231 -6.818872077534594 
91 -4.944869461048637 -4.641606602866878 -6.004131594726358 -6.2157177968770725 -7.158222662528241 -5.62571592697661 -5.53571304295441 -4.864571612067172 -6.454693378974024 -6.8355800296147535 -6.44255434337426 
92 -5.023408248866493 -5.811503504691717 -5.811800160314609 -5.811169507046267 -5.810090409657903 -5.805865788521596 -6.571050701556006 -6.407653940344218 -5.348695296190915 -5.997364780815002 -5.806937116775558 
93 -1.5519516350770517 -5.9275119317241325 -5.258239119053467 -5.258797044596695 -5.259928326128914 -4.01982937650171 -6.875571785346074 -6.462137498671715 -6.865923104692802 -6.594251731536509 -6.288497784636293 
94 -5.9120911557967535 -5.929225963516483 -5.942053469680403 -5.9471185178726795 -5.945065560494792 -5.951616931042889 -5.945647396001239 -5.495750874488861 -6.229544084524733 -5.829949196529925 -4.912733378056328 
95 -4.302397305013938 -5.731627198568076 -5.744900758330051 -3.9577166572096423 -5.947436185546583 -6.3773189266269625 -5.7605774621609065 -5.72814581850762 -6.617614052485221 -6.574344717016793 -6.18835571220717 
96 -5.754985555893461 -3.9883926712339943 -5.369761580669244 -6.524848031302677 -6.776636586228943 -6.285718543348068 -6.29667787167671 -7.00716261038278 -5.624723424033089 -6.958757414286025 -6.882387675560436 
97 -5.670256182242831 -5.688972178595884 -5.685133248322204 -5.686859479703462 -5.6906579032775735 -5.581444352452925 -5.683574442480818 -5.769678963550654 -5.492513354767268 -4.95445442399959 -6.332924538214334 
98 -5.995294396665037 -6.024578340611576 -6.0352240819615695 -6.03551095232219 -6.034760858791591 -6.151839461234326 -6.394027815858684 -6.3016737302578 -6.2706527077930305 -5.9140874819830005 -5.910830661453532 
99 -1.0956307271067416 -1.0995843070735354 -1.1523397722516366 -6.435372158800578 -1.3740173955268558 -6.018274211733202 -6.195398059951059 -5.9776922111115915 -6.9730534021026225 -6.651015249080172 -6.4541837311876975 
100 -6.549166152039919 -4.466801465988651 -6.728937756857326 -1.5480298442902893 -1.3556751873396706 -1.2887529236960207 -1.2851226604711883 -6.061671044476189 -1.4384334355349864 -1.405969466516483 -6.287882749197137 
101 -1.5210708417453134 -1.518149322748585 -1.486489967457512 -6.328759323257688 -6.328724433229313 -6.5676587837602325 -5.5846395816037075 -5.809028732173293 -6.175325685066585 -5.368407414344312 -6.341920271761109 
102 -5.114914628790303 -4.826225340559688 -5.049459341135965 -5.5325222299538215 -5.531499924611643 -7.278549495813278 -6.3306710607042875 -6.343783650936583 -6.619947954345214 -5.9412434752050505 -5.608259846564448 
103 -6.438165094727029 -6.511904700373143 -5.937360254813572 -5.699152491897377 -6.127244403934316 -6.028963614660012 -6.027091854755746 -5.839752542399185 -5.960080081290488 -6.092812760547456 -6.677385885208083 
104 -0.9894892141317565 -0.9930966022709384 -1.4917232410583723 -1.5736165687280075 -1.2922828472125998 -1.1232838119988036 -1.7239995444378116 -5.680294769753152 -6.076772220183937 -6.399795436123643 -6.6294369668223645 
105 -6.9160074348465095 -7.172103999675621 -7.173386459903826 -7.070296904574727 -6.588186470611407 -6.683317935176551 -6.718259689031133 -6.715473487622322 -6.639966679012408 -7.156862315590345 -6.7036539869057075 
106 -5.759266806845606 -2.301848671589787 -2.3018934485911067 -2.3028888057685353 -5.919835443427185 -6.532848101820608 -7.072603382811987 -6.288994182156862 -6.4725765795477255 -5.758482647214459 -6.337381967419096 
107 -4.156669308196117 -6.186352734327575 -6.397958103582297 -5.358459883614416 -5.745031073180953 -6.247492464756171 -6.9124950318438065 -5.642846815914126 -5.753899715143269 -6.400337123322473 -6.571403366657474 
108 -6.575076971057685 -6.901419413300212 -6.901723432668216 -6.643402669960063 -6.54626556928914 -6.486366556177591 -5.506823784973677 -5.521017220052091 -6.433168040689114 -6.238158550258115 -5.905485662016574 
109 -6.096178548409387 -6.089402288305673 -6.241481644535095 -6.448925601120511 -6.779446561083917 -6.491716328302486 -6.1179450806604345 -6.281799638302715 -6.286607529939934 -6.372385318498859 -5.565048671628553 
110 -5.727961119235383 -5.988236020677625 -6.015071792466374 -6.0198165347865205 -5.994023330541047 -6.2275676541209055 -5.836081657232691 -5.996213070834833 -6.250260156751166 -5.945616288037482 -6.167757503959747 
111 -5.439220547114988 -5.444179655660965 -5.443082100799246 -5.440432620918636 -5.4391525989009635 -5.895238757356131 -5.895358198096057 -5.802373433566545 -5.987755172843296 -5.809465905192764 -1.7127744956638076 
112 -6.143643796426402 -6.193574171278237 -6.192273929063891 -6.252608255968078 -7.046178256109493 -6.239586964588446 -7.042006493208904 -5.656435052762331 -5.737004257088897 -5.297729671387361 -7.051516789134384 
113 -3.8216084703119746 -3.942977632001005 -3.8802513659122817 -3.9513634336254655 -6.87598644590145 -6.280705970161047 -6.104428653749753 -5.9338935696952175 -6.360191931343475 -6.723921312973768 -6.066689338132683 
114 -5.8503922710699205 -5.870414880960613 -5.752107286841041 -5.882712652831803 -5.8711585962495105 -6.010404539529211 -5.896913756587186 -6.539047205936674 -6.412153535238757 -6.0937338599421675 -6.720444487981222 
115 -5.758734012323202 -5.771488341665499 -6.391367814712575 -5.814275726253067 -6.660667906882484 -6.431537135512259 -6.255614606043182 -5.581773534694437 -6.96168293788583 -6.922275214390428 -7.105246195335144 
116 -5.086967823372261 -5.673141572003656 -5.672592121878529 -6.652257526226908 -6.9497865677474255 -6.668317971396608 -6.358033420726499 -6.775854971097618 -6.19801045489412 -6.278396512274408 -6.421173304370909 
117 -5.341024082389948 -5.379010961165119 -6.606597392669265 -6.422072053243417 -6.390784991393334 -6.2805486664681025 -6.390045945050392 -6.2604158194860435 -6.323199357179922 -6.573293652420607 -6.813463040561535 
118 -3.3460264761833893 -3.3862034798884406 -5.307715241464533 -5.314308702614067 -3.384563038583391 -5.800668231727819 -5.803451866245651 -5.804002781286535 -5.65328329561293 -6.845666945355927 -6.230814353006995 
119 -4.959493499233807 -5.01205116259737 -5.020740444555537 -6.139935705477527 -5.926792820775487 -5.738741233168425 -6.4297685128278586 -6.007521464499544 -6.0233757425057615 -5.1027570207208575 -5.165398470918261 
120 -5.789323378334212 -5.812689322210913 -5.814977373704599 -5.820047258526467 -6.1083601488518156 -6.107669173909791 -6.122686765907601 -6.013784230789925 -6.670837325594894 -6.383079005916092 -6.485056046619564 
121 -5.104840907094979 -5.100931291856737 -3.733402706562989 -6.249033321042699 -6.298522654078208 -5.040106579393739 -5.0609532401945065 -5.799953107367664 -5.364726662438605 -5.458015569122013 -6.551400680013108 
122 -5.3537004520623235 -5.345061008437162 -5.753462628738004 -5.916690482520663 -6.142449380577395 -6.357377919976408 -6.131301177358615 -6.301026152856416 -6.264747312129428 -6.308405640809287 -6.232570036534913 
123 -5.784331893134427 -5.795545416770987 -5.799476055260659 -6.724907170274364 -6.440385089513684 -6.066643877344513 -6.205053252003033 -6.455039866752306 -6.673850312074616 -6.454347943659776 -6.926992492721883 
124 -5.076787648231612 -5.6359464977674 -5.939696433997201 -5.963913607978488 -6.137335686416562 -6.532309021642724 -6.615586285486698 -6.48593006631627 -6.283043771369225 -6.081067447558241 -6.062817158910338 
125 -5.116787566417372 -4.764789227104358 -4.811238724236683 -4.910697739282942 -4.820060981224429 -4.930778018140219 -5.8762794182430085 -6.034071228266611 -5.79802821417295 -6.578354332516732 -6.454558782270789 
126 -1.0502736717441052 -1.0540369155822018 -4.693912464878284 -5.0660608930343285 -1.0555260024323223 -5.468615615548636 -5.932464452139055 -6.509231833070148 -5.367570052849657 -5.301374563737483 -5.369559338329837 
127 -4.813986650154185 -4.971800628989602 -5.564032497121711 -5.6880947434088425 -5.68651220851994 -5.759438004926489 -5.283000562290875 -5.104492604253251 -6.533827996085697 -5.987580494562527 -6.922436185116328 
128 -6.027041888585352 -6.0821787586331855 -6.113938605248478 -6.075410583389146 -6.09178472379505 -5.344224226560688 -5.573807653802712 -6.805602306955748 -5.7925887988083025 -4.999038305532943 -6.775298941411239 
129 -6.077695795578273 -4.956992188639424 -6.197502126743272 -6.182795992152339 -6.231271981803901 -5.931833191981219 -6.30431831228258 -1.3778534577102899 -6.910077794408417 -6.483433007930053 -6.577088306700719 
130 -5.815379102083061 -5.76630440870996 -6.7379577911798725 -6.728734460452821 -5.645166515787486 -5.117922878096508 -6.7630250102881275 -6.433752264148394 -5.430905569225132 -5.744955342905345 -6.589548962101378 
131 -6.521284282810199 -6.516705801012975 -6.520613758029082 -6.022777232567557 -6.341278448345426 -5.028295210258445 -5.96720836198526 -5.87822577668125 -6.635457483787397 -6.769345043674761 -6.6885232100851955 
132 -7.078290518229078 -7.093893904020853 -7.3051603207198905 -6.818699319973584 -6.981132495051872 -6.955841864986663 -6.667086428743466 -7.103890338187905 -5.985725286638824 -6.620195277991431 -6.5738727450858185 
133 -1.122242557344854 -1.3385543590158975 -1.352693412453751 -1.356468348367122 -7.124913954845376 -6.298381720495546 -6.288344126679659 -5.742456057391916 -5.340146693681817 -6.235087855224059 -6.595519974867585 
134 -6.336659601390756 -6.157211044607158 -6.158255971847724 -5.931478332779227 -6.162493458990504 -5.488536149643846 -6.508963148441876 -5.314698650445165 -6.3162366605010085 -7.004296538629897 -5.588441936522219 
135 -6.096051052285365 -6.8640637958692405 -6.241721261343247 -5.298580803645566 -6.177121991334185 -5.572564376978849 -5.5981224648047725 -6.070915359034744 -5.6469382859924115 -6.662617498765514 -6.5359876118940985 
136 -6.100789486872366 -6.056163288194346 -5.377768706657508 -6.2605572662220474 -5.58269796789743 -5.611669102088076 -6.275356660445285 -6.88533313109019 -5.762924640251177 -6.968309503134191 -5.237758996233633 
137 -6.095095691347038 -6.087601790611818 -6.107462488041283 -5.967693545392535 -5.075562803811043 -5.8802376626921555 -5.882253028077611 -6.64400443083557 -6.871305550035267 -6.494094661232119 -6.652331931324112 
138 -4.800279884777018 -4.798875447995944 -5.22954825680884 -5.666359995086616 -5.664030300803505 -5.409697242451829 -6.162250624291218 -6.160995015723445 -6.34278824172865 -5.916512614410712 -6.135163573520617 
139 -1.6144915081818885 -1.639347536375295 -1.6449328852820708 -1.6457105116841173 -1.5390928420014087 -6.154717021910372 -5.469050837373646 -6.675505493446109 -5.207291910559281 -6.221410892233419 -5.340375999808301 
140 -1.3292269758811703 -1.3342457612444156 -1.4394802130511821 -1.9671153248517992 -1.71845793176373 -6.087769337498608 -5.469135977445549 -5.645332090453442 -6.368834543366295 -6.260764311176569 -6.508563789148126 
141 -5.839405386821275 -5.762076528077809 -5.867760466795641 -5.767683863442446 -5.7708904711086415 -5.758764600119067 -6.16143674280528 -5.235353721976082 -5.755727455500352 -5.756150938614321 -5.785069705707831 
142 -5.674332017307802 -5.92002100017912 -5.983565527347783 -5.710495972009943 -6.154886602246595 -6.265960287707414 -6.156092291501307 -5.8976833979769125 -6.375133615224581 -6.156493888321757 -5.948052313608733 
143 -5.667780444068582 -5.731304211375811 -5.094642714175559 -5.881859669994695 -6.721640258371298 -6.516979204878069 -5.833321133404126 -6.178234917532039 -6.024432012956982 -6.640439674988264 -6.79774483163958 
144 -5.682115016274286 -6.458141948359061 -5.809951183755458 -6.362312894991353 -6.322175438871514 -5.556469099476879 -5.038098527975191 -6.217515479024398 -6.165620103417978 -6.4754789734245115 -6.344062822631336 
145 -6.891227486352498 -6.6961147188606205 -5.874713516303284 -5.873953981519337 -6.861453889058421 -6.083921876756151 -5.689431195164503 -4.302942888818276 -6.3286486584293 -2.0120598561955876 -5.99543866127312 
146 -6.680173064390893 -5.658823036809955 -5.657611232240164 -5.659289729955689 -5.660199114083195 -5.65681100906938 -6.084895492808657 -4.181728181284814 -7.238932978234673 -6.406412044365805 -6.599404526132292 
147 -6.155995069032325 -6.157318812308719 -6.178657145067092 -6.015591591643583 -5.874904548870786 -6.482980850446932 -7.049593750161553 -6.343822897479298 -6.801890758989862 -5.90620514511561 -6.808530511619839 
148 -1.3050396951022987 -5.020918921615883 -5.013866840463908 -6.162321521574681 -6.468610862442053 -5.523917846726595 -6.428337067574935 -6.497383484876082 -5.536220121274554 -5.505159820655119 -6.60851498613029 
149 -5.853601679102887 -6.3143331964545695 -6.289312755794259 -6.409466459620843 -7.07518429332416 -5.305762767560959 -6.935549290229221 -7.122167693573987 -6.392500156496246 -6.225283456497659 -6.100304222476115 
150 -5.986547825140701 -5.991943090462081 -5.994427678510893 -5.321684112566937 -5.955718911050441 -6.78685180661148 -6.097106267782987 -6.627484292912489 -4.365991567170261 -4.0873855285372604 -6.300425987123921 
151 -5.543367102374484 -6.350104634519212 -6.590768269200693 -5.351487912457114 -6.764648514123625 -5.429219595343444 -6.662738426785513 -6.558775463587826 -5.896099518369766 -4.785984635082745 -5.893961166352357 
152 -5.666658371530415 -5.330649130295367 -5.843562878983576 -6.2918417237847555 -4.066290818033205 -6.186612260984232 -6.040079208435108 -6.229693750606396 -6.086599401975072 -6.670965293729605 -1.496716009279344 
153 -6.056527511972642 -6.076440568017148 -6.404830592353719 -6.6937458814209085 -6.082281371345416 -6.399190509186389 -5.6811379936018644 -6.545242205066476 -7.175366603005346 -6.647356424677908 -6.479548651809577 
154 -5.966626380206351 -5.972680205044983 -5.86594895446296 -6.398511672379598 -6.0245727710361745 -6.513088546768922 -5.75094675809583 -6.058111606862262 -6.170254787737055 -6.836516286294731 -6.48330440284034 
155 -1.7992480287974166 -1.799831424706454 -6.459160283589806 -6.639372057382963 -1.396354706852322 -5.011162517457505 -3.976673366903071 -6.57798171995907 -6.144202649344334 -6.032672305712745 -6.908783047459101 
156 -5.829509489036568 -5.841955578347327 -5.826819511640706 -5.871739196943472 -5.884813303589515 -5.2426499771427135 -5.1547039361597164 -5.66898783868816 -5.717803202077324 -5.807557950531795 -5.8580178580936915 
157 -5.760710125523341 -5.732908082137337 -4.92816597255257 -6.220541208103005 -6.142133837104754 -6.634550674581832 -6.399130125060051 -6.603451516413809 -6.644984026410721 -6.4684227316294285 -5.1191354656215555 
158 -3.9179955581246095 -3.902750062466739 -3.924989272274378 -3.923354697876788 -3.965000056717629 -6.559423995094941 -6.561657402657163 -6.09329606205693 -6.096207706628899 -6.207387175100823 -6.030067111734808 
159 -3.318169509353418 -6.0861118894622415 -6.239582925639692 -6.525956541070248 -5.409911919376164 -6.49876016528512 -6.505893409368596 -6.08018547300361 -6.499647836254219 -5.319837518592599 -5.735381935435699 
160 -1.06057581430731 -1.0603667285216412 -1.0630845254564074 -5.182888432523084 -5.174637111600243 -5.183417363402962 -5.61509072674143 -6.029791418196975 -5.992342917370853 -6.67733818181361 -6.954499150024096 
161 -3.6680705532292115 -5.541677410944211 -6.1534123085715 -6.579792491508631 -6.7737024855363295 -7.057989678041044 -1.6183582809265555 -6.688825918777819 -5.938871796249957 -6.406334152721868 -5.864212927847743 
162 -6.371783802644737 -5.911546861662381 -5.907243502666736 -5.891231846457223 -4.793693756175043 -5.009054106482593 -6.659644005995698 -6.254755859849813 -6.475307195574551 -6.306942225826552 -6.084607147250259 
163 -5.626393505162979 -5.638398303024158 -5.850452870773003 -5.8531171463465785 -5.761235019026618 -5.459538930937052 -5.8413025674764505 -6.379948533639178 -6.420096664025807 -6.576714341370243 -5.92954980647911 
164 -0.7253925443612576 -1.712413893964013 -6.7266380392773915 -6.7315972271248405 -5.239474698845138 -5.164848827066816 -5.6872299640588 -6.267917780618547 -6.071893721379281 -6.299411219183281 -5.9422277340067 
165 -1.8015911622113217 -1.8061655745634155 -1.428738783597259 -1.8079819038430667 -1.8074402773813776 -1.8085869601379128 -1.808901798359081 -1.5841863330117414 -5.345730092028369 -5.903322793509958 -6.22644362840692 
166 -6.091561374658347 -6.085093180506313 -6.641584246872007 -6.6612193221700196 -6.6375970942316345 -6.7847694301913215 -6.63445912381846 -6.260054662646408 -6.357767040144186 -5.894697354503994 -6.287043320092334 
167 -2.1618502137264635 -5.518106717438468 -4.493542315992075 -5.690864815308141 -7.023891437698225 -5.311895644670718 -6.438151081361784 -6.370705861153316 -3.8812338821789947 -5.522574462223054 -6.413892238170214 
168 -5.97008023695127 -5.972495917870689 -5.974410490884494 -6.387485834656651 -5.811798066833551 -6.28360117656238 -5.449097164983557 -6.101291617285044 -6.970850164111755 -6.5861376056970755 -5.849709888295009 
169 -3.5899512130398175 -5.457616434684078 -6.5920976967152 -5.848932326449533 -4.234787783701256 -4.238137689384699 -4.057737449728343 -3.9633985422280866 -3.894963125916729 -6.363492778065917 -5.905115897276169 
170 -5.594941973923193 -5.593565861881597 -5.594761793038467 -5.695509339447846 -5.921753814592708 -6.351925602223065 -5.710854676513413 -5.918754421574653 -5.785161129616789 -6.332995845245057 -6.612749999185271 
171 -6.833693576665453 -6.786939978244178 -6.825971493208578 -6.9426339070085685 -6.9084242585239375 -6.836297457899445 -5.607406139674975 -6.387149131034526 -6.612467028715345 -6.7385631038440845 -6.237455076601632 
172 -6.444302834121926 -6.5357169941163535 -6.242668002825831 -6.538949975036555 -6.913550225087759 -6.641325989356698 -6.8260550060584055 -5.767065487137692 -6.959012910759518 -5.904650644220158 -6.634459740614218 
173 -6.408544578179689 -7.0256085783464375 -7.0757507439906915 -7.092278933453666 -6.6425526537323085 -6.870650811680055 -6.026809446184377 -6.352142744666745 -6.761310940811008 -6.537006511728805 -5.540090648521753 
174 -5.545333244595837 -5.5522951352149095 -5.570933956568492 -5.690767595054344 -5.204524266961638 -6.235984413924646 -6.9407479955131315 -6.377928795099127 -6.942244214932382 -6.729931535033539 -6.601297365937648 
175 -4.708423640358722 -5.378109346361226 -1.4975253807267261 -6.409537871802948 -1.640007676414872 -1.6548502120347481 -1.526633226623911 -5.943688570594045 -6.119622779433747 -6.19763608581388 -5.786925070403705 
176 -1.575664065767821 -1.5810726812098264 -1.5801220477712807 -1.585297945946217 -1.5802980877214037 -6.485776843030243 -3.449025796638903 -6.238410069436965 -1.4596857804711882 -6.135164833238216 -6.31327317900504 
177 -3.894657600814376 -3.898766882429606 -3.9129059204571353 -3.918428327721435 -3.923002756091246 -3.9148066904714884 -6.583188124376477 -4.8202948737160565 -6.891771062614605 -6.187578986237744 -6.487336449818781 
178 -5.770633552181892 -5.802573866513918 -6.710993484196199 -3.867954054477171 -6.109333044901205 -6.107288926131943 -6.765412394094351 -6.001514847125809 -6.381853927793015 -7.115472062798888 -6.440842295508932 
179 -5.634479616664089 -5.63233275957258 -5.687418582658627 -5.688564636062964 -5.6394682640018825 -6.378902408396177 -5.27034799274873 -5.656791953607445 -6.920222590132366 -6.559998079575635 -5.245518899842426 
180 -7.059137325077377 -7.1666673145155935 -7.173311365903182 -7.175397291742436 -7.176717236936805 -4.681938308094704 -6.3919788707971135 -6.248112530576736 -6.423309379532993 -6.342913806088309 -6.655097302308106 
181 -1.4052136954781373 -1.4054767038579046 -5.287167840631041 -6.684007979645583 -3.588561452370791 -6.6957410903651935 -5.960140940218069 -6.682561144715437 -6.456171004449316 -6.225171769549533 -5.827887184221742 
182 -5.723288351958708 -6.014232599712049 -5.819256957698136 -6.089701749818868 -5.829111787836607 -6.071115686481026 -5.965079578705281 -6.405243512689363 -5.595933559555183 -6.24807107633903 -6.786259095481094 
183 -5.685019029137848 -5.686180167710927 -6.275202951851833 -5.091220885347274 -3.850433160933191 -6.05699607806371 -6.4167055752337125 -5.489930863916074 -6.203549069762914 -6.573641909387861 -5.877730745653417 
184 -1.3489456804865905 -5.868233554676619 -2.0041045876931625 -6.660824917027561 -6.3760850184150035 -5.994895047699282 -6.738267693532586 -6.322823690334997 -6.75738333056788 -5.871417387518513 -6.965279658520262 
185 -6.70729515493664 -6.712986262979745 -6.712387412198634 -6.729420757368168 -7.112103591217512 -6.71164527529196 -4.027416253037565 -6.720846203855111 -4.471208006014616 -5.325513550140515 -5.901148700802764 
186 -5.6461256249321385 -5.646495753924409 -5.653825990592155 -5.658141134241993 -5.747371713452511 -6.492790513683103 -6.415136693782362 -6.317557842736115 -5.528997960490206 -6.062084412882172 -6.040350998019776 
187 -3.937112968721868 -3.869304926346067 -4.010512087186424 -3.899099022893599 -3.729463517046169 -3.9493457479523473 -6.575007593096684 -3.942855175436166 -5.196905375637616 -6.000305945293683 -5.890362141803252 
188 -1.392802017198114 -1.1519700816520548 -4.839468512512941 -6.803657398135946 -4.84634586296351 -4.845250551200932 -5.80208986603395 -5.838497062872504 -6.502689039013044 -5.994249851749486 -5.945610905064781 
189 -5.303087545029204 -6.248777492323669 -1.8876457904082606 -2.065460387595153 -6.245129699865918 -6.31579367249844 -6.220205926398075 -6.388919301352067 -6.1187447024479225 -6.556383775473076 -6.55373662167462 
190 -1.652900805597913 -1.664459462305156 -1.6671483232745312 -6.444764598696351 -1.4572255340302163 -6.069372402210833 -6.654809813345579 -2.328338332322887 -6.346262244815728 -5.216704105234917 -5.3538575668800314 
191 -5.891055847323263 -5.099384587268377 -5.675544248940157 -5.681189682366943 -5.914934353680672 -5.305347314408107 -6.070968757843777 -6.8998878398048635 -5.493495543777717 -5.733396443013706 -6.133681195574589 
192 -5.2449862109143925 -5.342777965174048 -5.694572157175483 -5.6938192054814545 -5.76306988841573 -6.257571478776359 -5.633760125082058 -5.82367747963346 -5.292937811722817 -5.449931429846831 -6.5061501895852585 
193 -5.5907815997375705 -5.688085338331268 -5.6930906086290065 -6.533571179868034 -5.688079703072612 -5.766679062332701 -5.328530857185691 -6.3350045119203475 -6.129049703387865 -6.038915291306693 -6.298737139671364 
194 -4.563429989546712 -4.617411116584558 -5.1475661016891125 -5.358243791822426 -6.475477144841942 -6.25026516965611 -6.812804581591406 -6.431264743294764 -6.559291847426976 -5.809352120813154 -6.315646709883426 
195 -3.4360856131619464 -3.4488249528957113 -3.4525411695666146 -2.675275543246473 -6.038077228989397 -5.745991390788146 -6.370889902866903 -6.786159033203811 -5.830855560295569 -6.520088454119249 -7.0513254566775805 
196 -5.707966661379848 -5.266170395066462 -5.320482152243186 -6.705777058679014 -6.466613538290562 -5.070698346192302 -6.889580341862709 -6.249456270323189 -6.742307603351455 -6.149435578672353 -5.959647576237967 
197 -5.590007664499606 -5.58710221810051 -1.6481968181132862 -6.121624053546685 -5.659316251694807 -5.387586019454342 -1.4828883085280766 -6.217995540320684 -6.175068480390633 -6.361965988664376 -5.241772121260473 
198 -2.589301468915465 -5.218284708792875 -5.390292725070439 -6.686167847795371 -5.942914248600497 -5.967258617677345 -5.906174310413786 -5.905844315489725 -5.97321247062286 -6.167888439573852 -5.952450122136482 
199 -5.292950300590653 -5.943648837832635 -2.7378591813835302 -6.119314528204215 -5.9369565814688565 -6.22588800757259 -5.758422017437662 -5.8907387528584465 -6.235176347747214 -6.803674464252184 -6.872031531553753 
