initNo 0.01 0.025 0.05 0.075 0.1 0.125 
0 199 113 199 71 107 199 
1 199 199 199 35 98 44 
2 199 83 134 89 149 77 
3 182 199 98 32 56 134 
4 199 199 77 47 38 29 
5 155 89 110 65 50 26 
6 199 182 59 53 95 131 
7 199 167 104 83 35 29 
8 116 77 50 59 26 134 
9 179 110 77 53 71 44 
10 199 199 113 179 56 35 
11 199 199 65 44 41 38 
12 199 199 134 95 56 32 
13 199 164 119 199 53 92 
14 199 146 173 101 77 110 
15 199 140 62 50 158 53 
16 199 199 191 65 107 65 
17 199 199 95 110 185 199 
18 199 199 125 176 53 41 
19 191 71 41 134 113 26 
20 199 199 161 125 98 86 
21 199 199 199 53 116 77 
22 199 199 199 50 125 158 
23 199 199 71 152 47 35 
24 128 71 50 53 199 44 
25 182 199 14 44 38 32 
26 199 199 92 71 32 32 
27 199 143 71 199 35 98 
28 199 199 83 53 35 35 
29 161 74 41 161 38 32 
30 199 116 56 50 26 128 
31 199 131 199 167 56 32 
32 199 140 62 50 122 179 
33 199 152 98 53 44 38 
34 199 83 199 41 56 29 
35 107 50 199 131 53 197 
36 188 199 62 41 41 32 
37 199 199 92 134 38 80 
38 199 185 74 131 44 44 
39 199 199 119 98 92 47 
40 199 116 110 59 47 41 
41 199 119 199 173 199 44 
42 185 89 89 199 146 50 
43 199 83 41 50 44 41 
44 199 155 137 53 41 122 
45 170 89 101 68 86 86 
46 199 199 182 89 50 44 
47 199 199 92 56 62 20 
48 199 199 110 53 47 56 
49 199 101 199 71 62 50 
50 199 131 191 74 59 86 
51 182 95 83 199 35 89 
52 199 199 128 137 143 95 
53 199 125 161 62 98 155 
54 199 137 134 59 44 56 
55 199 199 199 199 35 44 
56 122 71 71 68 50 32 
57 199 199 95 146 158 65 
58 199 89 41 86 41 125 
59 199 199 199 182 128 86 
60 149 86 71 143 62 44 
61 199 107 77 86 71 122 
62 199 199 199 98 131 74 
63 199 149 199 56 164 74 
64 199 199 74 143 119 26 
65 199 199 59 44 41 80 
66 199 170 128 199 122 170 
67 199 149 199 170 128 59 
68 199 199 122 119 104 83 
69 199 199 199 71 44 98 
70 199 104 170 113 50 143 
71 199 101 56 47 68 65 
72 199 199 95 47 44 23 
73 167 199 199 182 50 38 
74 182 199 199 59 152 113 
75 199 113 38 68 113 95 
76 146 89 143 199 80 182 
77 199 199 143 155 116 68 
78 199 110 137 53 35 89 
79 199 182 199 199 191 101 
80 199 199 95 65 38 38 
81 176 199 95 152 59 92 
82 199 146 125 53 23 83 
83 199 199 137 47 44 56 
84 199 167 199 47 35 44 
85 199 199 199 131 44 68 
86 155 199 59 107 56 32 
87 199 140 122 38 41 38 
88 155 86 199 86 146 38 
89 199 199 74 161 92 80 
90 199 199 179 50 92 107 
91 199 176 182 56 35 32 
92 199 179 62 158 131 59 
93 199 143 170 199 41 47 
94 199 199 104 77 53 56 
95 199 199 98 68 101 41 
96 199 199 80 110 113 104 
97 199 199 199 107 41 74 
98 199 122 199 128 53 89 
99 199 119 199 50 182 83 
100 199 199 125 119 89 95 
101 197 199 53 35 32 32 
102 199 143 65 41 44 44 
103 199 199 104 170 68 199 
104 119 199 62 71 101 32 
105 199 107 152 35 107 74 
106 179 199 116 199 125 113 
107 199 140 80 122 92 80 
108 199 199 199 161 38 62 
109 199 199 65 164 104 47 
110 191 199 199 199 68 38 
111 199 188 71 65 199 199 
112 199 199 122 116 104 56 
113 199 199 182 56 56 56 
114 199 113 107 80 50 59 
115 199 134 179 110 107 89 
116 199 131 86 41 47 101 
117 199 199 98 128 110 110 
118 199 134 56 71 47 110 
119 155 101 59 38 56 32 
120 199 113 182 56 176 77 
121 199 199 143 122 47 50 
122 199 199 158 77 101 101 
123 199 119 56 68 50 80 
124 199 128 83 56 62 62 
125 199 199 191 134 113 92 
126 199 101 53 199 95 50 
127 197 199 199 44 44 199 
128 199 199 68 107 128 50 
129 199 199 152 74 44 26 
130 199 128 77 116 35 62 
131 199 199 77 44 35 59 
132 199 199 131 62 38 29 
133 199 199 119 113 143 107 
134 199 170 104 71 95 56 
135 199 199 146 131 50 92 
136 199 199 149 185 176 44 
137 199 199 77 77 98 29 
138 199 110 179 83 89 65 
139 197 199 176 89 50 32 
140 199 199 119 101 98 155 
141 199 199 110 62 38 38 
142 199 197 68 74 83 143 
143 199 199 161 77 44 29 
144 167 128 59 38 98 137 
145 199 113 50 38 140 47 
146 199 188 146 47 101 86 
147 199 101 65 47 44 29 
148 191 199 119 80 146 44 
149 199 199 80 74 110 134 
150 137 62 59 56 74 65 
151 158 86 53 38 44 23 
152 158 77 56 104 89 53 
153 191 125 98 47 32 65 
154 199 199 199 95 77 32 
155 199 199 62 68 50 29 
156 199 199 161 53 101 116 
157 199 199 80 53 38 32 
158 199 113 77 134 92 23 
159 199 199 185 182 44 92 
160 199 107 161 44 80 194 
161 188 199 116 110 86 68 
162 199 146 101 59 83 62 
163 199 104 98 44 35 32 
164 137 65 122 83 44 59 
165 199 199 199 110 113 71 
166 199 185 59 56 65 86 
167 199 176 50 71 41 47 
168 197 199 53 185 113 131 
169 199 199 59 128 137 29 
170 199 199 56 44 20 50 
171 199 125 199 116 35 32 
172 199 134 71 131 158 59 
173 199 199 170 161 47 128 
174 191 86 92 83 68 44 
175 110 59 62 89 47 29 
176 122 68 101 71 86 110 
177 199 173 50 119 56 128 
178 199 199 68 41 50 110 
179 199 167 71 95 62 56 
180 199 199 167 143 38 119 
181 199 176 116 68 125 149 
182 199 199 161 107 59 59 
183 199 89 116 113 134 44 
184 199 131 47 59 32 26 
185 199 199 77 53 29 26 
186 199 83 110 62 53 199 
187 146 199 56 41 92 41 
188 199 199 199 199 53 50 
189 199 107 74 92 59 35 
190 164 199 164 131 101 23 
191 164 199 92 38 50 29 
192 199 199 161 59 95 110 
193 199 199 38 83 47 23 
194 191 199 199 110 98 116 
195 152 199 62 74 44 95 
196 199 83 92 92 101 50 
197 155 77 128 26 59 38 
198 179 199 128 134 38 50 
199 185 199 197 53 56 41 
