initNo 0.01 0.025 0.05 0.075 0.1 0.125 
0 -8.091425277720052e-06 1.868483916220034e-05 -8.939820060338038e-07 4.943327215949421e-06 1.5421256692976478e-14 -1.6555627255040333e-09 -0.6662909101769545 -1.357210211959495 -0.0005513216736045244 -0.07469184402305541 -0.1531994242393669 -1.0811899242440133 
1 8.844130488888843e-08 1.1048510822146526e-07 2.823726556309943e-11 -5.409373697067098e-11 -8.394203157704782e-09 0.22693920830034706 -1.6238437487467947 0.1462747728199986 -2.229580259514829 2.8631529832536255 -1.8520491905869008 1.407359724660092 
2 -6.845166894526951e-10 -2.0283586669810396e-08 3.3710812703638718e-09 1.1936411018371794e-07 0.00024949206806420757 1.3945398148577945 -2.076363230554131 -0.25269989913062546 -2.85626270462778 1.006117994111046 -1.9216612402750843 1.0407915698325183 
3 -1.6209475112458537e-06 -6.786426413162378e-07 2.9598339464117283 4.180566914359291e-15 1.5171251421868535 -0.20567514459790925 0.024409457729931666 -1.4025288167011751 0.046761555064601786 -3.0827454963983953 0.062161597717267494 -2.883950562084841 
4 0.010844281004008256 -2.1179545457868386e-07 1.0647732180713874 0.015314105502573228 0.9302475282765444 0.04197276985832739 1.5185961566628952 -2.62549878945699 -0.35457165855916467 -1.1324355116434968 0.03231204442065226 -1.51963029597545 
5 -4.405412441403431e-08 -4.1834794911795226e-07 -1.980016737168819e-08 -2.7238650834766068e-06 -0.057015965608434124 -0.34935199211371987 -3.0174316065544917 -0.01016124321522135 -3.0928917925387545 -0.18457082857060514 0.8453110978677552 -1.509680535105967 
6 6.708938032164489e-07 -1.3710581009895072e-09 7.517852428811695e-13 7.809409531766133e-13 0.000421604089228311 0.0001716795067940133 -1.2518536696438072 -1.5075353210291218 -1.9529695437895773 -1.3986912107723979 -2.3180089358224683 -2.8112664814553927 
7 -7.99421031935276e-08 -5.566081347370267e-08 -4.9257876654466536e-11 8.137418711559629e-11 0.015094853693408928 -4.614288766805677e-05 0.014890988000523582 0.6373418958243928 -0.9523636854378559 -1.0544769595312933 -1.4281265004516195 -0.5589176382073937 
8 -1.230358406586376e-07 0.0006411126461812846 -9.885646371167213e-09 0.00045053206538191084 -0.008397200515148657 -1.03221776910596 -1.4786068819875822 -1.1110779597133735 -0.38846123585308484 -1.5031189437074897 -1.8970861443374543 -2.67484217628335 
9 -1.2478334852609066e-06 8.014812805068143e-06 -3.653221905654556e-08 5.193153614032799e-06 3.9784256468593654e-05 0.0566834704608054 0.862183283382189 1.0172759486523362 1.570795389262163 0.386530771943548 1.536066598114755 0.4428351993033434 
10 1.6119829538120572e-10 -1.3090047593482076e-07 1.1127766688259257e-14 -6.339447037141019e-08 -2.9388031924533335e-16 2.5278171007330835e-05 1.8079353953734516 1.722744636218474 1.3758642876043718 -0.476406824431867 2.6848195103704757 -1.1577680894260112 
11 -0.0018308038780632699 -1.586041989160413e-05 0.00035503910345945734 -5.3234992281584836e-11 0.876794773918232 -0.00011162234327722747 1.039897325575055 -1.4435773706971542 2.136518532879623 -2.637183032833864 2.0313526563476487 -1.8779655008327578 
12 3.767205131057803e-07 -4.097909175094616e-07 5.36022217568054e-11 -1.4764957759268304e-12 4.72538266297205e-09 1.84411680730562e-10 -1.5760410336476802 -0.8787998534453404 -0.11927852796547246 0.01251467331063483 -0.06909507945478971 0.31139545636389165 
13 6.024169370607017e-10 -1.6639684000480427e-06 9.957375029360145e-12 -1.5657722676919314e-09 2.1791686893000665e-05 -0.0009415239127966059 -1.8697087027187465 -3.214303025194069 -1.1733129914501508 -1.6175941273225043 0.0034279879047227693 -3.813395934647158 
14 -2.2237691566386211e-07 -1.3282940768589892e-08 -6.076957129413374e-08 -2.8127759818519155e-11 0.7923517365909208 1.2383387479067607e-11 1.5837490594085426 5.450474343205011e-09 1.2220371071734142 -1.5523377874830928 0.1395112031218192 -4.8956919681900966e-08 
15 9.067212125111142e-05 -1.2105362734066403e-05 0.0003718290292971507 -4.663869711552929e-06 0.911264380253828 -0.07356721479895217 1.571380089946887 -0.05102679644513499 1.2108585731058568 -1.3211286904506492 0.7134112118077636 -1.9996966003382413 
16 9.808852546619325e-08 9.59847321866511e-07 -1.6966008767792552e-08 3.8940944564984435e-08 -1.9060239972643858e-13 3.868625457324425e-10 -0.00025437977477310315 4.1047182389050357e-07 -2.6034673278093416 1.5639015633845137 -0.41740654802359733 0.5231849950305785 
17 4.070459924107666e-08 -2.5694344831838154e-08 3.3733470036431983e-11 -1.532396181517156e-12 9.771529369321656e-09 -4.097883685215185e-05 -0.7672501755549425 -1.5798273076491365 -1.3997527136686938 -1.5593643996133977 -1.5037312696028364 -0.8156658948908768 
18 -1.2648400597432667e-07 -5.642741166321995e-07 -9.704088793090403e-13 -1.5367720220502031e-10 1.5355602302848366e-08 2.92512300943641e-06 -4.612028810821669e-12 -6.236874493914107e-13 -1.3922917809834643 -1.2148995938817222 -1.5001116251787878 -0.8349342555900281 
19 -5.922495784687606e-07 -0.00012102538677151803 1.9843788688046608e-07 -0.00013318217783482613 0.00027307100595553636 0.0006123208161997058 -1.4378024058555414 -0.6309109258729728 -1.5689088368218558 -0.18242165292376208 -0.37457450788474533 -2.193616398073402 
20 -1.9111164357534075e-07 8.062369772802534e-08 -1.0590764727251399e-11 1.825716674275355e-12 6.896960799011784e-05 2.2219453433237265e-07 0.8766098413272018 -1.508089726598847 0.0912866278884575 -1.3581084635608665 -0.4196527834342002 -1.6228501554665977 
21 1.5249729687423895e-10 7.785324427013761e-08 -1.2321674227533924e-13 8.599371953751573e-11 6.188563547134672e-09 0.0004507958405798971 0.48759937074580895 1.2490592865490926 -0.12482504829180764 -0.03216001835794942 1.187567649921278 -1.4799312955499637 
22 0.0005094807093265613 -4.1253726325737684e-06 1.4684054682083843e-07 -4.118223937387275e-08 0.0012078516429452615 -0.027567611717412475 1.5711254506592671 -0.005951731913276754 1.161503214138368 -1.0713662137506335 0.6801407915568092 -1.5711781696375164 
23 -1.640091242181933e-08 1.6995923268709992e-05 1.4390806727178626e-12 -4.733405652314024e-08 0.3428943834913624 -0.06931517952141805 1.1588773560596621 0.3023441564111607 1.5439683659617482 -0.6130828047717743 1.0506458778551422 -0.3056397107067612 
24 1.6730481081584542e-08 1.4823458112405263e-05 -2.4154137088421488e-08 8.281263244569254e-06 0.001007922890278257 0.16956492446423704 -1.2111385821400782 -0.4863362132385951 -0.05709232153134353 -3.1548366737660185 -0.826189042490139 -1.6665236289918692 
25 -0.003709031199129969 0.00013317015788603834 -5.0833271097653514e-05 2.7079590598754276e-06 1.6957217941976275 -1.016144888427894 0.6655833642935743 -1.5636757254266958 -0.5986581414725813 -1.399990078224832 1.4383424585268179 -1.513490947062203 
26 1.3767963045830433e-08 1.672001837425594e-07 3.2672916164756945e-14 7.687328582587316e-14 0.0003403692654331104 8.627233260504903e-06 -0.9505913460090011 -2.7602194640809286 -1.5827964861981545 -2.52372005675572 -1.1772630191443614 -0.5561860951857125 
27 4.783137128247119e-08 -1.1731812820559918e-06 2.460403066409943e-12 1.1031705166261424e-10 3.921444950508282e-05 0.005419728696693661 -1.4697812214599248 -0.8940479731263216 -0.5775394920293011 -1.4875874024289995 -0.10786705061180472 0.005639572511001422 
28 -9.459303481754477e-05 2.7518910200587987e-08 2.2282648550220982e-06 3.975620915935817e-08 0.7461528215234117 0.04586384190901817 1.5573715073384753 0.2784389816930702 1.5478400613058736 -0.4783548741326321 1.1169024778733478 -1.2639135540923578 
29 1.7892450960252163e-07 7.5744764608300176e-06 -7.00848728320047e-09 0.0001715102584630736 2.0541344438494577e-05 0.03531487536549864 -1.2490693499087233 -0.6640713465870188 -1.2082376321792367 -1.3797948372995308 -1.0052934293246927 -1.1382498690946714 
30 6.749862775684333e-07 -0.0004380435736500819 -2.4468423675598684e-08 -1.0044306162804362e-05 5.596134654168157e-05 0.03136952444299517 0.32565970358629953 -1.2112362594741457 -0.1523587324224323 -1.4776050334866278 0.5496454028970361 -1.5713028072571589 
31 -2.800830039825664e-09 0.00028607623679854243 -3.094815882691861e-12 0.00015431757092987435 4.450859596729345e-08 0.311225836657132 0.5300244761965007 -0.6102800351393493 2.5529127294571183 -2.86419828629253 0.4931556820703113 -1.5712701673728198 
32 -1.4452569584945801e-08 -6.669751699226364e-07 -5.728273566107783e-09 -1.135595033056797e-06 0.027931498313385685 0.08020666987091185 -1.8770317284072449 1.3321352702329325 -2.067550605613408 1.2358011372010536 -1.8130585369712295 2.2655685037740105 
33 -0.00044761954312499307 3.754865174514249e-05 -1.1690310568245495e-05 9.321746083503957e-06 0.00016224509399587813 4.123727729641986e-05 -0.19148477940340966 -0.08838098837140214 -1.559281102349353 0.3976121546483226 -0.060014380361946326 0.17585139492422244 
34 -4.323722487442773e-06 -0.0005676935815192847 6.154742901418427e-05 -0.003521968248197867 -5.540285292928146e-10 -4.335939678148232e-06 -0.6996170972125764 -1.737347452295527 -1.2727983985207945 -1.581291024525243 -0.9195490147539784 -2.1159862813757737 
35 5.688634201603704e-08 0.00013219672652735955 -1.629433256805297e-06 8.395089536655009e-05 0.005998624218595013 0.02251452390514616 -1.5707963773513414 0.6763164921019804 -2.8295428734410795 1.570915510822772 -1.8563989725238652 1.6331512781124817 
36 -1.4149997145075884e-08 -1.0186818091330608e-07 -3.40282787223431e-12 3.561013899206273e-10 0.7650753328049668 0.21045786672330954 1.500703093986133 -0.1603372641916101 1.5184319339746026 -0.5324797206202544 0.022292326676125865 -1.3682862874056627 
37 0.20966787268064652 -1.4005698601772197e-06 0.30430987421743333 -3.799271612010707e-05 1.087864310895539 0.06914152676713174 1.5728355864755406 -3.136081374352996 1.1190934828816845 -0.8212054031579841 0.17391500405065985 -2.0094131378423548 
38 1.1976944636422606e-11 8.038069006264512e-08 1.2570859816712379e-17 4.5392504685859684e-14 -8.85756135454042e-05 -0.07050787286630875 -1.3127083612359545 -0.4668296810948928 -1.5836213218058885 -0.4076389546253416 -1.5707451865280986 -0.5726090846624332 
39 2.3434474211211138e-09 2.316001084959164e-07 6.63654578626525e-11 5.510656515342846e-06 -3.5751675979670414e-07 0.6001933286983387 0.17736492085165667 0.3141423802686545 -1.3406596762125618 -2.879541804546182 -1.4939269610381005 0.19432567741067558 
40 2.0397497658644006e-08 0.00017327698292429663 -1.4141298202653418e-12 9.887673954909923e-08 7.283514347006012e-09 -0.0003045579153966403 -3.0146888218775194 -0.9776377639186601 -2.58838594179282 0.24847978348785468 -2.7525601052202164 0.30590971103934816 
41 -5.786975105760758e-06 3.862631820402371e-06 -2.956319142178944e-05 0.05601678315882325 0.0011792504508233873 0.17775639042158098 1.9334267662660092 0.4855184196307749 -0.03854081254959096 0.04493076498095017 -1.5803445399847684 -0.07271003839710671 
42 -2.2395796881980384e-08 -1.0148069715693479e-08 -2.7130698952169377e-09 8.498211451501416e-07 0.004980954003365618 0.15162931130283963 -0.9942669370022277 -0.7041488454618732 -1.5879911929592732 -0.6680209433671417 -1.5390485562373277 -0.13238666979718283 
43 2.779008272871839e-09 3.723229490530255e-07 4.4044330698114465e-07 5.882013694018921e-08 1.469563535905549 -0.16741160977290198 0.5412590203436377 -1.3984440189725669 1.5210843248462798 -2.8619447468823207 -0.17325383280961645 -4.706319377741816 
44 4.3603273894773916e-08 -0.0001606351334621762 2.0086283184310022e-10 -3.961991762352373e-06 1.9414604747377825e-07 7.919377211589493e-09 0.6174309862045856 0.28964904943417275 0.04707347309674328 -0.0010413639587093407 0.36248445198871865 -0.3334367765686481 
45 -2.5905542284989513e-08 0.038436560389546244 -1.3788972344091494e-08 0.04979643549631903 -3.4109595347458975e-05 0.5089452433060501 -1.6031861989511154 0.2282070394103582 -2.6330619457006685 1.5708264572934356 -3.133861656671578 0.16863571991707177 
46 1.0806508136283203e-09 -3.2655468856928497e-06 1.0151158791036088e-15 -5.070216854820662e-11 -6.117046579962155e-15 6.162812273467759e-10 -3.141581324436431 -3.303859600023895e-08 -3.1415935287545236 -7.893577084191904e-08 -2.7540563772629687 0.4886576768503468 
47 -2.6306191916179585e-10 1.1626980209099574e-09 3.7266654638650874e-13 2.3692073111063426e-09 -1.570802507781869e-05 -5.272310672400074e-05 -0.444613503925779 1.3609970273757626 0.24021724392169844 0.8300624207301951 -1.576128485459125 0.21460608387947247 
48 1.6915093252549176e-05 0.00040825917159512446 8.353401078927442e-10 1.7784949384947224e-06 0.0005093358723784146 -1.3013901820626294e-05 0.1141337621576282 0.5043011486898906 -0.9228893352948238 -1.4421508512725272 -1.3594300690092371 -1.3781950059883428 
49 -1.0677699683358616e-06 -3.701354470151214e-08 -1.1555738668034384e-07 2.772657312155454e-07 4.984442485959661e-17 -5.570841113967739e-11 -2.847369672655804 -1.4842283798146656 -2.8519798589197785 -0.824646493408312 -2.0725264315884626 -0.262561047981698 
50 -5.527465135448435e-08 2.520499762620591e-08 7.873082069685177e-07 -1.589250424109759e-11 2.3407943534993726e-11 -5.321446066796472e-16 0.7635815989049219 -1.509182631337615 0.03108484659588041 -0.0001223005153684338 -0.16910794430874831 -1.5730672021374477 
51 -4.467053471176257e-07 -9.571072656745534e-07 -6.680703343788173e-07 -3.33210015508177e-08 1.5934583335566852 0.5190664874093265 -0.5047156858677675 -1.3803548089947757 -0.29647639322848524 -1.7868965603631815 1.2253616578395551e-05 -3.14159926041257 
52 7.66148981576772e-09 -6.183293076113697e-08 1.3887088383169868e-15 1.826108687789383e-11 9.475469510460133e-08 0.7334685503263222 -1.5707963560209661 -0.05863701338914048 -1.418641346734416 -0.17214155698865508 -1.7033793657699956 0.009510221673589633 
53 -1.0601639140046536e-07 0.00015740738688084152 6.845052277766034e-08 0.0009613662346655132 -0.0010061663590820722 -0.4437746674239971 -1.7473533577171863 -0.3314087426767431 -1.9101022049529175 -0.5461495928665643 -1.8778053208174126 -1.4541460238734158 
54 4.3057977956668796e-09 -1.803116880186902e-05 1.776750786063385e-09 -0.00012949258491103788 0.5376272507777239 0.548630370412253 0.5483351822832612 -1.5834542524457185 -0.33956743706290005 -1.617309349955251 0.31473841519513057 -1.9142958363338143 
55 -5.9412088794961634e-08 1.031374713906271e-07 2.530863297919239e-15 2.1458898177396633e-13 3.5996305345957594e-11 1.0638473826372522e-05 1.5206746972972882 0.9702285393226366 -0.8856783993818343 -1.2572950254071547 0.35831922501677893 -0.6817914496792163 
56 1.6990265148174245e-05 -1.6624355576567187e-06 9.208667566278271e-07 -2.3820728570970416e-08 -4.6397325105406404e-08 -6.472361269951395e-07 -1.5107236462134404 -1.5219077330762272 -1.0254353008798207 -1.5471151543989303 -1.5524533942596084 -1.4045128794917803 
57 1.8300766869543428e-08 -1.963557065086894e-06 -5.437083903562837e-12 3.2759955146838354e-14 -2.0989810142739314e-12 -2.2638272159925386e-07 -0.6458530697457034 -1.5707236892522036 -0.47265948133742913 -0.5430855182053359 -0.3913739407446366 -1.5478692934209524 
58 -2.0793748030388853e-10 -3.9848010208477905e-06 1.213938470039614e-09 -5.5334409794543586e-06 1.3348928186566243e-07 0.002027839951693497 1.4333714220921892e-08 0.00013513717848027897 -0.21410543785552646 -0.6882926017687693 -0.6127634636205882 -1.1139463996227796 
59 2.087258103745521e-05 -9.54294579836193e-05 9.656213648607446e-07 -7.335287447079807e-06 0.48577976148264806 0.09459626128516001 0.9961789178843077 0.446025816121237 -0.03032087860704045 0.0018649067199622536 0.03119028007014082 0.017122146517076005 
60 -2.7345971354338406e-07 -0.0008510300430278458 -4.6965010614364576e-07 -0.0003444969787287258 2.303075714024433e-06 -0.0004587103589389281 -1.5514220279644753 0.08144776163133079 -1.528791905346093 0.3028408976912761 -2.4663850674714523 0.7859001400702433 
61 -2.1575044618323644e-09 -6.934612004921382e-08 -5.374852286077739e-10 -9.071860486807599e-07 1.699542301714292e-07 -2.4540924687344638e-05 -0.7928729009189126 -0.9085537853180367 -0.9842468614240031 -0.9141357545101472 -0.02835297622465556 -3.220320814006322 
62 -2.3331510549649807e-09 3.500404497566167e-08 4.118155162078265e-15 -6.072771360892678e-13 0.7497869916880702 0.11720611761355933 1.1126964863028073 -0.8054122048328172 0.5738189539604714 -1.5848669796174675 -0.13587059331870077 -1.0622852829611165 
63 -6.956140107157327e-07 1.1753030080775479e-06 8.044880019926324e-09 -2.7909564271401724e-09 9.78664975068285e-05 -0.6409017012788711 -0.6872099378767137 -2.959489907188392 0.004556470932071637 -3.127487166750983 1.107961000943823e-05 -3.141732273811967 
64 8.847806716546249e-07 -0.0032329131613860165 5.934914322547617e-11 -3.136552360634658e-05 -7.897494216533618e-08 -0.0006361086028959512 -3.14159264896826 -1.0168727645667572e-08 -3.1415928172090686 0.0025382604931948813 -3.365175206519261 0.7444374275914983 
65 1.0955480469165214e-08 -4.936985087588357e-09 2.2867854593609464e-15 -6.859745985356495e-15 0.0017299356121071752 0.00318557836264151 1.5370656337290023 0.1327890674990629 1.4311562013443908 -0.7730340323440428 0.6421458863814679 -1.644318209214277 
66 6.171240289690525e-08 1.4614261616802657e-06 3.6388671932206476e-13 2.383430552044531e-11 -0.002852968589158409 -2.8509414538541512e-05 -1.5707963908789155 -0.34224396556504866 -1.605985535398255 -0.08080458927969368 -1.9068430546702133 -0.013649718001535681 
67 1.040873169214822e-06 -1.0704726579406192e-10 3.584854655093946e-09 5.6423368304409455e-09 0.019020284138718722 0.016845084648652985 1.5707970428744955 0.3731432765843876 1.570764172918344 -0.6567934265936924 2.00768016393352 -1.6682262587372074 
68 2.0465677427110506e-08 -2.9822827062333393e-06 -9.280862438218206e-12 -1.3208377275182012e-08 -0.000647720452373436 -3.817101426813046e-12 -0.6757247092023662 -1.652883814320473 -1.566212979232955 -0.9594061300768248 -1.5687877497748015 0.007493940356876443 
69 -1.4721482784729597e-10 -2.5315872257821494e-05 -2.252864632873238e-13 -4.1928788734705815e-07 -0.45495394987572607 -0.021244501793822437 -1.5707958942752398 -0.08456613468557238 -2.064681856346782 -0.8893911660964503 -2.886091132581352 -0.6997599835019411 
70 6.787058206700449e-10 5.5778584321036035e-06 -9.013268186322064e-09 1.5833332130934803e-06 -0.8798968127420018 -0.29834519264360676 -2.284583522932654 -0.24835780761595114 -2.647566623992823 -0.8827578391757622 -3.141578599668399 -2.888447027512241 
71 -8.197666974966289e-10 -1.3232987704077418e-08 1.7955049306574308e-08 8.554149328539976e-07 0.0011719095720223395 3.2600069074572422e-06 -0.24090787246392975 -1.0796513151376375 -0.8071677703942985 -1.6104059412002156 -1.0667233376308913 -1.6139255101783647 
72 0.13077970221891658 3.5492989151084235e-09 1.5705438974944965 2.1825113153823824e-05 1.5609191080588718 -0.004512205704174032 1.5707860573988834 -0.15563171236900294 1.5555700247536903 0.2865927190949074 1.1397965939018184 -1.2074531254796568 
73 3.8216434885785113e-10 -1.7406933499320377e-08 2.599248303742597e-15 4.817599625953826e-13 -1.4874810169553971 -1.3606441459757284 -1.5714039112436191 -2.623491664696653 -1.5724458880942003 -2.7336211988174473 -0.38703570033496354 -3.819781839739113 
74 1.8577096361819918e-09 -1.167650409088414e-06 -3.150145822319006e-17 -6.438156199448368e-10 -6.883928136917128e-07 1.3602126504899529e-08 -1.8661959372956862 -0.8966519367589681 -3.138933618354208 -0.00306361389005605 -3.1415822660019037 -2.021370545913278e-05 
75 -1.433794986371523e-08 -3.433181874365541e-05 -8.501549080114246e-09 4.3129485687660933e-05 -1.5859107038243208 -3.1562583851678476 -4.702003423583778 -2.8781716661208687 -3.368365738520905 -1.6317726977677203 -1.570849694712548 -3.658304203475064 
76 -3.629348794479552e-08 -1.4596236856281459e-06 -7.3691009105308426e-09 -2.862191296773898e-07 2.537899609778929e-08 7.846953470445596e-06 -0.026761843057724995 -0.03246577907277704 -1.5827636358269317 -0.8388771844907656 -1.571064158033818 -0.028708960998786667 
77 -1.9878676116969373e-07 7.81031332275146e-06 -4.635536234129684e-12 2.9264241840035773e-07 -2.4814606212710913e-09 0.02139900394097964 0.04360184909124332 1.7055258893013532 -0.00361641163578664 0.0175022589986016 0.35806104698804475 1.530240649278188 
78 1.3100752670484338e-07 -0.0008676606272288792 1.0363618461712205e-09 -9.379247537506815e-05 -3.9475979539893924e-05 -0.024854337543440467 -0.9252629222614278 -1.2694408683929996 -2.024946829676237 -0.9564007153178622 -2.5899139145111154 0.3193672875024386 
79 9.682324478585139e-09 0.0009169040494376026 -7.069509147943437e-15 5.470355295754748e-05 -4.426973426549217e-12 0.009669066031797825 -1.2854378788954034e-06 -2.02459991210818e-06 3.3112880935147773e-09 3.859129737337959e-10 -0.41209191455897887 0.113121402732723 
80 -1.3703972367231597e-08 -1.6418585460420157e-06 -2.8330638384299034e-11 7.582240342659323e-06 -1.2060695087532464e-05 0.2617554273236356 -1.45514609000714 -0.4732730530351773 -2.12912116170584 -0.0017302919756155772 -1.665326519960691 0.37734818628267414 
81 1.3650791456785208e-07 1.3778454061974513e-09 3.9976265102117255e-10 3.168113056869552e-13 0.001731606587644758 -2.9396975403273696e-05 1.5707958310729984 0.1395326369941001 1.5295177827792235 -2.203217152487287 2.0926061545665733 -3.3720872722521076 
82 -1.583459383189291e-08 -3.4721028764659084e-07 1.071309360773887e-13 -6.752755998400013e-11 3.1743272006188093e-13 0.00024086607179246494 -0.7773112747710506 -0.40273708964877986 -1.570608743363791 -0.3289136485316793 -3.140141987243538 -0.03232677922960229 
83 0.00014952100591086832 2.0006919859172805e-09 2.6935255224876663e-05 1.565103237138011e-08 1.153945365380649 0.001792249008427448 1.4235365798019581 0.07755197898362516 1.5294209153974663 -0.3613617817921571 1.5256989663245912 -0.9792907471738186 
84 0.037594979035545 -0.00022802206488936572 0.08632160460492924 2.9218649172277068e-05 0.028597504245742658 1.1486642046944087e-05 0.7014138990896869 0.06585787883423877 0.9581244692654695 0.1953626169343053 1.137792979241558 0.3446671899429787 
85 -8.287798551039335e-07 -1.1585648798130953e-07 2.067839907011786e-11 2.581353499167769e-06 4.894406251078854e-13 9.011715605019782e-08 -0.6254328783645603 -0.42304953612795665 -1.5838212019183304 -0.6155783775587703 -1.9789739378633686 -0.30895046632900647 
86 5.638932445138727e-08 0.0001768601619390516 -6.950697075749032e-14 8.11166484737373e-06 0.00010508974852268072 0.5707349507804759 1.2561937102157816 1.157010879403345 -1.525342873883878 -0.4679063379951671 -1.5691502394161778 -0.0849080489571687 
87 2.506031872618558e-08 -9.738080688929881e-06 -3.531841178564118e-11 -1.699006689686216e-07 0.014148579601514331 0.005154340584730765 -1.489733799571389 -1.1724211891473648 -0.5175665238470962 -1.4818472995828627 -0.04237033131093214 -2.149428421274168 
88 -1.090512846684339e-07 1.6261249644687138e-06 4.466397336855066e-07 8.919291924754513e-07 1.5705480761030983 0.00035659704771542916 0.9938836503842959 -1.6855639697013067 0.3397328634528177 -1.4506875029461992 0.5717473114484262 -1.9753126958096126 
89 1.8249423400723393e-06 4.783294131457919e-08 3.3918580285190335e-08 1.6125445451795891e-06 -0.020598937317011196 0.004509618779349546 0.0012040565288565742 0.3967112935668199 -0.011660219598193376 -0.01572112178457604 -1.4454197010990144 -1.3021032920498745 
90 -1.0127498928858963e-06 -6.577655278967728e-07 -2.8814845096023928e-11 -3.45559552488074e-11 0.05073957087681748 0.14614781307830566 1.5331575969434936 -0.549780032062661 -0.14850098754011895 -1.5544496819265976 -0.0001836938608202324 -2.841055549562814 
91 -1.4422268012282799e-06 0.0021708876030751777 1.5178762156191097e-07 0.0011795844851986872 0.000118187426742758 0.22636612847819665 0.9433438317126764 0.4313443052991871 1.1809501015534063 -1.7604563655264387 0.4070521097472218 -1.485095716679062 
92 4.638272314781956e-06 0.00020369000973474756 8.078560168462424e-08 7.557022351115975e-08 0.714160206413053 -0.015181287378648173 1.1212605580165969 0.2983864387996913 0.7011129487968547 -4.753408168415505e-14 1.2529643699460509 -0.0371710807294546 
93 4.9711137148646805e-11 5.716203724072524e-10 5.66033088318883e-15 5.587818597953398e-13 8.74495399951058e-10 -0.011229679142958216 -1.571472456716861 -0.348113732496819 -3.1832648542254867 -1.2027005181492125 -0.9165405549487045 0.34159541524372133 
94 -4.997301198493444e-09 1.30671828350526e-06 2.550218171672223e-14 2.4740768492377775e-09 -2.846466178531088e-05 0.00014738398152877406 -7.68296480829261e-07 0.4711932810358883 1.1775790086556488 0.8298602620564984 1.2336355802839176 -0.05651421014840499 
95 -0.0003724811187843025 -3.9108546128434306e-08 1.360531390923606e-10 -3.9827871985962685e-07 -0.020778970065736032 -3.1212008568342213 -2.203849417565444 -2.6274799428282827 -1.5707963253932868 -3.1406381459078987 0.0026685087763452316 -3.141430707317757 
96 -0.00039616635455887796 -4.105305645882753e-06 -1.0512024929441013e-10 1.0705737066757935e-09 0.000731619943984696 -0.04813979240978256 -1.3626426503751288 -0.4665367893411476 -2.8295102133589083 -2.8697663238865854 -2.9467237533508484 -0.943225081173412 
97 6.052057217510602e-08 -2.3440054037312662e-07 -1.1083526259628878e-15 -2.1194904264579196e-13 8.305629440187411e-16 1.3338205629914188e-13 -1.5247806328719549 0.10472343056809014 -1.5677514968661583 0.42153978055468705 -1.587366586273871 0.2880178931195904 
98 4.3441301717745705e-11 -1.0411102948154443e-06 -1.7598255010733333e-13 2.3363821209539575e-08 6.418081910049078e-14 -5.460145094460693e-11 -0.70312790390033 -0.471397768641428 -0.8854106442282559 0.5586074636467797 -0.06791853014369804 -1.4073958749329447 
99 2.3571426997595796e-09 -1.182317417838641e-09 1.457150870570562e-11 -1.7903761369089313e-12 0.009903010999874241 0.00043997602618175665 1.5105571023742363 0.28741701360353944 0.5182232470768708 -1.571380707828797 -0.10587112573879341 -2.057256686214262 
100 -1.4734312958971531e-08 -3.829331848339956e-08 1.3493457611270038e-13 4.094009495427862e-11 -1.3681211812005877e-07 9.474663436392387e-07 1.570796326685177 0.3206872320546434 0.2697686108887478 -1.1689440905398982 -1.4657670197103203 -0.9039709297842247 
101 4.124319200409951e-08 1.1892220804880555e-05 2.2546360136712177e-14 2.9191148315147914e-10 0.0003399848119724069 -1.7994351482223064e-05 0.0002920231186086165 -0.32392756030395026 -0.5291050033269006 -1.53048514026867 -0.31104499646600764 -1.5663059770625951 
102 4.0147473357616424e-05 -3.960034680367352e-05 -3.360749553966195e-05 -2.117592674813339e-05 0.004201406742971267 -0.001467382937741266 -0.06928548786695483 -0.03971081056815598 -1.8247685267243388 0.6907825421833137 -7.689104315720722 1.500099102601715 
103 4.104640266719763e-09 2.6240991508716706e-08 6.3862651640306095e-15 8.120368978016606e-14 0.00036865367478958503 1.0702304538360098e-09 0.6424062593768995 0.01611419128073795 1.2177838977919955 0.33359176362227283 -0.6838957727976623 0.6496411717506329 
104 -2.4868117573970177e-08 -2.3290119484822882e-07 -3.889715049098177e-16 2.7530724305377594e-13 -2.1270819222262203e-05 0.21973130401983992 -1.5707975460413102 -0.07101775582800732 -1.570796327115582 0.032446360547898824 -1.660496158757263 -0.10534220503936317 
105 1.3867543020878374e-07 3.169036665328836e-07 2.978141248308836e-08 6.262869548391858e-08 -2.44349739331782e-10 0.0013879510879242457 -1.0931800762542825 -1.21479397769097 -3.1415486046579835 -0.0001027125476654005 -2.182988750060033 -1.5696394641253386 
106 -5.02107757505113e-09 -8.023943765631628e-07 1.275562716332747e-13 -8.511628882692009e-13 -8.106429695079635e-10 2.8413002000869637e-08 0.3184383436068148 1.4705865089588481 -1.5707963247955945 0.30291230701804295 -1.2363305460313339 1.4449617554696852 
107 -3.045759564603668e-08 3.816704444594492e-08 2.362266200376834e-09 -7.644936012219776e-10 2.4646361023558007e-05 -1.446267867424843e-05 -0.6338077208215508 -1.570800131544694 -0.8568408302164731 -1.5709287898754702 -0.9626901566971293 -1.5715763160059464 
108 -4.887088834574802e-07 -7.923194568760696e-07 5.56032741884765e-13 -5.9095726363184764e-12 2.469934007030915e-10 -1.739823162161571e-10 -1.2628457931415895 -1.478322901062985 -1.5865112699467492 -0.4585986948483749 -2.5363745818026513 0.44911144330168784 
109 1.824371221201716e-07 2.1939233645774808e-07 -3.0510099660098905e-13 -4.732961147760109e-12 1.5065361870884286 -0.197796302057266 1.233741051833698 -1.4352229642243666 1.5141518243112926 0.1771181108612904 2.0757069479131984 -4.222095818154009 
110 1.0462237804202793e-07 5.914677899425084e-05 -2.8205631467223026e-13 -6.931102455796927e-12 -0.4802495394036543 -1.6516699384303064 -0.0071900908387832535 -1.3562548335531797 -0.5587639013829827 -2.1716440642727015 -0.2740210101457759 -3.147335752957933 
111 4.070040467536563e-06 5.595956878124525e-08 -1.0964181286322139e-06 -2.652105448887081e-08 -0.44431652615124345 -1.0798186877732454 0.3161723158396173 -2.1826033608631907 -0.9884324918533344 -2.022964389633184 -1.141624806361854 -1.5643465702632187 
112 0.12477563179592947 -7.623910940274869e-08 1.0486334679473277 -0.11140510154586929 1.3977499131639433 0.28871112219232276 1.4789649835918954 -2.6782522299026827 1.7005487926566158 -2.8252332082263485 0.7675648700328632 -1.726307484368766 
113 7.029720889190924e-10 -0.00017029356601683281 -5.400434333885033e-12 -2.9814883487406602e-05 -7.141902892985068e-17 -1.8464865733248187e-05 -0.8451799278462218 -1.4652365170800006 -1.459619700497687 -1.4977684061885268 -1.9651917115570816 -1.4787586304064124 
114 7.327322177596976e-07 -0.0006332387444421517 2.808683286909365e-08 -0.00013171745110444942 6.438010863130044e-08 -0.00011711715523834465 -0.40399091503391493 -1.3279707332048705 -0.15241571540949048 -0.9956426917436635 0.7851967169198414 -1.4843726490969111 
115 -1.0621868907201919e-07 2.657004077909879e-08 0.00023794620855613737 1.5275640488116796e-07 1.471397927321207 -0.0032979218112029357 -6.673824823452056e-05 -0.4300850502939968 -0.24981444143574608 -0.09867515761597757 -0.78284153613326 0.4128509413510607 
116 3.7333446649207126e-10 3.0379104603315036e-08 -7.488611605042312e-12 -6.966258397631342e-10 -0.002995397352119851 -0.8434319366619997 -1.478597750038382 -0.5058277858967419 -1.5708215236009249 0.010374556330247886 -1.27534715828582 -0.8855734939721343 
117 4.713685036094833e-06 -3.092854632564069e-07 1.1981640345333424e-13 1.9955194740249166e-08 0.4550560019646597 0.0639410664673982 0.2921315305195406 -0.09241159736885225 -0.8706591181648591 0.4231194695296072 0.5142444178162833 -0.5094327967713819 
118 -9.907114210307849e-06 -2.2575218634428054e-09 -3.9052737752580873e-07 6.613379143197801e-11 0.12315719074005417 -0.0012211288120569542 0.43876513849983545 -0.8713050410464438 -0.5145309476209491 -0.6992310204537358 -0.963862673594875 -1.158486703446486 
119 -6.943583717489425e-06 4.993892465001937e-07 5.91615959475542e-10 -3.108227117555798e-10 -5.907499053954849e-09 -3.6736529605947777e-10 1.386311875297646 1.5031802366340767 1.3704947927387383 -2.322867760920802e-08 2.23503673967243 0.10406762247761732 
120 -1.1318809196030284e-05 3.7035417423196624e-08 -1.4794761513206142e-06 1.0164291546488447e-07 8.777352034488445e-09 -1.4205899459520978e-10 -0.14424320840366484 -1.2968918508023468 -0.03426306287678995 -1.5345293186072546 -0.1266414784208816 -2.5082418200725964 
121 -2.9344609428391473e-08 9.797364345329502e-10 -1.008753104072097e-11 8.332124438255715e-16 0.0015968807564679794 1.9772909075052918e-07 1.6398446077445654 0.09306167458499469 1.5731629663823883 -0.31935414136066353 2.119329132936953 -2.5399161367215477 
122 -4.9695232904522815e-11 -2.6664944045953764e-08 4.335209818648374e-16 -3.03741068841174e-12 -4.441630924350038e-09 0.45961702462822146 -9.801391764844115e-06 0.6194418034490616 -1.5692037631715914 -0.7067237820991826 -1.567962444706654 -0.49575341957391844 
123 1.714810477423664e-08 0.0008548702686536704 4.021841919011754e-10 0.000483061202419832 -9.413829012154302e-07 0.39439447321949334 0.02226441777274135 1.3150934125346085 -0.12719521793093533 -0.09083249243289387 -1.0324947527383797 -2.005988117519456 
124 -1.448317199013348e-05 -9.815592808429235e-07 -5.8315904590578264e-08 -4.4137704191532375e-09 -8.190038611587784e-07 0.0018767195332750316 -0.6592276761090253 -1.470803506772786 0.6252067847478134 -0.06549756391985163 0.9765024954687143 -1.3153809583642153 
125 8.512359665719844e-05 3.91084136240697e-06 6.164643323967345e-11 3.8839974637476964e-14 0.7393341958155729 0.10783864381216578 0.8483888557268849 -1.6004869782843876 0.13897170030458 -1.3965407342570202 -1.7164029092332653 -0.29238201707663675 
126 -2.9551758536786983e-06 1.4712117479030304e-08 -6.395190540469264e-07 -3.71293267454652e-10 0.6470638678026367 0.04589574834256221 1.1570956056569162 -1.1919994803136356 1.5705641201732858 -0.7378901201337 0.7605236785521298 -1.1821851941311012 
127 -4.4666109032412957e-10 1.4004986211401532e-06 1.5491409004947305e-11 7.974903189219501e-07 5.0294872421384234e-08 0.7435871361421617 -0.8308249085905428 -1.0430747381497927 -2.120267336370956 -1.339979737271429 -6.204797406073851 0.11727774265096882 
128 0.000659687079681771 -2.1528582145920216e-05 2.8897181000017913e-05 -3.630980650579709e-07 0.8032607551165695 0.0033990787289890777 1.3934718131673276 0.018948882553652416 1.5707963498642545 -0.2632103438401944 1.4201328852609667 -1.005766522857675 
129 -6.173790114442541e-07 -8.462706095656302e-06 -2.7231150801717843e-09 -2.8960534007474077e-09 1.8674796907413867e-07 1.0177966202776294e-07 -0.04938613457858827 -0.21291699420538063 -1.1410738277682444 -1.4650827875373724 -1.5677915074393627 -0.3760861841014415 
130 8.283939190706484e-08 -2.534098814415076e-07 -7.2666411586249754e-09 9.424422465851444e-11 1.7704133813659455e-05 1.171511744037003e-06 -0.32683521462748794 -1.5707091061504905 -0.5781338575469488 -1.5505592037735862 -0.47153087234612856 -1.5707688631982633 
131 -2.1216950499793608e-11 -3.997009015430529e-08 -1.573639883434882e-12 -1.5330079381485995e-08 0.28322957749947614 0.0548994314856699 1.2902762858119008 -0.7584368955546951 -0.06006205818051961 -1.565994719565947 -0.45983168995701174 -0.8459264844793632 
132 -9.518447466097407e-08 0.00041693324229159285 -1.3751403588315876e-12 1.2965827389593788e-05 1.1864361672683839e-06 0.9793733876271711 -0.058815853476486615 -0.25255139128329995 -0.22014904616915554 -0.7713743384685694 -2.712616596466831 -0.8807003556062489 
133 6.03917619403802e-11 -2.7782546169968e-08 7.038607756108987e-16 2.8261704427426953e-11 -3.601665491191759e-13 6.527712878039607e-07 -1.4957971632231566e-11 0.00011516820555198867 -1.5707969868510174 0.32204003909942075 -0.07960740525225901 0.02534921749184792 
134 3.850359898932219e-10 3.1967717505083927e-07 -5.432467218436896e-15 2.3823691629516204e-13 -0.021421825036356017 0.38881264151013156 -1.4721025527627933 -1.121093035606582 -1.5703296318903184 0.0005444794538408249 0.00019125053914820429 -0.2915970774156693 
135 -3.0405870261126073e-07 7.856051248824759e-05 -1.7608581864067483e-12 4.439215333657465e-07 3.1662925598168463e-12 6.441238062725637e-06 -1.9072966648918297e-09 -4.485738057828356e-06 0.2828785076974724 -4.709951018722973 -0.06768618488974974 -1.6511312870478945 
136 -1.5246651617242153e-07 -4.210749942135041e-06 -5.515773637898589e-12 8.52359544506794e-09 -4.189639871998129e-07 8.282777048382023e-09 1.5707962847662782 -3.141592642979126 1.5707961866502231 -3.1415995203448337 1.3610128484656547 -1.9044630225050319 
137 1.0890892490455146e-09 -2.271793593784991e-07 -6.978396952961631e-15 4.2072166026257356e-09 -1.5682066551089333 -0.4994435207774057 -2.673409198713696 -0.2864802987220494 -1.4660519555081934 -1.588990801290338 -2.457496553500814 -1.5314215715538284 
138 9.777430467585492e-08 -1.3083781160901086e-08 -6.155942839233621e-06 -3.6949220443947045e-06 -1.6013333794606217e-13 5.585071971800911e-09 -1.1913225748401153 -1.1094940780939275 -1.8036608588045047 -1.2860824051707083 -1.557264108666825 -0.7191854250199718 
139 4.985459754903627e-06 -2.6708085362378705e-08 -1.847605145447208e-12 2.1169116112087297e-16 1.754762532929122e-07 5.42091554913886e-10 -1.300468342512626 -0.5528090078117295 0.6806708550324797 -1.4696227063138865 0.06905625080759868 -1.5730634969986905 
140 5.178326116679475e-07 2.3037675539336347e-06 8.654351651569871e-16 -3.599945624374483e-15 -2.6264722928159486e-05 -3.1415077564715417 -0.2688841482687053 -1.7370663719412844 -2.0199171051848188e-10 -3.1415929001705756 1.5150814952550633 -3.141592653589794 
141 -1.3769914193208792e-07 -1.4455534594443542e-05 -4.1953130078496676e-13 -3.108589365481019e-11 9.700477480955513e-11 2.423635672753409e-06 -1.0077046345586043 -0.6579697717697314 -1.4151481460072355 -0.5862778590974823 -1.5584266692427653 -0.41482232250214374 
142 -0.0002642568508699679 -2.8957096661405426e-05 8.779809556409258e-08 -4.169800518144212e-07 0.0010069526941418262 -4.924878232889356e-06 0.001718654130825148 8.682407502855825e-06 -8.003507090724582e-07 -0.057762492501864035 -0.34543325369515737 -0.23370712167849897 
143 -4.514477035159975e-06 -1.5559173172659276e-07 -2.108715583690951e-11 -2.4138531377779024e-13 -1.2986275328044534e-05 -2.5855699571734025e-07 -0.5708594700294464 -1.6732861772292562 -1.5514286575455634 -0.9154696651014204 -0.7194354611262271 -0.38491393830922166 
144 -2.627491705177483e-08 1.7892534469689224e-05 -4.4194592939626375e-11 2.132627027201393e-06 -5.47744582682097e-05 0.4858312925484779 -0.6853794824315828 -0.29474705305591437 -1.8472481567199348 0.6912549477437084 -0.8301385672170207 1.4925543002647543 
145 1.4062239813325098e-08 -3.006832812329956e-05 6.537158057614559e-09 -2.0065775938278533e-05 1.7844400667030582e-06 0.0013455011611893434 0.023492421993387847 0.8521150994394113 -1.9528168557745254 -0.2132312554202427 -1.1728285187946548 -0.8014619490800433 
146 4.849844878517935e-10 7.437289843502874e-10 0.7261760698095527 0.03558886639813398 1.2951394115956194 -1.7497174379706455 1.971605803792469 -1.791240390988129 2.1074827620792473 -2.1493833504325397 0.5209997849050512 -2.7018806066822716 
147 8.702206234235892e-07 0.00047354694662589636 4.1581657433944754e-07 0.00023673371872496202 -0.37751635255824467 0.024996154025515322 -3.2973293994555597 0.0025373393719491564 -3.1512179872250856 0.12378906019312451 -3.191164905580231 1.5684009149571199 
148 4.189424833794352e-08 -0.00017807184221850088 3.6947750937121245e-12 -1.8976084750326273e-06 -1.1571567357998716e-12 -6.856775713905346e-09 -1.570632870992249 0.11341020520500741 -1.5722323228734105 0.4861407626845454 -3.5139167162504927 1.063640120422693 
149 -3.3290680697028464e-10 2.413333862859985e-06 2.914922312861334e-15 1.6549593817184808e-11 1.4425777130198008e-06 0.05686479737331698 -1.2437016688305216 -0.9916881886542631 -1.3375118585497925 -0.5189802895494106 -0.78965131101846 -0.45999672508770356 
150 -6.270380683053867e-07 -3.688183650221089e-06 1.0434383726336744e-07 -6.216249405177064e-07 1.6724375171291418e-05 9.931551289807254e-07 1.5357181554249284 0.2736614046803718 1.0208344396913338 -0.8627029016763139 0.22628728527012615 -1.5556223977914352 
151 -4.966679358090575e-07 -9.343581177615043e-07 -3.136227694960286e-08 -1.6465323208084422e-07 -4.6403451464224236e-05 -8.828516952152383e-06 0.3299874928955173 -0.9544682555540357 1.5751622006402485e-05 -0.050144062294684884 1.5531486058106776 -0.5226833308815135 
152 -2.185089377792292e-08 1.8836778262650783e-07 2.863105325991599e-09 1.4181519469776061e-07 -1.4124837786861599e-05 -1.009498735425812e-09 -1.487029561322994 -0.22642012973756792 -1.3471690228980104 -1.6308541010819777 -1.5724860392098021 0.304538251650655 
153 -5.0204434682799694e-08 3.530541069930488e-08 -6.76700328832389e-10 2.466065124311327e-09 -0.002210398147380476 -0.821659364118711 -1.6625013428388982 -1.9111469547429412 -1.532423213452113 -2.9438951826762674 -1.5773787605724456 -3.157025343423767 
154 2.3361502863223634e-10 -1.794328918490299e-05 1.2995150330589659e-13 -1.22249610398753e-06 -2.797839637575889e-07 2.0427379732016764e-09 -1.570848375639159 -0.10257599088423498 -2.09786158957774 0.13390494699247676 -2.2241715102562307 0.45458752374239725 
155 3.006876604193824e-07 -1.2251436324288023e-09 7.56261609563275e-13 -1.6999187019707596e-11 6.748904084421343e-08 1.373180599281511e-05 -1.7017066637812455e-05 -0.006515398608913531 0.002392643428170538 0.009602965587953682 0.0011560106792630766 0.31545354707752987 
156 -3.903225305332048e-10 -8.631473159344273e-06 -5.107927283734729e-14 8.339437599225383e-07 1.3951632757193013 -1.4443185277726027 0.020696894925441287 -1.5554674906163988 -1.7313332882398766 -2.281019648493249 1.214170938135026e-05 -3.141592654146501 
157 1.074711317493005e-06 -7.500375285251184e-07 -2.285948135519958e-13 -4.315784317443048e-14 -4.606743169240859e-07 -0.001881705290172712 -1.2933359768199713 -0.9695567733234786 -2.816250123943249 -1.1356559519608878 -2.4274398199496092 -1.0899226401654623 
158 -1.5910572781144382e-05 -3.737342965359682e-05 -2.8261619832490976e-06 -4.592871615728847e-06 -3.28767851805973e-08 0.00010103544572987643 -0.5754524402853863 -0.2070471191634562 0.0006932021937627308 0.001150645580530416 -0.1415885722698056 -0.04536162975167443 
159 -2.7758314050899772e-08 -5.763471432742549e-07 -2.203268876395173e-15 -1.2456137079271355e-18 -9.541692108759999e-14 -1.3527109599790015e-07 -6.963844322091938e-10 -0.0003930776843200841 -0.7789850010569335 -1.2782728567444763 -1.971153858043787 -1.5682597755082908 
160 1.0950680348293245e-07 6.927646224860589e-07 2.3376917866530965e-09 -1.1122085842654463e-08 7.264501639963843e-07 5.08536627810014e-12 -0.2136887833250088 -1.2754395492445059 -0.32761308817795004 -0.5688604112378913 -0.0012001851574690453 -2.858721879261209 
161 -5.099858755068495e-08 2.5843458699524744e-06 2.1600386210445687e-11 9.875270961990093e-08 8.013801262557453e-07 -0.2873767072961045 -4.55074863548729 -1.5634782956985254 -5.337863783368607 -1.6393745124155923 -4.944326307614042 -1.8235489126668794 
162 0.00014732613634315785 0.6688863425238066 -0.008894652554465211 0.6871085914452573 0.22088026731890986 1.5121344930226552 -2.2691056103600475 1.4298955185406943 -2.391957313695964 1.5413873558437912 -0.10076634573946054 1.4523095155031482 
163 -1.4193825213026825e-06 0.00048499613558074787 -1.9406503776424648e-08 0.005362719176789289 2.8572854563207285e-06 0.27386058200767305 0.08164591150859643 0.20015848821192012 -0.017107727278858575 -0.04269609868036549 -6.748465023384128e-05 0.06227733424117348 
164 -2.609910951709863e-08 5.18051888343965e-07 -9.944629942326979e-11 1.0335675779598236e-07 -0.2537019188827312 0.00046808212531613804 -1.7342425114141775 -0.2887628848430598 -3.137124510677909 -0.00037442753044950836 -2.954404967253586 0.2580817611208819 
165 2.062281270301796e-08 2.1531470047370723e-09 1.8718671948970288e-05 -4.1477865149364323e-08 1.5350263847016643 -0.008297093226053391 1.3234678192061287 -1.554450863612914 0.4939607471162799 -1.9631485811049292 2.425661110672726 0.6762020159666048 
166 -1.2388710650028532e-08 -1.104953570468447e-07 -5.498139265764265e-14 1.115309632754412e-12 2.9392631607959665e-05 0.0007000615418599417 5.4330663283410526e-05 0.00010103814394765701 -0.419431447095694 -1.4561632871373562 -0.9397865270026833 -1.4706664548176176 
167 -2.2036823526564926e-06 -2.8854918590853355e-05 9.746271152735937e-07 -8.395269094107264e-06 1.5695209322164216 0.19453376269050593 0.09132116140526203 -1.1009308949017527 -0.8419602863473058 -1.828570750507877 -0.7639496535528245 -0.8304396712111894 
168 4.365696157184081e-07 -2.752574600296829e-05 1.384477760527294e-11 3.130542118700512e-07 -2.5891871055622014e-07 0.0005470465125095421 0.0010557351160616084 1.1821183803362774 -0.9462111448308242 -1.0120409033320885 0.1075226678455452 -0.32874151901387727 
169 -8.248845815860469e-06 -1.8275641330181085e-07 -3.462358254573336e-10 -4.31988618233313e-13 -0.0011539408572102483 -0.13245260933349137 -0.9461056710582046 -1.478519911605295 -1.5698128696516869 -1.0323710010076612 -0.9421213921194886 -2.0209937471765222 
170 1.246362842289777e-07 -1.8931556794753453e-07 -7.172384816445416e-16 -1.9579065830493835e-12 -0.03079380234280175 -0.026062742498222338 -2.046501781280887 0.3767576053672127 -0.3296405482343123 1.5718486185849627 -1.022868360320377 1.5551482325504296 
171 7.06784267469706e-06 7.582075159587829e-09 0.7263061016536465 -0.00792443497191938 0.7263113428149698 0.01603745676393855 1.073714999925349 -1.2177877743558152 2.149871970471111 -2.2819802508416447 1.7144612692712873 -2.079233507182708 
172 7.391525749853823e-07 3.378220112863631e-10 -9.214719611916893e-09 1.0908441001632613e-05 3.327783932899822e-05 0.013024672279335792 -0.6537507547681733 -1.2427919865989603 -1.1431395594166633 -1.4418750686084403 -0.4560322642899015 -1.56973796190496 
173 1.2656357901971915e-05 -1.332065068187117e-05 -8.656177595562566e-15 1.174372693296084e-13 0.3463295345682165 -0.014089760654234302 1.1680212753902406 0.36500603885730915 1.5300860962593945 -0.393087297684288 1.7161534858374323 -1.2594403771113372 
174 1.192421616908207e-08 6.901379080781551e-08 2.3446990955927164e-08 0.00017419267571059538 1.5719546020469334e-05 0.8345178867745424 -1.408369589766668 -0.6699020408115895 -1.1724299813762427 -0.3773520421494052 -2.4479069117137904 -0.9512500441322747 
175 6.249934002804132e-06 2.9043019297647437e-06 5.68503548843018e-07 -1.6640729522021623e-07 2.907545731973385e-08 1.1460044289804962e-09 -0.23612623515649794 -1.4983776110611386 -0.49051802378197057 -1.5678156079677164 -0.6580593868152347 -1.5622296448588406 
176 3.0977342111452913e-06 -6.177264640393398e-05 2.0043063695872004e-07 -3.2613069955465566e-06 -2.7409651527709665e-09 4.204256837927702e-05 -0.5032314207976715 -1.4753177221711669 -1.4204095650146698 -1.2756666758507962 -1.5724376359383558 -1.0174328495284486 
177 -4.618761121415939e-09 0.0001547777911943319 -7.461580068805052e-12 1.6865944461856025e-06 0.00012005015619481957 -0.006951776730988589 -1.5707722144854486 -0.6372522767490834 -1.5699436807776177 0.06602910478185435 -1.6540717415212052 -1.6479500942169376 
178 2.4333128964713648e-08 0.00028111022418641173 1.5205348684109383e-12 4.2197581305998965e-05 -1.3571411733048612e-05 0.4203126799966049 -0.3401789789376141 0.11224180476002575 -1.572815296513727 -0.47000537929672354 -2.2301404673890537 1.145547512159871 
179 -0.00018604595318118331 -5.464801471137841e-06 0.00016333263912741706 1.295248462412646e-06 1.5710592266944488 0.0015462677548706899 1.1962517006926316 -1.5383113445850103 2.0790370373712777 -2.189758795289076 1.6218862106428482 -2.6336529153044244 
180 0.020669393735377628 -8.906910692943556e-07 0.03682726233852723 -8.497208277359232e-10 1.4565412081381774 0.09622346430210042 1.5707237219464931 -0.18961965081075516 0.5835102689303864 -0.979461877648544 -0.349158653042263 -1.6578097247068 
181 0.0001438224722376006 -2.0377446708689412e-05 1.3023133016344865e-12 -8.096820583381905e-08 1.5383908765471192e-06 1.1241616942554482e-05 0.8658994091405461 0.5598359182105834 1.3211509096149716 0.18942460321020158 -1.5707953480936114 0.009058717180509166 
182 -1.8307135614338362e-08 -0.00010723026172079647 -1.0523774561766855e-11 1.3316671311901995e-06 -0.9825037297599972 -0.5553913746713062 -1.5705992547342718 -0.11425627239587677 -1.8022177245781672 -0.23087813422155234 -1.5920321412456497 -0.23751018615095545 
183 3.991871244751261e-09 -1.371703165146765e-06 -1.8348711307719896e-09 -2.777119877263376e-05 -6.605898016721943e-10 -6.713945929155999e-06 -1.1828883832840618 -1.0416392074354 -1.5758136295698342 -0.8140658081475031 -1.8394476575676586 -1.2305389339324515 
184 -8.52800689956226e-08 -1.9093500320054163e-08 1.2703635903054426e-08 2.1003161668281408e-07 0.0010384798045598759 0.0047955619226150705 -1.5929931414211296 -0.07341157972010498 -1.569348627127037 -0.020918725648986926 -1.5705403166918284 -0.07509881020597439 
185 2.114616651327561e-09 2.1039199728558084e-05 3.128465096969696e-14 9.257285547282425e-07 -1.6333445264024008e-06 -0.00010257771828747676 -1.55672558228718 -0.1365491297679239 -1.5707492587719316 0.021478425738296347 -1.5706138554245779 0.1347961392008716 
186 -6.041753272747485e-07 2.6485255806696953e-05 1.418414537312205e-06 0.00023119482190244465 1.0046025149794688e-06 0.00010068037733916925 0.7011946537692813 -1.7068008795794922 -0.058708597636495684 -1.569227405103562 -0.8436040551633888 -2.1524470222820735 
187 2.0708601126008998e-07 2.4435486972228954e-06 1.5728150760596715e-14 9.822945891142456e-09 0.00018967417435044204 0.31565979395852983 -3.441014064764956 1.5309093088526347 -2.8294365586772052 1.3865400383811792 -1.928803343132859 1.3042973399200612 
188 3.3833287123530496e-08 2.4199795468302484e-06 5.033281853447562e-13 -8.448486748072038e-13 1.0180739053905536 0.026920075865602664 1.0733259332332037 0.21004798654217527 1.1625174267789125 0.3712711717517462 1.244962699748552 -1.1076181527147761 
189 -1.3980375914178318e-07 1.2077253214569014e-06 -3.316323007703112e-09 -1.489491134073219e-07 0.8668805341628748 0.35517204439428 1.5702000742301874 -0.18491233413362393 -1.0391171721216643 -2.0469561190918872 0.0009753114616580415 -2.019002390424288 
190 -1.9300369899923052e-07 6.137933203472843e-08 -4.150293997367717e-14 2.861832745899709e-10 1.1861509084348942 -1.5227284737152988 3.370167321454636e-10 -0.9056605089345476 -0.9249587772641219 -1.9107683416711398 -0.04199450490592737 -2.912086427997798 
191 -1.9321946508058743e-07 -4.050904463310351e-09 0.5721943720363348 3.3284176621312055e-06 -1.0954321204341947e-05 -0.00589446632853018 -0.6249290550887558 -1.620456332234105 -1.4500605305780458 -1.4930792235364025 -1.5327893562178403 -1.3969190838139438 
192 2.3444182806892608e-11 6.670787192931037e-09 -7.647759113530422e-17 1.4576729582567923e-13 -2.781153335591072e-13 4.889375118641285e-05 -1.242067539662714 -0.5937182022148947 -0.0015791302111919062 -0.0031019870569687314 -0.3772526189433312 -1.5732501781182795 
193 1.0179237251087586e-11 0.0008373435971598718 -2.632301302910835e-16 -3.5489399194308918e-12 7.450156942866829e-06 0.0007093268104702989 1.379647998344275 0.5707762199640928 -0.5273152327482887 -2.122751109129806e-06 -1.6432636655902217 -0.8210341603294355 
194 -1.1757698968233637e-09 1.1152810889445585e-07 -2.8262228698085772e-06 1.726970343682855e-05 0.18875409582317978 0.2040263176886111 1.2105308379973414 -0.30565328870338637 1.0207280979412698 -1.451999761485905 -0.05243366478779005 -1.525874078332861 
195 -2.00647785077853e-08 0.0005048714518146222 -4.711830516697042e-13 3.0099212690232914e-06 -5.023907911109626e-06 0.1482454743986598 -0.9907629232965159 -0.333049277307586 -1.3488203172644024 -0.4222013329103919 -1.5543282946305579 -0.5681551217355671 
196 9.257093895642224e-07 -1.3639131526208432e-06 4.876974621010405e-05 2.868245850887159e-06 1.30332655406166e-05 0.3207535370488057 -1.5710126006571639 -0.4790597016806443 -1.569761452798599 -0.13967287494634661 -2.1448484911118144 -1.0751302872672386 
197 1.0868880635055652e-09 -2.4875071240783375e-05 6.9090086965946135e-09 -0.00012397291333803725 -0.32580399017965855 -1.5327079773733807 -1.8145404946213184 -1.1254168591855473 -1.0239612416818134 -1.5793386055247727 1.1232609207559876 -1.0227995634690619 
198 6.990498093959852e-08 2.597068900288717e-07 2.0016434960899455e-15 -7.309478000629416e-10 0.8581807549677308 0.6385770844044585 -4.008825732679425e-05 -0.41484318014456995 0.12334338099847122 -0.49643749257356823 -0.6202207773707826 -1.8697289255721727 
199 8.008451891131877e-08 -3.1139954071986087e-07 4.7778691875598156e-15 -5.828179356263806e-12 5.5062376055721486e-06 1.7198106513861554e-09 1.510912961126346 -0.27360164582722896 0.7821533553173001 -0.3318867713117918 0.8279085219327099 -1.6469391823829334 
