0 0.2679222691993417 0.24419664308813882 0.2599118584090172 0.12819582080474112 0.001992550223893108 0.002914151011951027 0.3810375502015315 0.14015482895753717 0.004508655237323023 0.18881201033003547 0.11992074529373498 0.001443412940288935 0.23124314637340748 0.22380190425526436 0.21999730427834496 0.0011885545643985918 0.02671306040266841 0.18988789327055833 0.1885093141752554 0.0008182310169309037 0.2581844986825572 0.21246724551265284 0.008970376291629112 0.0028583482320720943 
1 0.201000438041679 0.19216706547395113 0.19832425111899243 0.19164595545074992 0.19840490644383602 0.19722518712286652 0.19403925534849953 0.22388088575451603 0.001755233335272166 0.002065953467121018 0.0017386152856737613 0.214085148846211 0.0006829201714206867 0.0009954045784628107 0.0017247789027490246 0.0009860139268524915 0.19323817260542642 0.002554926108668587 0.014394605856856035 0.002879873424497026 0.0010768222616694967 1.8121444253460566 0.0006533946203157726 0.6649557968083464 
2 0.44090467049219684 0.26054838883993336 0.2676634966975946 0.2566598580864241 0.25940843731569685 0.4601645756066477 0.004135007110588784 0.0035848905441226986 0.19165137543054467 0.013863813578405049 0.008628207442648028 0.20444608025502387 0.011428160093811535 0.004165915862337055 0.18939162222318084 0.002602959344422784 0.0022256660526633887 0.1972349504024309 0.001402066339142971 0.0067670166877962235 0.23600280669331086 1.9474584086295224 0.0023638491054449595 1.7929189606251463 
3 0.23091210169830445 0.2252127381256508 0.2243246951108704 0.2454425756262828 0.22805272027930346 0.22343692427922424 0.23324591665887606 0.2684695087869542 0.19382704464402156 0.22838668385898697 0.04179213677934235 0.001045494352647447 0.22282834251629202 0.0018163935499475592 0.2251905821172442 0.004500009578600528 0.0018353273795626013 0.0050828210256788076 0.21640116303300116 0.0013338199269390394 0.006765859829187759 0.0036154258163514363 0.37031401967685507 1.7583069958764739 
4 0.25172744405164993 0.0012216029846283671 0.11492333780030695 0.0021291339572728774 0.03341023714260105 0.0008885817890209591 0.23605888394272756 0.30349055456950036 0.0036687881017101187 0.004338470453658871 0.0030300624617234373 0.19223456980912368 0.0016537310397577443 0.001687205084440313 0.19501898645435323 0.0030514696520269613 0.010438326978847723 0.00382513235796611 0.013802239477597844 0.0012125290820448331 1.3611436341645606 3.2954497360085266 0.010087518164303644 1.1631508638194037 
5 0.26300064862552386 0.25645096246036037 0.22620025484114414 0.2303580039256845 0.24435238353959554 0.19560102090165832 0.001967216060849486 0.009878965357725589 0.0002406302755979528 0.18910912854886108 0.022117839666592864 0.22273941977517842 0.1940374062453183 0.006190772564965696 0.0010883037966187281 0.22411859186266248 0.007675656664674069 0.00295070365660699 0.0500579090367308 3.864761959329822 0.3489979387545863 0.19084815254559095 0.004754499986937333 0.19952449923406856 
6 0.3820775253075024 0.3801506662493028 0.0016695405452200607 0.008859729299020014 0.023528436889446613 0.20195929722388462 0.0014617158350656023 0.21919842660198952 0.00573169418584718 0.22448550066827888 0.22059222448896865 0.0046220312814282405 0.00990079255238796 0.07551375130822868 0.0012037567189373544 0.12471720274505826 0.005613235985884479 0.19475548195275372 0.24390087747835798 0.003318970370639329 0.017886983687585234 0.0019711461878249015 2.6928124738193846 0.0015770511656751918 
7 0.20336705218065942 0.19190530081825874 0.19283770936846412 0.20674058413383256 0.19969460523681648 0.192862906253078 0.19255453652764332 0.22507010735408284 0.1919400449056503 0.19869605185481665 0.01907813339132325 0.0018575999022256706 0.0027229600187259617 0.0012130612327274637 0.18910265320189112 0.004227788298627022 0.2233836557526272 0.01094189671568424 0.04476023309536181 0.2312250761097867 0.19677370086016555 1.4648253744790147 0.0017347026401060006 1.542097343057897 
8 0.4181361639228738 0.2273325719912982 0.22285784064357617 0.419353409155963 0.22132935010237453 0.1921653656350495 0.012106624604752314 0.003020521996413006 0.207604018422608 0.2236419275913646 0.21119740089814476 0.006333038501318278 0.016709707466863843 0.0033057767597697296 0.005139825207175042 0.0012039084546453527 0.0013510526550322144 0.0017844277952228094 0.22354475232700444 0.003458172378407731 0.0334901261009799 0.00435504448342261 0.2264496341421418 0.002280431915166803 
9 0.3283541212985621 0.2609232030942754 0.2582565751001862 0.2591599434005467 0.259289351808635 0.25708186278043765 0.22635975471267478 0.0006489574341057569 0.19258904002089094 0.007570844411352473 0.0027038763791942255 0.014934289333522921 0.18756670810465526 0.1922305712503256 0.1883957528817053 0.008296028806004996 0.0013806491711261248 0.03234862156381779 0.20631669137610165 0.002143088426578732 0.19313090790787601 0.1895218594438579 0.13974384487050173 0.1905930965476288 
10 0.1972556224951525 0.19475900446990368 0.19771254912204284 0.1924769249389735 0.19843550250069963 0.19472478495922996 0.0013888293677504215 0.23025205835969653 0.005540777008085751 0.001503972321767133 0.0014252850279192764 0.005348176872713495 0.21437599460676093 0.0018765937089155749 1.1009628200361643 0.2014804671385837 0.0022021636862668004 0.003009615519484088 0.18821058364981091 0.0010807479201886405 1.3167100184674188 1.523085319014506 0.18892573548911007 1.3799556628882148 
11 0.2911731765140886 0.19294583330556425 0.011253902373201674 0.19290233349422747 0.19400572552653306 5.795867707636404e-05 0.19212892894044087 0.0027619946101489212 0.00588373555606303 0.00161396982549733 0.21330268980385259 0.22907538011096062 0.0033621686417368846 0.009708290515909157 0.00225304762716827 0.22571955894858187 0.18894100555922422 0.003944544249995019 0.0003390076474385495 0.06682317647414959 0.004648489887569607 0.21350591824104903 0.20199047618168464 0.8849228795078377 
12 0.3159109743193431 0.22372861170517044 0.226728238946315 0.1914340096836189 0.1938800403010994 0.19208363469372025 0.19128189347937807 0.19171141488850485 0.19785125701281858 0.0008222869470038141 0.0051554103364055415 0.05578303754779523 0.008036898579471208 0.0004888140990002565 0.2420472791300965 0.0007169264203334968 0.27552635458901786 0.005086289409866662 0.6182967288271604 0.00428051731367618 0.008924961420446076 2.473355641745499 1.1199694360751011 0.023186099166507823 
13 0.2454242273254974 0.19506678050599424 0.19197387399778099 0.19503339631804972 0.22615193206129391 0.25634012808093765 0.0013309983282698834 0.0057612311254524595 0.37012646203240385 0.1880801967210104 0.011441963543273426 0.23241846405428834 0.02701044381228357 0.0014411136237610922 0.21326663242789778 0.13887672464003264 0.1950602430044055 0.0025625403295723714 2.75521034462253 0.005824542948675404 0.003578668183348954 0.0029834346147079582 0.19817189482581266 0.0182593554365178 
14 0.2326889674374446 0.22573733639159665 0.22440560041721125 0.028289018435817104 0.25450220976504423 0.21920982541210754 0.0010389345805117411 0.002394816140066869 0.011243672314353192 0.10244023297164184 0.00054648662471668 0.22681097604642875 0.0013923856016104796 0.0012054527341043286 0.005640497122116006 0.006906609501578398 0.2593160621569788 0.006033749442119429 0.22524334189662043 0.017522901526828782 0.35753033917567434 0.44194948111958343 0.006087129895019139 0.2267913604940559 
15 0.27186502778814203 0.2617438477647247 0.2570711346495387 0.2587334658464775 0.2649238903672404 0.25628528006073004 0.022762147462292992 0.25019355634721663 0.0019963555779589637 0.0054118037801003105 0.2243048458106467 0.008827516173722572 0.22828665228931322 0.18974757458045888 0.26424359145969567 0.007391740083669385 0.19663019126432824 0.010921380681489179 0.0005807939474766766 2.1065761493107042 0.0056688757074316865 0.04385444845598285 1.5170221875592078 0.02889031456690727 
16 0.23205086700223432 0.2329025518237593 0.019129663275735176 0.1980910780609877 0.19233769166515846 0.024700241265932288 0.01587396770795113 0.23183083489870104 0.0021261722472660782 0.000557301368172114 0.03292517396912453 0.22647645600451982 0.014955926331752245 0.19487329823919342 0.003582163888932177 0.004924614356358381 0.18987603717957247 0.19644656361851487 0.00622674961108638 0.23273722267628405 0.0029886450944374143 0.18865915871831662 0.07668520302623794 3.2903307644164497 
17 0.26018733288711116 0.2711303033028811 0.19126953854510687 0.24812344494285932 0.19296463745134318 0.18808330196581702 0.19387293370581915 0.028652296557720502 0.4685907174671844 0.00011684389448518573 0.19376718249495517 0.0024304000784338697 0.0020570469552911863 0.0031409285448871227 0.19734711761762957 0.1914216443798229 0.0023071657104387633 0.22361927797690995 0.22985312156541648 0.2166014239548566 1.3163286006453563 0.08574233311337598 0.39270064034525043 0.010015623398472506 
18 0.010579052860010707 0.007049570486818757 0.0004701102028514814 0.003195426710668192 0.0012844413356127848 0.012196244316096116 0.0016529210871993882 0.2660250703620808 0.0032880729702258193 0.02119288574946898 0.0007932351991839504 0.2285225023102362 0.1873576625285276 0.19384620246130813 0.004799310335518836 0.03741082138525886 1.7627031442951369 0.002141835875806297 0.010262770661858767 0.005027618421444391 1.7014634389296612 2.3467134113025008 0.04971460672699024 0.2795273416908879 
19 0.42819690587321757 0.0019016775294373733 0.19423872434132772 0.19170569496301004 0.19307984199804107 0.0018600186411221742 0.19083662915690214 0.015714987925123935 0.2137704525981703 0.007186969404613164 0.18585467894123076 0.03779879538605724 0.2321314043500915 0.3901069629046501 0.008985320185864065 0.26090369080516607 0.1896844157568658 0.009900835099481586 0.007018121721171777 0.03890512405367308 0.1900695182781429 0.1883141395396981 0.0051043364591008 1.6980204263820806 
20 0.4453029879947459 0.22329561061313008 0.09112778128646015 0.001645346167102213 0.003202153736210356 0.012841413174194072 0.004320142286019069 0.21666135942956366 0.0019857139701027204 0.6840740184733816 0.007649113947250763 0.2555077912047614 0.013523405641017616 0.0005536156738601417 0.0012856146276813973 0.1875309651681336 0.0037314417343019546 0.0034494999368412937 0.0013020362576894318 1.6614861210954255 0.3243734721777811 0.2008652307092651 0.004076483560997657 0.006165698338668202 
21 0.22275695295148124 0.19538418687739734 0.19191116059416902 0.20157697007592734 0.19390704916948054 0.1275255154255852 0.19150255895100865 0.0008788147868834528 0.0010976393167896337 0.23455199341990762 0.01263120937763862 0.001991930728110658 0.0032822951921818166 0.00086492773394653 0.0016038899985577615 1.0932828527051144 0.0027639722077372753 0.002127614849160686 0.20523180082805914 0.0006072592167118973 0.003926043653866618 0.016609716886980763 2.1030858619208255 0.19507047470597327 
22 0.197167909200465 0.24462570044512 0.19231746684916118 0.1924441553971874 0.19631062899516305 0.19239320478504207 0.001858499470849928 0.0028687556851425544 0.21351096605367892 0.005645117777576258 0.0010971436917470712 0.22079028585521443 0.0024686992660500895 0.002512593001509078 0.004247943028643286 0.001104972977613139 0.026997285237484014 0.002500209048525326 0.19240530927112398 0.008134483171021056 0.0028473213042869983 0.0979402240684899 0.495107679148441 0.01118037158127283 
23 0.2289927656461781 0.2267771740022555 0.22453054312716247 0.2252008418009852 0.2264613187729927 0.224336087292192 0.2321654408299978 0.0034762596454174233 0.0011358274690183023 0.21646429379344223 0.004251851060431688 0.0039495134562013146 0.5030419408597533 0.0047286655435545555 0.382527063820177 0.0017456585287694004 0.004649808040731784 0.003679136183593057 2.783083690978645 0.18910121708634287 0.199763178430016 0.016918472208689694 2.3450140152294034 0.22249569887359866 
24 0.23341140060511023 0.3255746992759849 0.22597105903848558 0.001296464157048094 0.0710377477165407 0.00138348356438045 0.0015321006776296553 0.002001978095821366 0.2298781398869516 0.22565691372613483 0.19214720313421219 0.002379531145771052 0.21675301332783614 0.004046572240266055 0.0007470286489306144 0.19355501104767558 0.017132004297087278 0.0017077079338161383 0.19811605456278958 0.21867663175280194 0.4591052598119967 1.145275434925325 1.3893653644721642 1.4320358650665774 
25 0.22628625303823946 0.2238880181741656 0.22449738115123385 0.2566465941476377 0.22596876134085786 0.000957698863365275 0.2383614371216971 0.2548261443457496 0.22348490185519987 0.27678656508533317 0.21708575823575194 0.21653675890296342 0.0018876319271583508 0.0009416899987488847 0.0035204941006785617 0.017406452878192757 0.0063184251761929655 0.004910426241924615 0.000895373770722907 0.19118816446527465 0.0038425783248121625 0.005734606114742746 0.002913840900891751 1.766743939790499 
26 0.24955324787419797 0.22392806896394957 0.22599617682208617 0.2261999137373294 0.23092974145406764 0.22647929616675166 0.18997484132285725 0.0011815142514197685 0.0009113747841580366 0.0024680261366456513 0.002322021177270761 0.0031835582368122672 0.0009206882013106377 0.0031613861081816186 0.18932323802318662 0.008236236686157028 0.19619648283207858 0.001236662730047966 0.003081169263006167 0.005030320323466064 0.003293381655161909 0.19619591688794058 0.13819342816110503 1.2179421214162183 
27 0.21164240411273894 0.0025908054233845235 0.007609518034114249 0.1427540003765766 0.013541238408997014 0.19316991275552864 0.002176244030568597 0.0022385850461992263 0.0052080092360662356 0.22509539657242605 0.19712867217847974 0.18819995851475602 0.011412425403116266 0.2563310668917578 0.0025882808409187774 0.009181299205090143 0.22840329420268102 0.0006244932339103393 0.19458636729523748 0.2265565101145961 0.00250864026686326 0.06007920923105248 1.3565583676466924 1.3696422249515503 
28 0.2528057301664708 0.0067288844758768285 0.0053851457201585795 0.004783156406342526 0.007709605402767217 0.00016768696359115154 0.24630108590775834 0.001576735404615448 0.19176618074017604 0.24067867582473967 0.0010304790528443686 0.0047047238397870395 0.003907856887642058 0.21537027923695717 0.00432456927214786 0.12902972630433318 0.027556376799144466 0.20326664033122843 0.004461392908361894 0.005139193376175966 0.19088956299825566 1.5107161535072746 0.0011631609480384775 1.4216707333088623 
29 0.23155024357945386 0.22737833700542898 0.0004754391913941447 0.08194192750057328 0.0015689030280918725 0.000621739667068244 0.0036044053781190133 0.003348687706332454 0.19199843973413366 0.0023311423634335693 0.006620502640966475 0.2343532274943323 0.1971518856664407 0.007760829608776554 0.19227105809446754 0.005527344524273614 0.2323635467753591 0.21345191998239432 0.5233309633220495 0.19208008207682226 0.19562255453602173 1.789056257686297 2.3547839580042167 0.0021930284428930413 
30 0.26182614726512043 0.22957987050429574 0.2237814644065621 0.22306387647305925 0.22364843310280658 0.2614054886212094 0.2238151173188443 0.004339674773041757 0.27607821920042475 0.05354820449818387 0.016110326080095216 0.0014809236509258916 0.0022336344172386724 0.7329556391521683 0.003106912876042367 0.0007585680711728049 0.21374521073440422 0.006945422039092319 0.0003074489268903857 0.19787427298101434 0.0010965452955600252 0.3063221078128797 0.194013114861451 0.01210857307223745 
31 0.4379323241492432 0.2059383089058311 0.19274988688824113 0.19396530650713895 0.20997286364459433 0.19478495494832093 0.2203004476423378 0.005322362450276064 0.24665234237974154 0.2271837662982208 0.4175450503538338 0.0021851522736782147 0.0017890228200199143 0.004586398797503 0.5475364372636617 0.0035080023104114844 0.018316032077307476 1.3335753896692473 0.01140231979336015 0.10507243189867133 0.006496928048397521 0.21325377376606225 1.166347374299611 0.5858423030325155 
32 0.22108025068789772 0.20129592605653057 0.2200866677444966 0.197153264079728 0.19325014169451515 0.19667361660003402 0.002800593701424381 0.0016803021997793266 0.002748613093979113 0.004988546768937008 0.19828453258074275 0.19374502782536007 0.19826580372470426 0.22644436804294865 0.06461019020217917 0.36123772059331016 0.0025816192125160953 0.005638316613403083 0.004094897996226088 1.8103956895335382 0.22346652398018296 0.2241136360543956 0.0021977642254054075 1.084097558915941 
33 0.24363240639235695 0.12835929461094042 0.13392706171426716 0.13018765204605343 0.0009017254780037121 0.003507789721008736 0.028875647468377785 0.005948006328490907 0.0024400104242763287 0.005350349435947255 0.23035822440749265 0.005178836029836598 0.01913621592221726 0.20236348141808502 0.19837110608267228 0.044777273804123 0.00731066828704896 0.21500719551325687 0.188971237138845 0.005231969227076805 0.000930046441373511 0.0016551971620573092 1.5952622582127427 0.22895814673577908 
34 0.3336279163769038 0.23440072330548056 0.22534950370458917 0.2238811752317016 0.22291703371722882 0.0009015348359493469 0.001030853142069077 0.0010968473122368039 0.0049965445278965515 0.21330361030114164 0.012754965629855342 0.015426384204092924 0.2586411485689837 0.000361669430027467 0.19340049056293407 0.0007612662210465526 0.19204933900684718 0.1349134482784422 0.22813494294693304 0.027000160092208736 0.1745499262363306 0.02121636661877835 0.006722476705468106 0.01081418460714767 
35 0.27413549128747894 0.26303633316712083 0.25795945785939667 0.2578890779608607 0.2561065518479557 0.2573381539192121 0.19233518053122878 0.6141926541163043 0.19528587509039874 0.0010380038190138663 0.0011162837763474265 0.0018000540386033936 0.2565957440429021 0.47999933688335017 0.004211786444360488 0.2570367359404533 0.47411636239743093 0.19283716177197352 0.0020805445137088707 0.004585923087784272 1.4535959459950167 0.7176397051264958 0.08667401041172074 0.0010979350203861316 
36 0.20006412158413966 0.1931266314864204 0.19389144200642905 0.20517725428734868 0.19323819009658472 0.1940624787835954 0.012736361873909363 0.003924441088986708 0.2107297353856854 0.1806272303823384 0.21389024241830756 0.21335576213194907 0.22273933457304085 0.0023439100111806166 0.19012377247256795 0.0029422044107449974 0.0014440842437972723 0.19061155778255978 1.6519655976022287 2.419678676270777 0.22818159127667026 1.4751969006085017 0.0032122845788473686 0.009091781767812446 
37 0.23192392932913708 0.2272875048715186 0.22737530241725 0.22594300067310513 0.23591138379436805 0.22521736216215293 0.23499617014589824 0.007187600998675103 0.19102789315270252 0.0020288429610297865 0.19550974917462693 0.005915787151621332 0.0013137411275236932 0.001356039090146588 0.0018173064788378213 0.003776333865387782 0.19180996973675657 1.760189022677196 0.5794711914498099 1.8254588726959864 0.004242266511237158 2.185495863829165 0.004945420309025561 0.008981859495609701 
38 0.265525923861645 0.26015702439446 0.2669907033109453 0.2565570637026504 0.19317920378775488 0.19539604566978253 0.2896220003790291 0.0028166139550691582 0.19281543473132867 0.0010498259022000411 0.1982982066391905 0.19995224790310195 0.003356916187266412 0.004231905115163359 0.22392395256080033 0.011114929667636053 0.22460826926587885 2.3861841811153894 0.19019423541376868 0.008146257465367457 0.1883228697683399 0.5264364047845265 0.1978402597663962 0.0008789160502460369 
39 0.2324228491005189 0.22332545728492037 0.002465823186800664 0.013976525816592034 0.18790676544400764 0.19236206501232056 0.22393759080073972 0.2152010118087775 0.22448938002127572 0.0017250446025063315 0.0016445698091986927 0.4183360210235132 0.030183038125116024 0.0022033684261140163 0.007941442738419013 0.19302095642061934 0.004833376265306999 0.19256080252351593 0.0016976958566630174 0.7145175960362415 0.19212353105332025 0.022684385589079703 0.004420372944230033 0.23006347348464562 
40 0.3581477692000965 0.33358902031597104 0.4656717915144659 0.19361787341577563 0.22204648659807313 0.4265454010810239 0.001646022641039746 0.0058740595132844575 0.002787043153537727 0.0018229756969205813 0.001345996488108403 0.00047560812943236996 0.003973795000097091 0.005636752975414883 0.002092923585875983 0.00966240042109856 0.21350074243516315 0.1952512446529795 0.3014466496752346 0.1921366709556993 0.22597190341585782 1.376980151986246 0.0026678544757683387 1.1477618122925912 
41 0.2358667299177657 0.227790480902464 0.22323497195633135 0.22608275020749335 0.22371486388279083 0.21291962114752505 0.002124500317481459 0.003985002105387103 0.0019526288982967266 0.004713243998553551 0.0028177356155534294 0.0007553322543480956 0.005799092385417204 0.0036057774032054457 0.0019639433987101995 0.00478116866092404 0.0004927586093734782 0.18788450098738108 0.036227526514878816 0.0013424049120678294 0.001460732155206701 0.001731982727370296 0.19071467414972498 0.9838857393892048 
42 0.27190288246935856 0.2616843969480023 0.19220008364399277 0.2348763327457002 0.22118133238737148 0.007944457696111407 0.19278660110190815 0.0012690976069180682 0.0319061573453816 0.35385443353335555 0.0022431842992265416 0.00044342267447872175 0.006261976315401707 0.00048754145554341655 0.19633668247324176 0.0032822279042550306 0.22649228195199034 0.4454633935603065 0.1341026237747298 0.0059156801958839544 0.0025800923333882952 1.3086907647487387 0.22207328428227302 0.3572374524379138 
43 0.22927137427825595 0.32126880474648356 0.2243819022134239 0.23663055056254434 0.22639779155522732 0.22354060781295404 0.19044051862844547 0.18854629843716575 0.0010307196492029824 0.3515306941522012 0.0045478136043595185 0.2258461199021804 0.001634544756755174 0.2276872079387231 0.2164051177730255 0.2630872584631043 0.28198759373602367 0.004459883749406979 0.033240097781646494 0.0022787482962074446 0.030996099879399885 0.002887088515819425 2.9964820496600746 0.0012707715530009267 
44 0.22760791123722068 0.26381451082227225 0.003149721605252731 0.40055103725849595 0.4121025144777677 0.3858773815510328 0.004279676697606094 0.22527201463759217 0.002865213357783114 0.006413691079378392 0.29714885335791186 0.001001901823580953 0.24338894330923355 0.011927409339130168 0.2281977713588541 0.011700848893238192 0.0048923802028297825 0.027024819962130797 0.2060656274036261 1.6548076808553682 0.0031607726299989203 0.1959615310482874 1.3882701047328547 1.8474300209159569 
45 0.26487436133683984 0.2589019334353775 0.2595138130146222 0.25860637747799564 0.1898253156542944 0.04478204267205954 0.01778247046459791 0.19230813417824066 0.2222543117787137 0.23054832716368523 0.0011072637499693894 0.002967441968404483 0.0029278885383279274 0.19387109678671544 0.18752453724784934 0.001648076022949141 0.17822559599010557 0.060306751017482174 0.008993253653126532 1.758679238137301 0.0012404398587557708 0.19406792631860514 0.24972094027750535 0.26486106988136027 
46 0.11557873680152486 0.0024251772712817754 0.0008658870016304832 0.004516999630552965 0.19380428114070347 0.0005796981278851643 0.004374698256580878 0.18758486461404145 0.0006791932302523396 0.003451426401413382 0.25812960406050656 0.2065367610666884 0.0020193404735679987 0.0017859293237147966 0.19935062783673696 0.252533914745658 0.02417113266470361 0.000409794458290369 0.003457538867438714 2.0712077774139193 0.21124196832949127 0.000997982486580451 1.9956049934041886 2.660685041014842 
47 0.323645052957545 0.26335035330884904 0.26225811419339906 0.19175355327359522 0.20098255631292838 0.0013235553676453904 0.048438320237104815 0.001767946559641187 0.0032715640150917658 0.193984067548995 0.006566924290849263 0.015263467900991312 0.007480213372437872 0.003575794091100981 0.002409669052326535 0.2319706846239329 0.0016306668208139197 0.17310489996177236 0.0012154130837440658 0.0009445975432591514 0.0013593491302745786 0.05209157737075465 2.703410936772811 4.778624162693661 
48 0.18099128258941577 0.003882234073552926 0.009072086449999794 0.005764616194684047 0.001995962987739963 0.002820379798614825 0.1891888393503891 0.010243637295804575 0.023264460827316702 0.22524921685751598 0.21788947707404294 0.19297821298279305 0.32461966534087705 0.015177398531759811 0.005905447957680332 0.18837782382123525 0.006652176601782855 0.004014650907876893 0.006406902518667934 0.25289487785761433 0.3709588393073955 0.0056526106181695734 0.19158896343607457 0.18906133301171968 
49 0.26021683286522035 0.22354604008371237 0.22363290662693158 0.22804108396233747 0.10842533809385069 0.2569631180152727 0.001313295845029927 0.001242097457707425 0.0023037118820927738 0.2289550995466929 0.21848937977641048 0.0017528278519296503 0.37985753565230485 0.005308654468971552 0.19574001022014786 0.007093842271193251 0.1919668596173172 0.2398022534197759 0.005720720616277708 0.02561663884225851 0.22360317424756726 0.03153868827250306 0.0053066652721405205 3.442537929124938 
50 0.22890683632804287 0.22333904986812958 0.2245593750250583 0.22362474945402067 0.22440783447352297 0.1916298447156466 0.0020607754999713013 0.0040280766433402615 0.0009006061256648934 0.0018829258909147661 0.00963492180694514 0.006995146227753102 0.002447839722142353 0.005678711260443059 0.22030286796131504 0.019478655055069405 0.0023988608636973385 0.2285312955430494 0.19926299882842957 0.0009641035506198214 0.21685444842539692 0.010646462094995979 1.7491154650646268 1.2721237308230209 
51 0.34926225496717644 0.22310704397416137 0.22368087041091678 0.2268183500728549 0.22730971959145418 0.0020574121742344964 0.0021872863586540614 0.003397552075307342 0.19979190407506153 0.19394761612212807 0.0014592840972558196 0.002519177869313882 0.19350602003326256 0.19662791602192686 0.0038518249609240662 0.20996525543260258 0.01909874644325571 0.00307317202034163 0.12121702261760658 0.004869612376112498 0.20092032465867193 0.19160382839911394 1.8068862019048977 2.26084154460497 
52 0.414287787225998 0.2222055967012717 0.26798159375707176 0.22165122142890703 0.18786614440355986 0.18946550246869176 0.19496662288982547 0.005894914526047401 0.4046078115204015 0.006913631354906968 0.00376705217460227 0.21124388272418493 0.20117818634745155 0.08869422798625881 0.01901689200895129 0.005122280414486591 0.0013143011688008244 0.20234603313938648 0.0077632036339978505 0.19856114630277633 0.16170766812162252 0.02227024586329729 2.716031232358581 1.6390980375892827 
53 0.21504446050629866 0.19430012119486073 0.19318458095067648 0.015981493069709973 0.011140276301669916 0.22340454076962524 0.001896929739301223 0.0023031725766238242 0.0015783467705718923 0.02219273358688656 0.21651327103019669 0.24602525294011945 0.00404278416944881 0.01117329742193407 0.002308774564877103 0.004952528917628873 0.005193883910426633 0.19474403671195306 0.21755415030323033 0.12921014214966609 0.007567682639643802 0.6742697599180274 0.19979337568615763 1.6116095743276206 
54 0.24647582715688277 0.013071232872201355 0.14348970715395604 0.004204248739670069 0.2271046913550705 0.22839743523016676 0.5287341046128009 0.21436974017367127 0.19256017084084598 0.2562991740987457 0.2152600301966261 0.2291566371276912 0.19490244969441184 0.22556001627976396 0.00977743559785793 0.21803404033254847 0.21525092795301504 0.0029359542259679294 0.012662561369418901 0.19311564837228778 0.004140013647194296 1.69271249505359 0.003187322450348695 1.3781985072683969 
55 0.04606762870730874 0.005597665711177813 0.004996327069862527 0.017403734853072894 0.0022770544331023324 0.1897515864900543 0.0029651152728842334 0.000848024250682311 0.05764269363353258 0.19179130506148723 0.0011160871659938731 0.00208369090337146 0.19250682743759562 0.017809245342492286 0.2230269773616751 0.004817331488021104 0.1940708058364915 1.6801124781142238 0.38004076037538814 0.21342061755111263 2.338694088760268 0.004258871893523475 0.0007439560311579552 0.7144856915204476 
56 0.2620404312274047 0.2573993506856105 0.41216597073858474 0.2580542625694615 0.2568628983750294 0.1911549956518408 0.004952350002665806 0.23108311943076298 0.0021683669108940595 0.0039705265129053036 0.0011480467318334409 0.18967467130031035 0.41091579565727865 0.2158589947192746 0.1149059928919054 0.19317485851930027 0.005455595079280284 0.2288048145292405 0.1942496636950053 0.01262474055856444 1.9778416671359043 1.1614093019762335 0.0016683049769958824 0.19121619084066488 
57 0.21449697784095267 0.1979560406959664 0.19463399062094866 0.007133311671856601 0.3891375938816728 0.19249339485505645 0.002135481243494386 0.19274073834009164 0.0016887126379663275 0.009382004510117614 0.1938295205089149 0.1914182196706844 0.0027791754210073627 0.19370406816013563 0.19290835542527018 0.003999630452571568 0.20442911506156425 0.21551300565704556 0.0036531140300846143 0.06827723470648839 0.039488689045776626 0.02984978599159671 0.0014934749221757748 0.2538399078700342 
58 0.3430255880454536 0.03607169737280058 0.08378721407710232 0.004817831452613497 0.025584783626341423 0.0012973340734063754 0.02459453152178348 0.016819663387257044 0.006992973138797209 0.19802068337748469 0.005436560517527278 0.017594116165374984 0.0013282675869521476 0.0727430025698883 0.019846449810612565 0.0045093149511967745 0.01796785217752883 0.015363725462168576 0.19950252054797102 0.004197774706234281 1.0300211664455492 0.193369311097912 0.0027422152611251693 0.01822702948134003 
59 0.2104683804171743 0.19457884334853848 0.19354908622912914 0.20037430833213454 0.19485159754864312 0.19485506925075358 0.0025289962474723815 0.022201701567614363 0.1878930625833155 0.004384503262248263 0.19244053573837605 0.003058262598593542 0.001768593961346765 0.0049636454045742795 0.005888771624702915 0.008587893724189444 0.22361490503395065 1.3064922594400135 0.21468870194015444 0.22597986609461063 0.0021307832960422157 0.10695051873476946 0.3794860833536373 1.5918287143958783 
60 0.22886819266980507 0.227406410006048 0.013565749215131317 0.0014971646250976356 0.22353647649800057 0.0010737502183681968 0.044064651430356205 0.19851839714771757 0.026085449851588116 0.0005338448992995293 0.007286116963807654 0.2216946740929846 0.0028334185719181004 0.0015937492850843782 0.0031294047222421018 0.008952766388139688 0.21961319172674076 1.2386169315777493 0.0022641861856809165 0.009315502954033716 0.0011522851264238465 2.0392948493665335 0.20045104781121825 0.1902622218374368 
61 0.22903676475648438 0.22732535552382438 0.22311996282457502 0.24540375377352275 0.2296375086738336 0.00776696314716685 0.22386499595167342 0.21396345535720984 0.004560857264303442 0.003673701034105026 0.19104147750987122 0.022675058888214306 0.0011571512967925024 0.003612896890066608 0.1894757659456665 0.21594834289457743 0.0006764078216792146 0.0024266514430264507 0.0017568221698733844 0.004730880477991528 0.5904887680111646 0.3586757138506229 0.21827319477672336 0.005436588424503563 
62 0.19888459205286146 0.19393348448978087 0.19210515747318402 0.1922102889048818 0.20394452783384964 0.21272525920104046 0.0029893740968105487 0.0010595813086800021 0.4309884210450623 0.003098620421077225 0.003367852294801077 0.014892960827241897 0.19297233346131937 0.0027980532160223337 0.0017336387765718442 0.19107496332276108 0.21448539536884859 0.11150451342502654 0.27130025050296114 0.007919398099612396 1.1645190074440301 0.22362763878947378 1.290675792661085 1.4644924274352764 
63 0.24015380714718515 0.19795730975884518 0.22798549972231408 0.002385532844668914 0.0002749278935563204 0.1418499091467318 0.005931282240640545 0.19320526407765937 0.22485688174374507 0.09440656670523051 0.19082704812005247 0.001187237024861787 0.002218493549607903 0.21406668293719222 0.006518970301737648 0.22631716207441266 0.004171392585988309 0.1966753146242315 0.0022635565299469196 1.528932568999249 0.004535420691667236 0.0031659380090311995 0.19319630097333418 0.0008528347390786006 
64 0.23687996948770929 0.0022674346527808975 0.0006328823547645523 0.0006144404156736005 0.01241614228952681 0.18990521200373367 0.0010536701339367571 0.0008776097053408982 0.2120459106340915 0.0008958503589060474 0.037803236415369534 0.0004836271445902707 0.19393089571612188 0.016500029556764995 0.0005041939173588972 0.3915221324535585 0.9564738853505171 0.2573441836886967 1.1090634208860386 0.22572447165850518 0.008104561151377254 0.19586532915328148 1.2835203421439247 2.58116669304247 
65 0.24563177717387075 0.22549600891340837 0.23999155124260718 0.16398877338404594 0.224598700885128 0.0010351999680477952 0.3908338585918161 0.38127698569718116 0.001332046014734578 0.0021603972919288505 0.0042082876906079925 0.3987378378425459 0.005607791469870005 0.38126475263438997 0.19092593620876053 0.1888602900213563 0.18848464611593885 0.28359798168931083 0.043025570084638254 1.3055138634611765 0.008665824584090931 0.01169259848961035 2.0335935050636857 2.10636128271974 
66 0.26695213249889505 0.2555725755590095 0.18721202669683534 0.19582025148378213 0.19968357776006473 0.0009145127074505766 0.014024264638359263 0.2248448001273402 0.2591239409728021 0.003201208853130577 0.0005895109170608315 0.2835381817923188 0.227289375493535 0.007663947294332951 0.002117250733336462 0.5131386833670681 0.017488010428854395 0.0016471730513405447 0.030372452511708392 0.017727766392693578 0.19769603095815258 0.01979480446871551 1.4873888584311268 0.0017756803894917184 
67 0.39595419653734876 0.19422318703677743 0.2806060693829209 0.0024675740129791457 0.014634087544583618 0.0007643117805475885 0.23230934324004404 0.004881081189928693 0.0028683564376630333 0.2192606418323766 0.19446775441770714 0.19568558916330914 0.005781084175099815 0.004516881469311951 0.19693710446020063 0.01871075975689873 0.00041344464583348284 0.0019920558561463686 0.0010994416308975907 0.22142830010167258 0.012443822231433366 0.003298863648728334 0.2547150890250143 2.5186343838307357 
68 0.24970684472052085 0.22318732947132713 0.22997991570753817 0.2242182011479259 0.2326474342072098 0.27255988266083864 0.001683548137027202 0.1945238571150696 0.1922279689039248 0.0023327802185952873 0.23128646684921628 0.18998653019667122 0.18904047293236292 0.2288435608666537 0.00874990192633951 0.04907757044508676 0.0021113824369771717 0.0032921740112488163 0.2570132166159389 0.00299058703347721 1.781160591236954 2.108138410584954 0.013845097916721949 0.004059069852532238 
69 0.19496231305387934 0.19727988310904876 0.19247761514587203 0.3118808955081114 0.1940030737260532 0.1937548851074844 0.009698277612754769 0.21905034473319618 0.04867420649898224 0.006495615895520279 0.32333918207553847 0.19697261627324347 0.20183281045396595 0.010637873769413941 0.0006421730408572301 0.015485591819853983 1.4439134369423987 0.012868434877210122 0.25133438928588525 0.0034497675837297237 2.9846637068495605 1.6930949562471804 0.03721025081352014 0.6168118946167978 
70 0.4249368688478339 0.4350055194557936 0.006601978786540119 0.000569399800206094 0.0021250820085989552 0.00449406935310348 0.19540990732402874 0.011381901751686296 0.001277708756889373 0.0009575479761350092 0.002113665461996872 0.0024246579739619634 0.18933190013133006 0.2038127640052847 0.19288613776359287 0.004559148689298631 0.04167338363564266 1.4157925465465013 0.00290798120823732 0.0014412684964622002 0.07759338254258585 1.717600416742418 0.8887355785567703 1.1075698707105617 
71 0.20133030114778427 0.0030927334670365347 0.0003485842367196845 0.010270075096040276 0.0005658290822432299 0.007083278277891347 0.25161916303333953 0.1875771790264702 0.19431147690604922 0.005448193664597589 0.011049190469912373 0.002159008899989878 0.19963944162360425 0.0005882975602307106 0.0010229662899641223 0.27042596691188603 0.19464631325533843 1.9936259940198866 0.19208731225246156 0.19596156119012997 0.0020582704248397476 0.03205716833336636 1.082274718455239 0.0008530424208383902 
72 0.3235235326024244 0.2247763302785155 0.2229814379438757 0.18929794600304128 0.0019724977523654097 0.229163061016584 0.0016799325961975864 0.19040019547045484 0.19145805594478738 0.002710841639741668 0.0024651191469746703 0.20141141311823674 0.003932920456372946 0.0010853217623412181 0.00725093914432251 0.2620939214454321 0.3457548030597215 0.2987382242752068 0.002501703818277523 0.01244558847460242 0.05277163631961446 0.19242386107866194 0.010498093652789642 0.004176611383529316 
73 0.3822920503563765 0.008099280383143448 0.003972743301939419 0.010118638844896166 0.0037368016546266425 0.21337936210734298 0.0018808869993771626 0.2579270654241286 0.006165750606010212 0.03567927411912919 0.00787717291953638 0.002444079948627831 0.19788526079396296 0.0009534505472923449 0.21189448257767807 0.2332334808220342 0.011432125801903226 0.02866021992732226 0.05257688011672457 0.2524539552433409 0.1927547036459729 0.20288498818774325 0.3137645439401935 0.0024725410612598253 
74 0.22336532036370116 0.031091736358374034 0.0019828087914943726 0.016321667439381127 0.0027421972160242003 0.003499958141423898 0.015304389058962586 0.0004905649620323693 0.0010319433989183224 0.0023043079749485162 0.19462613588547928 0.0022270156399895047 0.0010026953930053484 0.0058320702233218835 0.27512868643794164 0.008947447419695997 0.18963816468333228 0.005790414069789973 0.1899903008340318 0.002634457623797548 0.007506495707351402 0.19358934703872976 0.40287303775674 2.3021084431563708 
75 0.23038054279851794 0.22710637433716796 0.22698580349950226 0.22322840841066127 0.22399417363194085 0.001921589988841177 0.22221453991697837 0.21110860653779517 0.008707687548620946 0.0028799002322716927 0.000993479112686213 1.1637253906495202 0.19351346921312662 0.1937177459437769 0.0013935232716815182 0.19372122574556694 0.007275156051481213 1.108171718895163 0.0009234673040681152 0.18836242442131534 0.0022933029860852105 0.7208753333701226 1.6644386002324174 0.191738718311818 
76 0.3265921753638561 0.25705388654427197 0.23035837127415415 0.001645473332284153 0.008926363099010848 0.24406265911935376 0.014320410291924768 0.0010892628593865972 0.22316629908392804 0.19338860541261482 0.23264631011801828 0.0016739261155578333 0.010555829384515603 0.0015039764018758284 0.001293012490494183 0.001368839694374513 0.22396397109786959 0.0028222641763386846 0.06066873957648311 0.0055662446780229136 1.0891049896898877 0.1878907022221208 1.630108331699321 1.5986931696247135 
77 0.22993115348158244 0.22574693718803385 0.22415892620384947 0.22651772470592513 0.22333570302554717 0.19246899788597727 0.003151174331118778 0.21469465069981108 0.004258221904492876 0.21332257760639672 0.00034364681743070946 0.0012229249228972172 0.001171178979592069 0.18856207898633248 0.009124655257752412 0.011959289319627198 0.20810438555534683 0.002463305829599749 0.003019871501529714 0.01251057040983472 0.8930522274340973 0.7924224825062152 0.004357121210873505 1.715354050427796 
78 0.2361537137805687 0.003311077026486142 0.002143149829455293 0.0010337005678164868 0.25605872094263415 0.22292465754974589 0.0016151924221348146 0.2200347991826368 0.012210596795534823 0.00465504381167392 0.0026350976228479706 0.2923637652718307 0.0058770940195953525 0.005292772102125198 0.002675198044204574 0.006690777385338409 0.023986233375419275 0.012520388015065942 0.004662608836546456 0.23539997034727445 0.16177631938950854 0.9598811670101656 1.1773814453706422 0.19200543411790494 
79 0.4516427259705158 0.12718634728168676 0.0009222154797516868 0.0028532200053565937 0.012187702352595364 0.0016670041976174499 0.4338775411469493 0.12600250243538458 0.22564924759381988 0.0018642170672904523 0.24599074300230606 0.19205476057330317 0.004534796820851561 0.15195585660428312 0.1938362536927818 0.007497653087713774 0.22853717182118238 0.002775678727043429 0.10832250970695712 0.003706968740911254 0.21781724176248307 0.7780811888981227 1.462274011586933 1.057858656781268 
80 0.4179472942876217 0.4315920420210084 0.1900723959762194 0.18829923492756118 0.1886929709255034 0.3075186074158536 0.0022045337255882647 0.0013970958522804278 0.22365005362525858 0.1919044884546819 0.0016554331873834816 0.005233503693156782 0.23973482529196333 0.0005299591768141987 0.1901983357716004 0.0010097702012499266 0.1929728720798447 0.0067546585926665514 0.0004196250351067299 0.004285145021876824 0.003279863098418989 0.0014519653776032815 0.19310486601323795 0.9242078448881167 
81 0.41095659477206703 0.416944618354415 0.44613043514040585 0.47485546412085067 0.410362103696289 0.22662653211774408 0.22429557793320187 0.25268104698435434 0.1892467678425831 0.2416268761415521 0.19273050789938462 0.01826278542756632 0.19669054080156 0.0006475387695652479 0.18802258185019727 0.004129796562386989 0.3157122060331654 0.0014213515591017245 0.002001015995097166 0.003471137969163207 0.03601225844834022 0.1964969283863427 0.2687118092970884 2.873687300239055 
82 0.19780890376729698 0.2043695043056024 0.19771873364513914 0.19369115599552122 0.06383611715090032 0.19142054793223195 0.19230188360908462 0.192834976139304 0.0031358819273656913 0.2018251195164611 0.04421300581703291 0.0005047062892051812 0.00572514608856145 0.19385507348031128 0.0027178568834573813 0.008042609880668294 0.003392789011999575 0.16326322601885934 0.22873924589335326 0.004897283739731417 0.0029252415333138604 0.003949409927332059 1.4876452430656644 0.002732321101666102 
83 0.27140913108348985 0.2181479966543507 0.21869291112 0.014640178895291234 0.22387095521004596 0.2239269652489284 0.19077437260767427 0.19446284654736679 0.005282863688746087 0.013428319148697465 0.6337892537934797 0.00020896298669970115 0.001147230646932229 0.0038924136047520097 0.03300832424401312 0.00902283542493243 0.05579152843973412 1.540961223193542 0.0029988134963001567 0.011223883493785225 0.24203654633721827 0.005537573413500141 3.4397817567617865 0.014271255434824992 
84 0.4120965516974957 0.010344838960667735 0.013349131165454109 0.011785161733800065 0.0016599968263568687 0.018974711647537168 0.002301763255399658 0.22225393409868577 0.0038086275334703323 0.0007971942602724713 0.03496599912092235 0.23213941465230525 0.014438200858727823 0.010652319767847196 0.005849387747789647 0.005141873734244351 0.010501028379652722 0.223031790908095 0.31528057208674043 0.026458731863361562 0.002713949757564338 0.0011306024328470166 0.0048155717976521295 1.5559985381325376 
85 0.2500284372853261 0.19337580942246269 0.2752648457267961 0.016217535289495544 0.0007897243970487189 0.009524532300048127 0.0018384612774591247 0.003920925349740534 0.002066320334977112 0.0009459073150068775 0.18995997027776257 0.01774343603769024 0.006097330025230718 0.24647296623242254 0.0015528258391550587 0.21285006559709063 0.0028706569797041226 0.0013561975490161693 0.006062032034658271 2.464157784004023 0.191630116968881 0.19851001675605473 0.19291602679777342 1.188350828189809 
86 0.20412928471524028 0.3052192844100978 0.22379527282992773 0.2257130812388557 0.225648973506833 0.22609433381170918 0.1944917765631753 0.1927463081820342 0.0010177540365456927 0.2201319985680561 0.0015405520815918727 0.03240113661372335 0.0019872980964679154 0.0020187097474719806 0.004036420677950847 0.005147914806263421 0.0037374914932166714 0.0031006911356599165 0.005081154226942219 0.1961340285624793 0.002966637225723101 0.1941575669349389 0.1988342333786075 0.1923086446547302 
87 0.1933722149780539 0.1976648578220983 0.5362673184464746 0.1937905976564347 0.19769094171168544 0.18800913895367177 0.0009987044464672135 0.008926592710428949 0.006561372133868204 0.0016852321487426103 0.20583175398487974 0.21523221993126573 0.017474912734294357 0.005203211808675334 0.23015437093129432 0.0015095039955124179 0.6204507913865642 0.10980027188934827 1.5129152718359982 0.005384982947394645 0.005621296683694821 0.003657921846673906 0.007658271668716798 0.23495580963043006 
88 0.225345267231841 0.0003695590806918059 0.08505640516584578 0.006355762459538505 0.0011262312143853759 0.010568881945298259 0.008735122078245894 0.0013301538498364796 0.024456874137397167 0.22579323781128968 0.0022633322833991443 0.011160516566658396 0.004102214822199857 0.330757218810813 0.10493890816442719 0.018389366369359506 0.2508943039632965 0.20974822372348756 0.003227914724899028 0.0030749752564824817 0.014644430943125952 0.19230628291715668 0.5198528126585646 0.48131953153003226 
89 0.22990279031644567 0.22397853793358014 0.38193768118910265 0.18861892404279956 0.22364091073158687 0.0020784930765840315 0.001285320709393023 0.2886873956163474 0.0031995517171725663 0.1371010209542607 0.0058444301669231535 0.22527241690725086 0.0017760988416881673 0.0020619118078588627 0.039818256509149164 0.2510770202148307 0.19993333089684007 0.0022745406974040705 0.0018801875827481052 0.23103411030034948 0.19202532928488703 0.7659676895236258 1.4409000070829707 0.0028527693226969575 
90 0.1959982649690244 0.005043191928164159 0.001610871198221453 0.0014195467216120417 0.0005751468351917755 0.3531688619559319 0.19206215608502042 0.0011976443420429472 0.19545256933014943 0.000931362627992538 0.1879474114717865 0.22667160970442857 0.003699970921727136 0.19512259063018167 0.0021441249826488207 0.001336698455334906 0.03851165868479711 0.0013147101697685848 0.0012743633716307823 1.65905060589944 0.2224328421244175 0.9732807735931854 0.0011336546516584889 1.2794343307222547 
91 0.2588639466057969 0.2565419724790663 0.25755617977094847 0.28057059905093973 0.2681868994220473 0.25606404983955744 0.19210356507704351 0.002202473489726353 0.2004743658058603 0.01875360925957459 0.22374920447370394 0.19377045471568421 0.17464689074546813 0.0008919080631279996 0.21724784776307593 0.3526310125457377 0.21707442222301987 0.009416872960036793 0.2482265479423411 0.00656958224522497 0.01255833539299811 0.24014620503134898 0.0029464300978532254 0.23042503925585822 
92 0.2129365724388359 0.20802170450090696 0.33315128996014365 0.2192711573677053 0.006496627487835749 0.006175290113025866 0.023783509403118908 0.007058002451147294 0.0013213386988513154 0.22196657260299202 0.007069325749464728 0.0013335543234105351 0.0012866511749922704 0.3851307157471522 0.21191522222648773 0.0018847365342289368 0.006576969107407793 0.0050444980255306415 0.0037976990493890916 0.030228049487545094 0.03580961058983312 0.010068623782006458 0.21956931929447498 0.001344398446226469 
93 0.0030170369187405566 0.010850937726875287 0.004911046631859151 0.007049225649646607 0.04742801841132649 0.18731448146302854 0.19416930684184552 0.3453183666642172 0.0016422608726200938 0.21288835361670277 0.0014045201109711414 0.001161564225948597 0.008098019993675765 0.013146747132313452 0.18933164411635084 0.0025534706358820713 0.1963347320191695 0.0025082911135261288 0.31051841495174726 0.006143863063396315 0.004176437982812198 0.19106804203053507 1.367306428617654 0.4912353699286385 
94 0.23103586544103893 0.22928643596021114 0.22406405080320901 0.22527168566651112 0.22319941896132334 0.22649424773506976 0.19010368968353153 0.19263266287727743 0.02398320376176244 0.19238053333676008 0.2383528672155084 0.017080586767700412 0.691317162463063 0.0031301658740330307 0.19340421107524608 0.0013866204241312907 0.03964676528166944 0.2272189261564106 3.7374346645107095 0.028554843982288913 0.0031240304499484672 0.19654996937894786 2.6440575420371784 0.1981952366730384 
95 0.459737875916445 0.23571542973383397 0.22406471473602263 0.25368437379240905 0.19195701265788778 0.355174559171477 0.2232950781506835 0.004840532742870218 0.2593909272518109 0.002299364532114101 0.0023893124696083845 0.003126664457044903 0.21413772461224 0.0047394451694706685 0.20513121963652559 0.01524191576933398 0.006532080217649838 0.0010548263524914336 0.002180603406863435 0.002959308864575849 0.47228234477070896 0.6153299618749641 0.021529161718134127 0.8712091234057262 
96 0.28509393751909773 0.2625065992047311 0.23569790117172795 0.22988161342874314 0.009697293846592903 0.25907665894552667 0.25265783605272385 0.19272227593898061 0.02475055740362464 0.23163045661090353 0.24687012385386686 0.023381852484664067 0.18900360507819514 0.002774526586223569 0.22398459503461376 0.002642292990007178 2.4623600908421195 1.6948479973410053 0.004142075019699876 0.20160059284318366 0.01932673921007866 0.1895023402015239 0.18971361709271672 0.1926220232176361 
97 0.26960290987507185 0.003083484447374163 0.057128176939649444 0.02365440531542684 0.22541848003648468 0.005273136387059285 0.19102842850644297 0.1886364432935792 0.0022281119305698205 0.2178365531220925 0.19683556257491186 0.20182633999041566 0.0011778852785939709 0.007782483893794989 0.0037643851926767447 0.1881654222115312 0.009559898808285894 0.009948685917317013 0.006314651294876628 0.016851038511340732 0.006244471171348964 2.0075384122783015 1.3759852935823111 1.2703030157363724 
98 0.2298610325739081 0.22847021486752195 0.234528463512925 0.23201567641246923 0.22321638602283622 0.19110989414395707 0.22217528494232797 0.0016244567702026202 0.003042782423953172 0.005644753090060739 0.006859405925175199 0.008629853993562309 0.0044365851887897545 0.1986577504210969 0.0029395797804021573 0.19473815476799605 0.1874971368748255 0.0004079632829228075 0.3316528524401021 0.2608015902440015 0.005253020853692059 3.055697055845342 0.01921196391533897 1.7715873683917593 
99 0.34642980332553064 0.25758581219368404 9.541022641834651e-05 0.005043996251788085 0.2707670913290805 0.001700555091368905 0.41789850452831456 0.017980658410378547 0.3139202141447288 0.1912881358161136 0.002173054719058154 0.00778788532611685 0.19886315049722025 0.002164998343245017 0.00475874596608894 0.22046250769781595 0.0012490610779094524 0.004680554054383057 0.2240080724073521 2.014091895796682 0.0021113175652414107 0.007046004715149046 0.4329606766644707 1.6397956161308782 
100 0.22993987318373432 0.2717854700838087 0.23538754969348075 0.22445954254352674 0.22526796828837958 0.006480713512951208 0.19557728881975311 0.1922467391982925 0.19078963194317877 0.00266218991179179 0.0032819649548736507 0.21515735264986002 0.0014697655239419571 0.1929849979975633 0.1905001976252252 0.005583488604344211 0.0006223337507125226 0.003390889253439777 0.22508519022735918 1.5310481047778501 0.0014015874813455564 0.19445939876275253 0.02097147177052805 0.1584922495886143 
101 0.23135944521028673 0.21001450139150935 0.19965069279522885 0.227430165702023 0.5430044222105082 0.004733832005808791 0.002534705115732283 0.19309142104599752 0.00169274814620346 0.0013498996665055607 0.002792353151779281 0.002302362343048703 0.0031608276943413394 0.19699285936642363 0.007352823936596975 0.19108334255267057 0.1941150941365981 0.008534016807522082 0.0022771438711464143 0.0010818520575082147 0.19154543206494168 0.0061116157738583254 0.004738501725026323 1.723767121770505 
102 0.23103996271911087 0.22751152567838262 0.2234924599412491 0.2246239924027429 0.2279293996549081 0.22489320921379874 0.00493059893677783 0.19219561796892726 0.10732464211416448 0.004148045721065419 0.00895589266240604 0.0028582548285791542 0.007294276600757099 0.013850654637900917 0.017759335690747724 0.08867778112659197 0.002063828500709519 1.3752478044065002 1.667560090902371 0.0008806657083613167 0.1009288254306937 0.002141427158377729 1.0748932133627167 1.4786100050719726 
103 0.43387688858335616 0.21912748130830084 0.23196742610476684 0.1881341755265229 0.1917220544561915 0.19925175589257726 0.0004393206541717376 0.001300996833248691 0.22757035383558177 0.005238603674256437 0.1874089057813766 0.011292097594340689 0.0020102232604486403 0.016556394724244416 0.0019568214931553474 0.23739481121981987 0.0033179059888521767 0.01831988027585485 0.0008829733842989906 0.0021093055136454097 0.1917589127053001 0.4380806344750614 1.1693413021272205 0.057616827485178046 
104 0.24078395012575826 0.1950822823262064 0.20436089210804353 0.20394854219876568 0.20382196499713734 0.003057832510772407 0.0058838131239651315 0.19507451812809995 0.08927161259452432 0.23878023311819163 0.004373283590030308 0.003996740009214683 0.2134232414207824 0.028885150176463315 0.0029564256480953954 0.003476011188719319 1.388403623606874 0.11874738683367081 0.002976302630367522 0.19552862489737288 0.18795194256450465 1.4909103683212237 0.3232355070996509 1.7646345966568509 
105 0.4165114507622274 0.4119897668915937 0.013089884637716542 0.002311463311879036 0.0039025681842144166 0.007727193296243939 0.3860172942153206 0.1901798433443247 0.012942803311100315 0.1905700783267663 0.00996594596718059 0.19153834991077479 0.3808602213381942 0.00955639965070465 0.29650392914106294 0.001429420917836488 0.0033961338907724237 0.4296787573815377 0.18981400128890868 0.19295821874538377 0.032571705560920705 0.22850560484955218 2.458752164588542 1.811094660409008 
106 0.005945373432759693 0.005335079484636296 0.001331979858780974 0.028726901507422076 0.002001032351878873 0.0006643654110563002 0.0015213591582219355 0.2248749499953706 0.2011803110291297 0.1929869015130179 0.19492527492754164 0.008105456743243922 0.01841977193834632 0.1918800352554597 0.013296499692056818 0.1932498632902655 0.012641462236559153 0.004643646894753051 0.003330922290470273 1.80139587043169 1.7220739964422183 0.1973364078908637 0.004185752240955409 3.154910814531206 
107 0.34298885479515673 0.33674229354037966 0.0011216986143960384 0.22918101587456974 0.22421106116882883 0.22447402565381802 0.0018923989320493995 0.19230613576735922 0.001037272033763914 0.0028746840532651863 0.22555180442181033 0.002362645895343407 0.0033474962063879676 0.06085034363936348 0.5134289482031704 0.1918669476063095 0.0018851594562803164 0.001019185725119387 0.0935271175185215 0.050288324706835974 0.022954793151756636 0.20970260205374824 1.9195609625220422 2.042466980215566 
108 0.4483425267490284 0.5381309042003597 0.2570645064311925 0.19041760152681708 0.010380025313684538 0.022445986415880803 0.005722900524885555 0.25506252221308534 0.003411840310426184 0.21707876361412493 0.31261500677249887 0.19620396953858976 0.19407717937490676 0.00657301903454055 0.015157526241105224 0.2965293748956339 0.2219740053375383 0.37570824925453405 0.005958959442111222 0.04336385490663619 0.29700466492132716 0.006614871192283989 1.6655532034943286 3.0100397950726956 
109 0.23668133590328821 0.229200861039907 0.22395511008092095 0.19822760264505668 0.0004912756738204571 0.18885457608180412 0.1921205943808606 0.005410026929656198 0.0030075901089368084 0.22927059173839592 0.19271335557409408 0.002269467281888815 0.0018843983994256686 0.005531683349823124 0.25896089848563775 0.19590068743376943 0.006566446107168167 0.29511328218432853 0.19367405719716624 0.02103667427182665 0.04209886052057876 0.00350332658373409 0.004409558293351878 2.9244541124681596 
110 0.2899647503764682 0.2224315167216926 0.19494187306908128 0.0010511291826009739 0.003355717812137504 0.005985981657356643 0.002108327496855633 0.014961942020030428 0.00932792078674649 0.2356336270259356 0.000532367581525639 0.23512039218598746 0.002533882991446079 0.0020895787224639584 0.2013987703373945 0.1893665226459449 0.007001895886260323 0.00338583083474564 0.04574606916547608 0.007089305424852421 0.22349017880664612 2.372018083121806 0.2061248065971144 0.003864165686589427 
111 0.19637583047939677 0.2080014019872367 0.1938321761318056 0.19275664462132314 0.2608314277140904 0.19225831697215834 0.22648829713856755 0.2222957871660438 0.0011605787621868924 0.2299387827850925 0.0050556956685832155 0.19686728919119445 0.004000712958953656 0.21391415166702532 0.0012206198020925374 0.21373700780120442 0.000497451349835698 0.006461246034891843 0.34647167777293575 0.21439172857899247 0.0018596604256395644 0.010231815241441788 0.7405844339464165 0.003106941481360037 
112 0.24618624568586345 0.22525967486883935 0.23058765846069496 0.22672923112235766 0.26066433980224324 0.0029527204949304497 0.0011792328393012141 0.2566607066041333 0.0015625618063053182 0.19229301085675088 0.007408316411946503 0.000531513837302322 0.19414482360827856 0.0023953127831712884 0.06429739707710369 0.0024741524468996356 0.005477859321899148 0.1979703990876307 0.002165571823605106 0.1897397768293203 0.20423620793524444 0.002941540073230442 0.08934568561072265 0.07733656637011355 
113 0.43491686338932567 0.18758531209175366 0.0022594340213175634 0.19536982154357818 0.19768299095264097 0.18821420874716055 0.2293303143377763 0.20517999101808715 0.2151598999778861 0.0011237307800164853 0.001584282939648407 0.00106030491345388 0.0037905389760066743 0.19241316048872714 0.008800771485119485 0.26449783746301847 0.004654700772984244 0.002313280136546192 0.008647868142687143 0.0009449812104538324 0.001236813396005676 0.28335458783623335 0.024480265332349926 1.2131741268733012 
114 0.004988267887859887 0.002547394494551103 0.03985042911979075 0.0011676561354847514 0.00041315753194037796 0.007912973566527981 0.38148650795833317 0.19249478901722572 0.0121259739002606 0.003316671410939831 0.023182927566132605 0.1932527053969335 0.1879069105220783 0.02749906052604456 0.004917429444979415 0.015959422663143652 0.1882754368633972 0.005729631747187547 0.22501613997827596 0.004920566110405922 0.020483999519661733 0.20688238454300945 0.002172136815077108 1.6827135025875979 
115 0.19989945424919053 0.3148989564738618 0.19271844738786403 0.19295290267858367 0.21925910273495286 0.19306659089034262 0.18940956752444382 0.0031678176962082194 0.005478829586194056 0.19643615904172895 0.0012513473524813357 0.193169660768439 0.0004496476377882086 0.23341099246039576 0.006930892995976601 0.03807620986737503 0.18769375501045693 0.0009935640683971236 0.0019963749396121333 0.02044255541409834 0.22527165777228753 0.004262269093495696 0.6747327947058934 1.4785691023901237 
116 0.20491389779666935 0.1941265262712153 0.19599045700457918 0.193806784480417 0.0030484586236898537 0.016396391401811927 0.0005400729803823889 0.35409737480379966 0.19491259485286694 0.0064804627271943804 0.19356943886176659 0.1925343791245946 0.22300126122462616 0.18762995294727736 0.0020087848430099253 0.1932466585221837 0.0032651784830199926 0.002640505723680242 1.6536538040829534 0.19297406736376543 1.8890040311100333 1.2200127885183858 1.9545631321845112 1.1416374950059498 
117 0.37400954403803044 0.4109913223979482 0.4099814180561707 0.012354802525350594 0.006106747042485594 0.023544755906714343 0.0029030243773611186 0.22411412604676584 0.19306193347519485 0.002900453196584607 0.18902932480018753 0.033012956763886825 0.0006957083874232772 0.2586393531841569 0.0009707739258157932 0.1923493314551079 0.0010861129434778238 0.008028372707213016 0.07066766696042093 0.0010969508405336281 0.19495472416347037 0.04871953118149719 2.7309460530642804 0.3489608351986204 
118 0.26236513040034426 0.2627519160502838 0.2643681682112058 0.25624958324681524 0.2573434968816386 0.26998899840220103 0.19472273530447293 0.00936505182946945 0.0009510094211484521 0.008115474971008396 0.002304359979853343 0.0014086863075299938 0.004689482565116698 0.0018622246184998303 0.004548395437028452 0.025148214247598055 0.0019609379365579382 0.0011359999964584144 0.22316374028409225 0.02587100750239313 0.19199029964048586 0.008836533724447815 0.004189378210875283 0.9279769875732741 
119 0.2339687672468438 0.22773794302682449 0.22288122809110966 0.226199394476565 0.0014117282453629532 0.0024821224117921314 0.19388233828101353 0.0039482527444272275 0.0021979086225223377 0.19361541750295697 0.22011566340228517 0.005199849016535252 0.20943666388344284 0.32385776207157146 0.0067717991112523634 0.004082749908386418 1.7024455097735318 0.009371257086402185 0.006348939910318485 0.01035371335595281 0.00339877322624349 0.19210013802824255 0.00873359779136007 0.24369464132756913 
120 0.19312250987115331 0.19495070789528102 0.003839883775976327 0.00806867730156191 0.25249968283332835 0.0030236491772608343 0.2302536602186671 0.3806875907030718 0.2598889055691054 0.18738990090224883 0.19421460176446081 0.1966851115275592 0.005344196856420291 0.22335414971278666 0.21641361842980222 0.22683701141060664 0.0020552805666129714 0.001021713745417152 0.3460586515678443 0.01620185269648622 0.21558562435461237 0.22399119743083595 0.2570908885541645 1.5397445875674274 
121 0.2564716577743833 0.2554280130835693 0.2758133996038028 0.0026306186815372445 0.00440504877978265 0.009894042410860449 0.01920256515121732 0.001167086334890488 0.020449296689530883 0.010597645913535736 0.009983033983828937 0.21944850866637444 0.002380420159777241 0.007309390728850618 0.004959220301604228 0.19963718882333992 0.19036094599499043 0.25259872963457286 0.22402645217651074 0.7568551530627747 0.005870326383393909 0.22038861922941666 0.002163057184628725 0.1965029648308707 
122 0.27516158665826085 0.19181418129111982 0.19855770564088604 0.19384354906522727 0.02016860777030982 0.003151394551365705 0.005105758549269979 0.19471252571612374 0.19123782315018367 0.0025367328352028373 0.25855079770493195 0.009095172850748012 0.00876980701696306 0.002215949465945055 0.0033784734426824947 0.002448885841086046 0.19100202417350864 0.19146917953244746 0.003715989948535281 0.010637080556654466 0.19244294579149623 0.04789170283180422 0.008555035015603618 0.23246272822200642 
123 0.19803646349088377 0.1921954560230772 0.20494636768655838 0.004088138930268714 0.01963187105574704 0.22324998789448602 0.19023595280474925 0.0028428391293597866 0.001947402924529884 0.0030973538613867646 0.003682677340149043 0.0007724990474133886 0.0006333641326883299 0.1990358867769113 0.034003557785240446 0.22495066247364637 0.005212736019103215 0.18823528273589618 0.005095424919135727 0.0106244679043912 0.0013583444777063303 0.19570745516036925 0.0021672489568718145 0.003800288247775452 
124 0.2912290732335634 0.24022019665504657 0.24012846834210344 0.00891106664071284 0.18730038397066573 0.05355222115532965 0.02338168885646663 0.0004575569682654379 0.22679167410890577 0.005151712843706191 0.007678666392196165 0.280350269078359 0.1930813946930905 0.0022015569395519297 0.005543866242273765 0.19033193223546263 2.1521405810684673 0.19489862310253225 0.19799580141038176 0.007183373034193918 0.32849316755789526 0.0015104732571546986 0.1917740451520349 1.4656191136785344 
125 0.23106881235175036 0.22653964779047997 0.23017315787455206 0.284223338105684 0.3099061237312246 0.0018425406749489337 0.2511880247496192 0.22008893036361155 0.0033556504364857798 0.006252929520047967 0.001276994378557328 0.12856560495490954 0.20261596714945496 0.002280072726568383 0.013885549410460163 0.003972840214113704 0.0029464305503850152 0.0031521084810213207 0.002020264732951027 0.014820351532450093 0.0019190984036392411 0.0031173576416665405 1.2672936897816953 1.4858769589584695 
126 0.4068255936254659 0.32995159978988364 0.12968131939302796 1.0885985192502179 0.016197383863758796 0.22721823165018207 0.003855684503741408 0.001630968743235428 0.0013273106819320368 0.1933452466751815 0.18893443354139028 0.0035063570742710493 0.18918866547985846 0.187822095134216 0.22540522333188462 0.309180626513891 0.1980729787114932 0.37975761275490183 0.19723539374103338 0.002789848186810273 0.004252234421665779 0.21778596359922742 1.0686151324900517 1.186424705070432 
127 0.264723064383231 0.005039811736999855 0.0009620734889932425 0.0024695785003014947 0.003882846874802226 0.002385100936621809 0.1436733655711786 0.2549210450135988 0.009802755275673869 0.001144631444162103 0.018713398974727014 0.009068138542276172 0.004713985037599011 0.2581224630714971 0.19368526141372167 0.002015602769021907 0.007237615297835953 0.22416647283632285 0.004393816299995024 0.0035317965457499767 0.1939049366267056 0.0006328375501818417 0.22357513567006415 0.43900984317070724 
128 0.1950331398995313 0.195628035740808 0.2010038463881576 0.0029706090167640475 0.1922479523804368 0.007837464540216166 0.1906288738229729 0.22491946479348757 0.0037227369139687383 0.224783354908201 0.20789715071873904 0.0029560204173357807 0.22156315892070477 0.0049905286946363425 0.0007796874063450421 0.044815593541360554 0.2698099394393856 0.01046264188970647 0.0040803206642996415 0.1897786148733711 0.04898180916641581 0.006713630528862424 0.3836718929792424 0.8190936310060928 
129 0.2289107918714699 0.22747004104525925 0.001966890812645339 0.0038277013265206605 0.0006131758851692926 0.12686364338921607 0.24379226803867393 0.04443389155133359 0.0008807174824347896 0.196543496076528 0.26262994300847287 0.194843159901805 0.0018165400991534408 0.012957225193677369 0.001749117860072591 0.0030968744850796703 0.03649348550081588 0.3195421536759062 0.013846917703462136 1.4057945561225509 0.06927485159066382 0.00130094417447979 0.0009734645478989279 0.682922749783176 
130 0.20044280928943126 0.0008666376985124735 0.0033268774226888898 0.0031087980671706816 0.0019407128874044943 0.00553809568219954 0.4680251821666028 0.20010322279617987 0.22473952425753208 0.004999448168126808 0.1295272110674599 0.0015785711760385457 0.004557212961671775 0.02044403938345285 0.007398371454803598 0.02468264066471826 0.004166356449299302 0.23786559412271813 0.2328576268896907 0.23905859634071436 0.004824831730655843 1.9691630974871412 0.011453807488126744 0.01380455214271259 
131 0.47442280356127564 0.25291273993908936 0.21758465548943362 0.2269779199157973 0.001496486567103661 0.38330700231891 0.1613704912625471 0.2587718187788097 0.01033429173209277 0.22253350138973627 0.4339934629168083 0.0050844647421806055 0.007337743061764046 0.0039015207798169804 0.0007105934431992367 0.19314344854141163 0.1939817128278416 0.19061851214909975 1.9319839192961934 0.020596602921127527 0.008009517378152697 0.0031732940933388853 1.3387244149204416 0.0009639916635013623 
132 0.3215969386508415 0.20345184429986318 0.19165331475623693 0.192367726291226 0.18909782975569245 0.20222341003975042 0.0005242858703369269 0.006745033802918021 0.19548253294744922 0.20667274509499856 0.0008042068032738658 0.005280995359595142 0.0029125748204048563 0.13736877554607663 0.18891869331393485 0.2136271858226162 0.2298578522769339 0.1315037665654546 0.005141715276298919 1.8896616654121998 1.939513928592835 0.011260512153917768 2.1203296546983466 0.1905774556398776 
133 0.23003249253756475 0.22706733881550312 0.22371151387496124 0.22313753037993433 0.22638938282461685 0.03814992581034726 0.006925429615243672 0.21326882582438444 0.19420748717189773 0.0015953694447206068 0.0013815415599238712 0.2650901111526458 0.21104114514589134 0.23259880268066424 0.2679324306244617 0.0016881346860109225 0.002089351663405292 0.0010836650157590721 0.439424022747551 0.0009558236262339204 0.8806570065989896 0.0031083703460241807 0.006843600779113945 1.2787124437614215 
134 0.3705113978058363 0.004973494561509639 0.0028026357457924256 0.008738136264375473 0.2601946030748683 0.002719087118598029 0.19264833081831312 0.005055244225860234 0.016963884227030546 0.001574466364603344 0.0035710329535081353 0.8226880227544968 0.001298120380075929 0.0025094609209221908 0.001401608458468706 0.0037457032967072035 0.003168762087861987 0.19070789234827745 0.27330317778611546 1.2201591478194709 0.0017670498048114602 0.19393053283650685 1.4041687393602689 0.029107990639466008 
135 0.24816803844980484 0.22394257362088532 0.2223628080468023 0.2224081954050443 0.1889269574176582 0.2526008988215174 0.1897614295313097 0.00922713022380095 0.0005975460425933221 0.004337327597088381 0.19006031791975908 0.18101990429131498 0.0034711606128454697 0.00671168021794033 0.003886565457032143 0.1880802834392068 0.0008951699314692085 0.0011807914659798247 1.0265472019659891 0.19264759628573103 0.027869101747023395 0.007523218418284516 0.22338834186038836 2.068881124267173 
136 0.2748463476631544 0.22998261376017703 0.22322990474549953 0.1911114529885356 0.21862866072580567 0.2287448288702334 0.196135968907988 0.007617240444834916 0.0013131485239696872 0.02618627076238722 0.004210883117933495 0.21611166845042895 0.021683561174800525 0.08523992828588756 0.00977093436258114 0.18813486002656288 0.2129409664689268 0.0276161430560824 0.0024311267210381793 0.48124357738336676 0.27694025649381926 0.004885919553673901 0.0056887079057696965 0.01018983631968684 
137 0.3247194502487978 0.3410903878814766 0.25763190585902995 0.26796878778081656 0.25947028891709567 0.016672656510131834 0.2262291435521009 0.0020487621950797674 0.04705948677364291 0.0029366094841394297 0.0017352256281621958 0.016781263427936954 0.0032567126177311945 0.011551291382888573 0.004130136349571822 0.22837607064909204 0.19805720916913594 0.006163353696980289 0.0022891094304169357 1.4868883050636899 0.2558510501936553 2.1000120112484058 0.21818773080500464 1.7047991045659028 
138 0.20498801924302446 0.19383859195273812 0.19234585695816886 0.1931423466916109 0.1963232920146889 0.20446322432879627 0.19298984006848596 0.014265345522996187 0.00315537021649015 0.18776462031673824 0.01019492300468694 0.0012039304541036078 0.006578296173877396 0.214485938125903 0.0010740254131471616 0.008871761736087613 0.19006588274975988 0.39402887804839803 0.19378630733846003 0.199237221770876 0.19409306003825244 0.19560349334499705 1.824174893713218 1.176751911512846 
139 0.22468215506479972 0.0016098261749730725 0.003975948359775439 0.0009932457692864993 0.0023014972504000752 0.1965465295258717 0.19135905755517046 0.1927281809469441 0.002573320342573293 0.19253370213434584 0.0026418678109545457 0.27805899924974575 0.0025390954442783276 0.006357738933165935 0.008145204424743646 0.010531305746003694 0.1924390941938603 0.005577802599299186 0.003923275848039864 0.19481164360973557 0.19203304957686584 2.184265956474376 0.4250003532326372 1.182835813844367 
140 0.2011618283852854 0.1929352335504786 0.1930255613191505 0.20718681158277108 0.220335043400266 0.1958960666546119 0.0047089486641236356 0.006339076123466292 0.001936010696236501 0.21466226765880392 0.0015209454983680093 0.008554943974635743 0.0015628514308196895 1.0905432067193186 0.15296173008476432 0.011791300363094281 0.004995838677125608 0.002501601859862257 0.004912240404814083 0.005563015680638772 0.006458979737333337 1.2538639725230043 0.19118684703206235 0.05489480900928356 
141 0.3524986797802927 0.006062860469305598 0.0014142673825368046 0.0014629594663220225 0.22302352762218058 0.22308066871603982 0.19423404992314075 0.006249780647110681 0.05558924596037329 0.007205203383193526 0.0373472949477025 0.001463137738519471 0.3870507000500767 0.00200768059868639 0.22908858648418828 0.19686563185785544 0.0009528311139097578 1.0685589749560136 0.19789664966429887 0.053017046541773194 0.008721631580867806 0.04221309756533942 0.32767886758769205 1.3949172394560918 
142 0.18489804575560154 0.005952276463494277 0.004243516884097298 0.0007787923179549683 0.0014855347414146625 0.19827114919877054 0.012720817881644697 0.013986915687781432 0.0013779577333794535 0.0020636745725770567 0.22032220724622897 0.0052334792895003535 0.21434616954970753 0.004096127515142545 0.0015418678556504695 0.004752438720412977 0.005485128585776877 0.19162854369931592 0.00433661020492071 0.20855383902409308 0.003780378980731358 0.19953024420432963 0.024491142220997464 0.24035900395150067 
143 0.4152980119159222 0.003750909720057427 0.0014663227898983333 0.006480082740916382 0.005218428613001924 0.0025505965529488694 0.19131890153150888 0.20160759100049574 0.021899778169151007 0.0007139109722642534 0.19057095510389233 0.005353966721629799 0.00014124290623462876 0.0022145376939515238 0.0031012862004806685 0.1289665984176196 0.013840254577062172 0.21291154355364927 0.19506022265740763 0.5115322764115808 2.8418125623792783 0.0010731671782284735 1.7425503547262629 0.015171303918377177 
144 0.2240605975163228 0.232495727337372 0.22568178228495328 0.2242051860599239 0.2247961249908208 0.2271998112202207 0.22581882474010606 0.1939097254519011 0.21915364869626042 0.22872636232803556 0.004057112421464781 0.24131134943811228 0.003977029279519595 0.2279473083444956 0.20274880823091568 0.005173416389681718 0.7977610780859337 0.18784315016994824 0.23419658427826273 1.4335132075576893 0.21300050631417555 1.4702747975048829 0.2101825088138103 2.042304656292895 
145 0.32535569902908845 0.20238696769820375 0.19213040088149436 0.0040278127219188775 0.008899867474807532 0.01528460600983883 0.0034452317138233823 0.21476139473982614 0.002271893336349473 0.21531244213576484 0.3830357649820051 0.01224294302095097 0.005375587044226249 0.009899638308930925 0.0016131840718527357 0.004360012656718704 0.22600346161438623 0.19999963614814087 0.0018720264970917277 0.19028326214722036 0.002215661149333359 1.5789943615594062 0.2727589028170814 1.2686927822362617 
146 0.19507634013219244 0.23411296862233089 0.1928490145465458 0.1922455661276843 0.19209945286863817 0.00295544927320579 0.00025701457934657057 0.009416545634262086 0.0010383509416460601 0.22085068152388843 0.004143673080546417 0.13423602004927315 0.0012832668269888714 0.22925274317428856 0.0008643808192583258 0.28294684711966567 0.016636412892960806 0.004533194627065695 0.2586045566492652 0.010395182402139325 1.0452724347010587 0.6974162044314414 2.329572003088114 0.31974615146041163 
147 0.3839729901511635 0.5294291529938995 0.22520846588965626 0.19710265420422557 0.18789921613235028 0.1900408598647021 0.0009750864313364804 0.1903762664529034 0.23971671835678166 0.0051354285016063095 0.19472738122701938 0.19957765314088283 0.02627036227362778 0.21602202081887478 0.19865868504267548 0.0023089737676043054 0.060223779793533216 1.3252273184963712 0.004863087711786562 0.1880273641666521 0.18891300988172044 0.004412090655190326 0.008131472346991853 0.007721111287759319 
148 0.1921867862494091 0.0014615990681310365 0.0060347990706255406 0.001547832510396141 0.0008735944957782849 0.13305225098086781 0.24871228677438917 0.005623281099903954 0.0032936841060415833 0.13522097849973824 0.19495800984003742 0.0036519349532866396 0.00958750163922395 0.5355195616707626 0.2229867541308057 0.0010630693517885703 0.0010438827738041834 0.003569298475232019 0.19651256664862493 2.935193091371293 0.22794347108041024 2.086441147184779 2.2891630447044236 0.19092070755385904 
149 0.2216939140690768 0.00012170402133282465 0.00630139417700204 0.001351939946265146 0.018725740505916022 0.003272881140394368 0.0051862474377168954 0.0016289429512692521 0.25772802650290916 0.02700728046962597 0.38088628722557605 0.1883736441755821 0.1890323829204379 0.0010660348249267315 0.0035877139130879865 0.006500433019766438 0.5968991163085688 0.036018006549069836 0.20771393568651697 0.22088839008653816 0.011174219033473376 0.19562541852213 0.013893656425694623 0.32140938140961905 
150 0.35369097680494965 0.4589656417837302 0.3859391081399699 0.2889439054242775 0.22444965528675942 0.194737473055556 0.004240134550582253 0.0015023308619963593 0.0015661544383793746 0.19304085225807932 0.19334501361477519 0.0020862649954325185 0.006813240585178848 0.19122992886221413 0.008152471684213625 0.009303799174198435 0.9960172838224595 0.29368074157866064 0.18857424566931758 0.0033792802977150593 0.002581079296966715 1.2245296935386145 0.21314376995380946 1.5142256947023733 
151 0.21896748681202727 0.002612456636746696 0.001401901025648744 0.0011747390965510807 0.002169997716970684 0.0019258414022746972 0.0039206523886596845 0.002085100624289238 0.045610283672623986 0.001037600496076596 0.19773916803209501 0.1881752605842204 0.0026873490086827267 0.0032048415516869877 0.0053489773185047 0.010528184797612417 1.4641604091553915 0.1986488950153078 0.1888647996611783 0.011876376746724926 1.1498148095043828 0.2248351122548986 2.162495546632429 0.2130196047157813 
152 0.24449489472917718 0.21099061947136977 0.2014514196881081 0.011679312787095997 0.010864554804898896 0.0029758407167106427 0.0037622528737926153 0.00267565277786308 0.0014844562135938322 0.21227088625543433 0.19234309189788212 0.1964842456821796 0.0009816540431693 0.004389696035393076 0.001737940775697222 0.0023395190494017726 0.1884655032450513 0.19310531497813166 0.41768680460326135 0.003201235632944721 0.001424852626128681 0.921204640385738 2.5533010284745785 1.5973723207514077 
153 0.32021233251597714 0.26053954986662964 0.2712361809747703 0.22036828376002204 0.2129793530718589 0.0009664567514879874 0.23777791634227974 0.18849497005054072 0.18910535635760062 0.0006857292629147693 0.24502475932253653 0.002112762630285925 0.0011925845860425444 3.4267799809100152 0.0015315921159693158 0.20208010489967854 0.0020667402719840577 0.2867732795547788 1.4676229490938764 1.89802686353511 0.0027921508078452284 0.22468253359039303 0.19679524864883002 1.1716770746397187 
154 0.25694530527077175 0.22741297970942065 0.22345788432142855 0.0029487498395623923 0.00017373347604432432 0.19167494744147096 0.00341471307958785 0.0005229810353424291 0.00290543722974812 0.002137768923139882 0.2886554102203669 0.1925424596358567 0.0014931885141062917 0.2581997762762396 0.21423570436050876 0.020990746203190858 0.19558958388955516 0.002497091682764685 0.19231120788954792 0.40942338313147575 0.0016890157100315495 0.00441042698177152 0.0329377480104418 0.4341760185857986 
155 0.33077030596493673 0.27228092474679566 0.2292090225761727 0.22398995920120446 0.22481502615888926 0.1961755349277663 0.25739823661330297 0.0008965539833249991 0.19988346546056213 0.005862571500549363 0.24567257901071815 0.22336862290696513 0.1952607056513438 0.18975120242655596 0.003768833106727598 0.23089695383501696 0.004650212622037131 0.07181608724971378 0.0075864123393507565 0.0026655483618291953 0.004026455261511908 0.0032870828146549513 1.5190469476952686 0.2392370868526934 
156 0.23677488654251722 0.0032755982388354976 0.12728020238251236 0.2154922195635247 0.20625174452243944 0.44179571190652345 0.0021050475035881977 0.19193052020403245 0.2423783301283795 0.12863608130873105 0.2590503878185306 0.001514515647601744 0.0018088120800854313 0.0012247751646157212 0.19209278686654407 0.18804201946706178 0.006468455050972599 0.1915105620208828 0.009259455011664475 1.2642363003531065 0.2002067344104137 1.2029756078231877 2.4720740277895876 0.008234985200926026 
157 0.4188839881498836 0.1876248544322423 0.18952250097251433 0.002518288263866575 0.011340814721904069 0.21957182643094542 0.19252898579505073 0.010982163300182979 0.18897029096149742 0.002703022851233028 0.21299309770977337 0.004639159229906875 0.19680309093364823 0.01017762538372069 0.0016264670429746442 0.19460664816376516 0.0015382377982504636 0.0020100465044128324 0.21915646886123197 0.00200594572299595 0.0019918563043470616 0.01554375538131203 0.014482395499874512 1.001497770324787 
158 0.40471146070416264 0.22684987698474246 0.22608260725964024 0.22417786465344203 0.23533864286758055 0.2254101466551941 0.22351281753572505 0.011187338640736177 0.22645965267621437 0.21895507470471953 0.19686542208167057 0.19390842277808007 0.0016750356481034512 0.18812350555910262 0.0068081209871946324 0.0055982091609267925 0.005811903742602542 0.23810484808268262 0.029773299296749878 0.0022216813474069674 1.3855528985465777 0.2648190805324593 1.7226664040775486 0.005669125262634189 
159 0.23776990018132382 0.0021350802584578776 0.005209562674767687 0.0005204943909091764 0.0033957397870205686 0.0019198364074186625 0.0011543458943266138 0.013903196475190338 0.0021748854764096492 0.22387626720897758 0.013653416147611619 0.004066467186423894 0.002741115391200033 0.0003986495907373211 0.0014002405424662356 0.2253748615435398 0.19158938062925235 0.0012343970346306854 0.33354900381917707 0.003456529202150893 0.1958775978985765 0.1952087924488688 1.0994342707061655 0.004902512813361959 
160 0.22120650714281886 0.20047531027411902 0.0015650469792327648 0.006150770018928942 0.05557037334830661 0.6086844965802831 0.19283193411523336 0.0026943507125993804 0.00029024504912400495 0.002682915636369465 0.28145233653304436 0.005337161648277133 0.45917216897148827 0.19224092852048935 0.2125454467748351 0.003929659236667549 0.02855706882787956 0.00012483184959544147 1.9594128973822986 3.474949804530607 0.20713249137116874 0.0019547828723258664 1.6779859079979451 3.089425118963537 
161 0.21426712359364997 0.191761525768545 0.19244183649500757 0.1920197465104565 0.0004249603375543476 0.3228536161942501 0.21543634574681936 0.1965327512288797 0.13146596901485785 0.2160076004449003 0.22578649776607285 0.6462305791211986 0.002815843470657997 0.0017096562374376845 0.011421794819068465 0.19194764489974592 0.2023298682674599 0.00334288445783959 0.07714427221594633 0.1885435903223618 0.08841259712831673 0.003847382450166803 0.21253974514182072 0.0015640159433716327 
162 0.25997945902271646 0.26110258418437926 0.259743853915102 0.22493762076386759 0.1935504304639224 0.22446735163985587 0.003680170448566278 0.0034245596660009703 0.06397583374387805 0.043897790645679224 0.002324599448256137 0.001972685777166694 0.0009580054037068297 0.004442857837631209 0.20069251123184495 0.22108646031476242 0.0016488395736165007 0.21799507932408568 0.0012161918668354144 0.19080137146985265 0.7683716558962361 1.4050275450091343 2.02811084922076 0.22446534084791425 
163 0.2332213242709451 0.0015904057898930013 0.0010836192287255741 0.0013699304539014356 0.0022978448181874 0.001251773411306889 0.0003203773392559395 0.1266641933167918 0.0008503616201698261 0.006770605219021286 0.20259283359196933 0.0018883397626010545 0.005725793718309946 0.1943994950311101 0.1888802429483638 0.025393746010836216 0.2003246727079906 0.2546543807962207 0.23532827494712927 0.0007130730790918527 0.06316620879838108 2.181292135945104 0.22448349669668044 0.003500772662777374 
164 0.23396121583963203 0.19007985308139452 0.19224162922455368 0.00043698597904295866 0.0026571551975917984 0.009856415496393156 0.18811130057051173 0.001397879818956671 0.0093634265910294 0.00036740562881920624 0.2215830945611752 0.2235298109620043 0.002844588677323401 0.008550742313087278 0.18797053935063568 0.018941781715294814 0.0025896488072072454 0.0010870905535473874 0.0050364897370176465 1.6320211087387397 0.37833623274925166 0.22039261667901533 0.24203853848006118 1.1533153576880255 
165 0.4329580919395901 0.1874101496923457 0.001698378683554047 0.2012013954104408 0.19594981411550316 0.2000289436383298 0.0015703911272708648 0.0038064655477807463 0.0011501388522412448 0.001856874562639499 0.019023222886137114 0.0014672390599075325 0.003097377682640623 0.006976797428707826 0.21581915855703704 0.19318563723998117 0.0065455018817974775 0.4109166482247766 0.18806065323751442 0.0006979891861387255 0.221965203593401 0.8976783091482752 0.02655149449310068 0.0069503149305985 
166 0.25519361035164434 0.24078003784822521 0.22296342851995332 0.0006273922807784604 0.009188358893191362 0.0014351194187380845 0.00048279456445343705 0.0033036548409559607 0.013193839323832668 0.0075530906089746885 0.0008809158551930096 0.0018413153906540192 0.002478998148705669 0.0018961295451864757 0.008083474707671234 0.002077752320053028 0.022745678274838754 0.008629367564590762 0.0038796755414225448 0.006006439371942118 0.06048316336342463 0.2228887833074249 1.337234549985183 1.992285180176589 
167 0.2582941641201717 0.2585924312184791 0.26535650002801403 0.26839266747951673 0.0407359691519249 0.0062162085527783795 0.0011731852086260819 0.0008423935831025631 0.19338693093747983 0.002459358919919108 0.1987611708770789 0.25540666500204745 0.266485807838325 0.0016018337998309207 0.0010046497024402967 0.19045502585580998 0.029514707923832484 0.030173538753123452 0.005446467864006488 0.002703906074055462 0.007332428983359396 0.0029394722096853787 1.4066032862865745 0.004350204013583658 
168 0.2612393466983407 0.2571101091035237 0.22305685338356174 0.2228168548124887 0.2261803114635894 0.0018754617513341287 0.00993242728052679 0.21508625329499642 0.0010615548133041663 0.0031310765430605514 0.0008833288976988207 0.23460557202860488 0.23439008390786364 0.2233443809584481 0.19089946671262537 0.023411677153843513 0.02428641823165023 0.3262576160003241 0.005277484202532046 2.2423448041242113 0.020901623527639357 1.7710578738598743 0.18945377112715378 0.003953259727596414 
169 0.1955386783832198 0.0015822185233167474 0.00344090971184996 0.002526725807630248 0.004811127079708433 0.001739282560012656 0.18738611234319147 0.22687833833499438 0.01654695948614382 0.0005386627485208795 0.0016901124495229958 0.012064783188542094 0.2208723493893534 0.0024098677003911995 0.0021012728663474256 0.2236063361499372 0.8613253141160173 0.008020550266577331 0.1905047656419503 0.4860856019797599 0.004310534006554123 0.0010024144996785278 0.0056858050526418236 1.8064813202537309 
170 0.2001051453124758 0.1977214894758832 0.21528352432128273 0.1957731879806741 0.1965906915014446 0.002704326382422906 0.1948771131047604 0.02300287330691564 0.0003549148688488657 0.0012115270380388399 0.18731740489395854 0.012540668885427708 0.0015303898378788983 0.0013685936459131298 0.0003170763363200546 0.002045277263746925 0.0020090022532694984 0.002271256101217478 0.00486528941369313 0.13183415910465013 0.006512875792019868 0.003521442968219546 0.22422810064036103 0.010649776773842046 
171 0.2777576656622691 0.26184561049845523 0.25655327968543507 0.18828039721917866 0.19306908453693183 0.014261867147060459 0.014003247841669175 0.0020444661827001553 0.19865209408213924 0.005723259345393306 0.19922385153635913 0.21076878369423313 0.1352679771240075 0.03465451823037902 0.31560504742539375 0.29680189337195917 0.20707297296680682 0.03416795391099359 0.005372388593927413 0.004365642641777301 2.3580190001795605 0.7032194460688559 1.4522690914544398 1.34661127922571 
172 0.0029955677224964283 0.0023259788932841197 0.005255698726317259 0.01646147792413144 0.007887981022032475 0.0016366818341742029 0.007687746501177761 0.19396658323741955 0.26867354994469594 0.004283485424851241 0.18838485387575932 0.5860211252317049 0.20089621022204174 0.1949336617391264 0.006777635659848791 0.0003460095790688289 0.005173100058754709 0.10059539237239656 0.00194182142067989 0.01875026925857859 0.006596830564111311 0.058608552414199044 2.1893303742094354 1.7809239759718494 
173 0.3039822791453528 0.25966886187342464 0.2605244107443867 0.2709661922557063 0.19227177119190397 0.005907925822731475 0.001752368479218891 0.0008582104853696038 0.0021230663439708586 0.0023628729761675515 0.0055930485670503405 0.04223805147110449 0.23900669347477144 0.2250851267342886 0.003633448268627326 0.3379153387915914 0.21350993873909196 0.0060711203765067 0.001050863808386815 0.017113445112984182 0.8447687580547736 0.005073101038584271 0.17877780978278923 0.004810532841968973 
174 0.4087224013891715 0.18865316548758004 0.18779696789854583 0.1947346265290102 0.2581507642029697 0.19196753172046144 0.19119217690693602 0.0007782410158925224 0.0006589646391024218 0.0016887745742477644 0.0040705740822424286 0.19678806843599528 0.09069823922241183 0.1954001436871653 0.18847008276508004 0.22370988611328912 0.22522816565083548 0.2712672474845055 0.23183864259085185 0.003187915741760916 0.006831105807895588 1.1666324502393237 0.19959057449484074 1.5940393609726495 
175 0.2268847529101261 0.23622091961148017 0.22274610223041869 0.24054336521122033 0.22345707474699372 0.2299989972022749 0.22978460148498847 0.19322675598172379 0.2635676255320192 0.005969336168061057 0.19874880596392885 0.0016345582066006337 0.22599697894514303 0.19274023930643347 0.19312473147473952 0.0025276527296920204 0.006275182655960165 0.01625084631288698 0.24540320747490751 0.0006000191195045801 0.004088687453718265 0.010262186840541032 0.0038145359387491418 0.0034639683899753138 
176 0.22799500404654482 0.29413803761086355 0.22714090673586607 0.2250270095201996 0.19284132862879133 0.22907385429515337 0.0010090409646037468 0.27793131932547377 0.2289802347162433 0.017372207430527586 0.0014932251561330379 0.21443634549815593 0.19140697820529518 0.004657521554672472 0.0003626554432645257 0.0323848410898413 0.18932206782865957 0.2232005218958577 0.016972578374892633 0.21854521788025583 0.003555405275722956 1.1303184843733263 0.1979314475033025 1.178326654280636 
177 0.3166197062438787 0.19270419421066398 0.20879589628206485 0.1942854330056265 0.05944680784834433 0.2266508486581842 0.1930482944109786 0.002539626444795884 0.19243952128072594 0.0036062647450769703 0.0016235507816666495 0.19220156481908623 0.0011301860930452712 0.00010890900021531813 0.2447431785525931 0.1886599209385389 2.564017198017722 0.2319421505109045 0.0033348509650505953 0.005462630370649091 0.22385491058500318 0.19387639997601758 0.2414330125726989 0.026615081705906984 
178 0.23539574355166848 0.22691055770937574 0.22390397928122474 0.0018230458650070336 0.0012626156142938605 0.0019036912996903688 0.001481545248796623 0.2239154643854957 0.0014996342472626267 0.3344706297261122 0.00036209926498309564 0.3936250023546046 0.006460285307998248 0.24106416791111362 0.22062185867057682 0.10662573337149084 0.004115717258528662 0.2260219387844884 1.3810577142579683 2.2364322045052063 0.24362776915703055 3.219626441949332 1.1524326543098247 1.75922478822082 
179 0.22875478575163255 0.22787758951005221 0.22316692402554783 0.007325790939389121 0.0013912998387295428 0.012619622135262576 0.1885203136445357 0.0019497132438428544 0.0006075520763642039 0.00916205785282398 0.0005771139903987255 0.03498135618111875 0.0025256697596476307 0.003037065396507943 0.1927511126011172 0.21275105277532336 0.3852659127347897 0.08942070710925898 0.01851051422137817 0.0020767930092973064 0.0042628471509860155 0.1991188533177739 0.006423687969652425 0.0008317673021045469 
180 0.19408382984008865 0.19925245134019587 0.1947981089350901 0.19219487870351282 0.1939017877368201 0.29107640691783976 0.19311590410340984 0.001889412916784794 0.003545480866138373 0.1938398961046892 0.0018233048416333997 0.016104861549382843 0.00220283670110355 0.006935409274706261 0.008254762356833867 0.002090363520826699 0.3716851984745204 0.0011064971453211836 0.030546463838280635 0.21182833864563277 0.0018533392334085796 1.3764778287179564 1.7645859677334688 2.576831372300313 
181 0.021600422621409043 0.0020966664920907263 0.001085777222537443 0.0025465482586273236 0.000918520677266832 0.1915071890202431 0.381955763615516 0.01943136245861532 0.007459495598683086 0.22395029506215258 0.2223921696454405 0.0010753075728955341 0.0006736300881833301 0.0032306945748086235 0.02960734862103509 0.0035645676805327042 0.002005614031143299 0.19552121977041947 0.010940061229166576 0.0018725503048986347 0.0020380225966485366 0.06782481422652609 0.25286014586594296 1.8468037031101125 
182 0.28914123286617976 0.255299499459827 0.002578888096951726 0.12686075167659894 0.22265557863237762 0.39504480608950465 0.2244285239932089 0.22449305025894706 0.19081808206963946 0.27086386219173697 0.0012165638836647563 0.0008119255114116264 0.002071152321052594 0.007460754949234705 0.23052974135379856 0.25587945774488197 0.21586685935913952 0.016573075141235627 0.0011006695013413559 0.18952569095777383 0.0027285048123497635 0.19238071386609135 1.7765273636402428 0.25633386248680057 
183 0.23777460155655739 0.2361097562270993 0.22614120467150123 0.22688552472204515 0.23003626075004346 0.1935246201837333 0.26807099593203154 0.2176082878915604 0.006657656566880998 0.004457770641977943 0.1980782694473895 0.0006954368452836146 0.22427610430664924 0.0036641480536925286 0.006663592708457067 0.00572969917315036 1.1270117126633932 0.010586837198260035 0.005778351655142178 0.011087515637161482 0.0058130336051915865 0.19305626073920656 0.01740019611741972 0.005838524883285734 
184 0.012247936372026258 0.0015455928543532949 0.003003704674519936 0.006739184697283296 0.003585930819003158 0.00183201330664029 0.005085230706945332 0.21327734980235302 0.0061279448240672 0.0028313979445560022 0.005091900601146948 0.0009561710855927608 0.22318126860199117 0.0023145319750521587 0.19688033513291314 0.01267126205600655 0.20134413942276175 0.003909400806760166 0.004135890683798049 0.002583861419442446 2.1555381562610316 0.006162358109858435 0.0011143252343766008 0.0010736609183161772 
185 0.19488953253590702 0.19342935964228092 0.19234121139034754 0.0006358800970567291 0.002587718540385975 0.19593827965975508 0.39161133545177385 0.18892892738220546 0.0024672290523735096 0.194443846067762 0.20377676229846786 0.008662640328253701 0.2293047711476368 0.008173907484546827 0.0021627445495695508 0.1875768379503826 0.2369656502259474 0.0039497947959095114 0.0015212635870325286 0.1936665446400616 0.1939090109996069 2.170719581159708 0.18795308536997402 0.011815199987266878 
186 0.23420475776307037 0.0027235909587712825 0.0025446968077944554 0.18869825606222745 0.19355216351719107 0.1914981642339939 0.0004094866660422358 0.30752037904677554 0.0018648766726980792 0.05879255228043245 0.19138708598812593 0.1948282862321462 0.024529876421392816 0.006198037741638629 0.002390707274479098 0.2562006896304978 1.5449051322991476 1.008951646056174 0.0011996895201149549 1.8352470866018589 0.03872650693379098 1.3201368227116381 0.032728085359390535 1.580066732790221 
187 0.42793041662547315 0.1943540467710836 0.1918866233358667 0.2647268919047068 0.2023522675958347 0.001418050098373147 0.43839939182104404 0.19778360478419854 0.0012243980328763282 0.003951534757254294 0.22998597975519441 0.20883660939762727 0.193298463419586 0.0014417245414242164 0.18852704778659146 0.00048346559682332924 0.005496708028386976 2.9942811847677504 0.0021125943011803816 0.18798287504416766 0.2309442628688494 3.895902023945463 0.03516507718126105 1.8292244092590448 
188 0.2895988650707588 0.5667626580206861 0.2612700512285475 0.2607906754796536 0.25975364409807455 0.1935173132329897 0.01027706975081566 0.001220896597053489 0.027483852033356904 0.21092914778006389 0.0017424662131997337 0.22635942505947804 0.0013683735824481236 0.1937046616688045 0.21803253594579952 0.19276643943322025 0.1995862400859736 0.21537027770630046 0.047401973134721054 3.1872381005872796 0.4515459570030369 0.21982575723993825 1.8307670584742706 0.018494583602022274 
189 0.19409462274545164 0.192625715310891 0.19283174389445712 0.19489643475844587 0.021755379894646376 0.21593086148024532 0.19187124544505907 0.2229755376887559 0.0037389248307810874 0.28595846660045376 0.0036189908741903754 0.192897548858723 0.22410814958276903 0.20010369760687596 0.0010581213123981303 0.22306686142157828 0.19536052237142099 0.010763571582681708 1.433099336043281 0.016269780604484252 1.193606741444262 0.23340089686656085 0.003853961838943709 2.1626931409506533 
190 0.23714003600809064 0.22731914424195354 0.22553132273885113 0.22426063859589562 0.0018847791521290347 0.01070389668382643 0.0027157121300187548 0.19291901330286043 0.20619558241131353 0.1969705447390102 0.004287635998132977 0.003796680296637822 0.19118267168578784 0.0015211664028274008 0.0083677480405282 0.20104360180075376 0.001506668161029845 0.21286739414110145 0.005563547362912757 0.5037039594691226 0.04274803543985861 0.22616712725342625 0.09004479613234384 1.541174934040819 
191 0.5081961332884415 0.09186336125029615 0.0017154624577468969 0.0010290966497341625 0.0056188330227331384 0.0017165194906607617 0.022612792265838344 0.0026962797895135893 0.004253067974467006 0.005306260642643945 0.0009642519098205238 0.03877132528563809 0.11610934352090951 0.000435115136525166 0.0010438417317142346 0.19226542938378555 0.1886424519407761 0.11515672970012458 0.202112594148941 0.005332626544283237 0.03414889272612531 0.0012333870649177126 0.0038958572483223097 0.03498464572926041 
192 0.24077055097573496 0.0028838224374463373 0.002099936713717332 0.002871132997948056 0.000997539355338306 0.1996191908412217 0.0014020169736599364 0.18893854552894163 0.004956983662455672 0.1943497083221264 0.0017359794875715373 0.004668606412493892 0.20436407227732145 0.21926681661793213 0.008924877295762856 0.21243268782089308 0.016324985284057236 0.0016834165107655341 0.013207126475736741 0.003550194040265797 0.2239772219926517 3.0336178405837764 1.147479217578322 1.5663408146081053 
193 0.19631407326490646 0.1945889871699289 0.19836044887299376 0.002961272345558763 0.0016425466318168436 0.20633660472059567 0.0010619260901050254 0.0012986446845337785 0.0022922269643790294 0.0025887780406430583 0.19055361737943355 0.002451514651917064 0.002213088163581123 0.22330952738423893 0.19351472043034823 0.22621518913629646 0.001044177297546689 0.19486401108334794 2.0705546319593715 0.19764269290072267 0.0011708295987991058 0.18794247040933332 1.2032396690236582 2.674761012569095 
194 0.06534121403017501 0.0006806949142470486 0.0031412131867407656 0.0017979118547113426 0.0007553446516552764 0.0015454090294004796 0.19129408136685844 0.00209291491333774 0.19406175217219346 0.1925199301348608 0.029527217161558372 0.00121849614814451 0.21216971482234714 0.19959277357398797 0.1949185116735943 0.1937257232842997 0.0009839116074530363 0.2208869384197174 0.005233701686352177 0.19115204421999232 0.00041805753192458717 0.0012723035938824179 0.002881416731240316 0.0010817212752001204 
195 0.22709658279177614 0.22325267741926158 0.22494067335269352 0.22494354814580308 0.23915021117250834 0.22676944695428602 0.18929427146062094 0.001068702236974861 0.0070997787764031095 0.19158513879277939 0.1922850284549169 0.0024014622008610154 0.00146545714745705 0.2729053918847635 0.002382710196889848 0.006113690538262828 0.00795159174679183 0.20713648686271635 0.001511389860334278 1.3048119077196882 0.18994063251176696 0.24362550955029372 0.03403368282878838 1.1167053815408712 
196 0.23404023819172792 0.22729063427777207 0.226825059078545 0.2604570179910506 0.0017376203864338802 0.0011832068909833904 0.19229257311274983 0.005973318243763348 0.1912000697368479 0.0035735360091460056 0.006086608429622942 0.007754001068476679 0.2033022896750445 0.021413738043462027 0.19017103824226056 0.006263483401556469 0.09400299798765288 0.0018682388559261298 0.18812071368087557 0.1901121310559981 2.123309941252938 0.00274119839774678 2.3499487918969324 0.1942126294166402 
197 0.247593488277412 0.2525210795166062 0.22536575014694926 0.0017698132618528817 0.22003182912780583 0.0030401955232932654 0.002175569546468248 0.2234069754587351 0.1942119013179462 0.25550348668702516 0.337928109415923 0.0015339762505828247 0.19130454007215736 0.1931396143608397 0.19149279778158745 0.2137334187251596 0.009231083964305054 0.008446544974682224 0.2367917005712601 2.2120631115656186 0.006782631175696219 2.473417559572444 0.2262150799963767 0.04197766562295291 
198 0.23146155185396444 0.2265454165884222 0.2352738903484468 0.2499646294671558 0.2241166029968238 0.28564876485993573 0.0031621916894670754 0.000254628075003982 0.0013419622982777657 0.02297283829909813 0.0036900994618502825 0.0014266232423907343 0.013552269215031831 0.0023201744832961335 0.0017089013146927012 0.18930240618820604 0.005469819046520774 0.22693790920836965 0.19818208384329594 2.2596562588355065 0.1926130440682572 0.225027775868186 1.2886848605504815 2.1234483043656636 
199 0.19399921060731207 0.2268318492151613 0.2966085030566423 0.238261113482938 0.00418201281031938 0.00213611744085207 0.010320112431906336 0.0007166760182970577 0.1879751176778397 0.017712758635115344 0.19410652587204758 0.2356721815076246 0.0013914718222347577 0.231227094652096 0.2231163547289361 0.1953332509915544 0.004314574173841956 0.00455241238499382 0.19979677635602777 1.5542528147793342 0.0012507053907384602 0.006403184622169267 0.001982784478165467 2.0144660000072747 
