0 [ 0.2576662   0.13404639  0.91096207 -0.37976788  1.36532345  0.82365008] [ 1.13671308 -0.0841049   1.44229378  0.25381771 -0.02240383  0.29423694] 
1 [ 0.21524655  0.5665681  -0.15070168 -0.15999308  1.61840242  0.62061374] [-0.52869803  0.96390845  0.44027182 -0.06018175  1.62085282  0.01075686] 
2 [ 1.60563156  0.73235537 -0.11038284  0.85373862  0.37793864 -0.02233197] [1.64347833 0.6718184  0.38512736 0.26846564 0.62488789 0.7545592 ] 
3 [ 0.22903658  0.68523639 -0.05611625 -0.01809931  0.5868376  -0.00643677] [ 1.07282202  1.29805456  0.49156176  0.04841929 -0.64201541  0.81075455] 
4 [ 0.24920398  0.64994926 -0.09858712 -0.05917734  0.73151291 -0.24942756] [1.04719274 0.4065509  1.33671128 0.04758647 0.13669937 0.0478149 ] 
5 [0.25716665 1.29529554 0.72526982 0.09089721 0.48258608 0.53532176] [0.07739467 0.03016153 0.29541633 1.87740852 0.30138357 0.18115477] 
6 [ 0.76401153  1.23949838  0.30686204  0.25476067  1.07951204 -0.4735357 ] [-0.00607054 -0.36832687  0.55362462  0.28896815  0.14616826  1.39599872] 
7 [0.14109225 0.33541019 0.6434327  1.50399126 0.32435254 1.46445173] [ 0.99825111  0.91016415  0.06316138 -0.52039164  1.87669042  0.19403212] 
8 [ 0.3032068  -0.10189979  0.70914063  0.56029541  1.14734599  0.2436163 ] [ 0.6878997   0.3586698   0.21075593 -0.07491452 -0.07880536  1.75584542] 
9 [-0.24307435  0.68550974  0.56402897 -0.60998254 -0.04605146  0.62392813] [-2.80723367  1.32093994  1.35102824  0.15103891 -0.10404704  0.37087925] 
10 [0.49822834 1.14010106 0.52248945 0.16548298 1.13166619 0.45748575] [0.03735967 0.13760728 0.17384796 0.18167105 0.06574118 1.32910486] 
11 [ 1.68278859  1.08833984  0.50860697  0.51064006 -0.13437231  0.25712076] [ 1.6034974   0.00223207 -0.02401145  0.80128754  0.34686553  0.96142263] 
12 [ 1.37739005  1.0719444  -0.15082537  0.60783247  0.58087408  0.51039395] [ 0.02948175 -0.27750161  0.82637833 -0.23261496  0.17527704  1.45975512] 
13 [0.23383242 0.72585593 0.39461331 0.06108731 0.6441975  0.54444932] [ 1.05121558  0.25497828 -0.11752144  1.49638029 -0.10276159  0.01396996] 
14 [ 0.29770122 -0.13108623  0.8207529   0.58280197  0.7869691   1.86749041] [ 0.68418721  0.27101914  0.18099445 -0.09073325  1.54596227  0.18954615] 
15 [1.2158734  0.33924251 0.80062449 0.30815284 1.01917735 0.52238587] [-0.00819901  0.10857384  0.54562819  0.39975509  0.13905488  0.17828476] 
16 [0.14045336 0.24272084 0.38062106 0.5151028  0.51287889 1.13536002] [-0.54425176 -0.36105172 -0.28594011 -0.28680347 -0.1691147   0.05365909] 
17 [-0.17601305  0.92077015  0.12087161  1.14383094  0.25688164  0.31455852] [-0.779164   -0.16120259  0.10348397  0.12528226  0.36074182  1.38378774] 
18 [1.40798014 0.05337465 0.49896871 0.18992749 0.60345296 0.33055221] [ 1.65140735 -0.14476273  1.11127658 -0.47490372  0.27193546  1.37715646] 
19 [ 0.33818556  1.78500919 -0.11571184  0.38827683  1.26809078  0.17157381] [0.06504351 0.21789973 0.00748221 0.23400988 0.2837855  1.1596336 ] 
20 [0.52651991 0.85607075 0.83471784 0.14906588 0.5110462  0.5296389 ] [0.08011584 0.0403077  0.22292386 1.9817009  0.32157617 0.19185129] 
21 [-0.2484793   0.35912346  0.25598626  0.3919039   1.68884573  0.59167186] [-2.97869325  1.24119798  1.06647329  1.21364046  0.15645089 -0.28700727] 
22 [0.09973256 0.25861661 0.18759791 0.44293818 0.50314049 0.04077398] [ 0.99110564  1.13843156  1.34842815 -0.30541187 -0.12903131 -0.06017607] 
23 [ 0.24325082  0.83841943 -0.13495629 -0.17872688 -0.23214095  0.90972388] [ 1.07931192 -0.17986074  0.48192158  1.41736437  0.06291454  0.14876334] 
24 [-0.02553835  0.40479394  0.3063814   0.98803623 -0.0953857   0.80656835] [ 0.20601233  0.17976725 -0.11562462 -0.11753504  0.1159021   2.11139166] 
25 [-0.42221209  0.12215811  0.596306    0.47248003  0.97483054 -0.21949088] [-0.10363989  0.27916106 -0.39370163  1.28131037 -0.20094044  1.82040762] 
26 [0.17273482 0.58185824 0.46341966 1.35071001 0.474245   0.55069227] [ 1.12204434  0.02381005 -0.02196358  1.8580011   0.28311287  0.18177855] 
27 [-0.19290262 -0.46320971  0.84952457  0.47706649  0.39462457  0.01205295] [0.64189705 0.24595332 1.34815352 0.17431884 0.49825622 1.00445728] 
28 [0.17336294 0.82886023 0.79143876 0.76946594 0.40676539 0.54021748] [ 1.13613012 -0.05341096 -0.01841143  1.84733967  0.27374869  0.16466425] 
29 [0.89739392 1.12180347 0.52345292 0.57891679 1.62905824 0.13743735] [ 0.01202672  0.88177976  0.28113441  0.97655786 -0.38954207  0.76036362] 
30 [0.2529284  0.14533298 0.58283265 0.45786186 0.68373923 1.19262632] [ 1.13796999 -0.10890072  0.25703894  1.40886762 -0.09461457 -0.01865635] 
31 [ 0.18867717  0.53633674 -0.07308602  0.59050174 -0.06891158  0.73694229] [-0.53956489  0.60129938  0.68885245  0.19618288  1.49011262  0.11749634] 
32 [0.70882054 0.9576488  0.04184238 0.68439252 0.72553149 0.43402545] [0.01901582 1.12521437 0.58094024 1.15207955 0.23951229 1.44416335] 
33 [ 0.2457199   0.70121031  0.38715326 -0.4990652   0.09895317  0.27519997] [ 1.06970470e+00  3.22065944e-01  1.46922256e+00  1.40786420e-01
  8.66275463e-04 -6.03344379e-02] 
34 [1.03877229 1.05650976 0.86844435 0.32294428 0.98455803 0.67001153] [0.44672638 0.38775684 0.31897998 0.19107426 0.2839935  0.86423998] 
35 [1.1787131  0.22959034 0.88427532 1.14922586 0.00553999 0.480708  ] [0.16119165 1.2168681  0.04281017 0.75756948 0.62738919 0.61104035] 
36 [-0.70812632  0.95373284  0.71576699  0.48212747  0.32241887  1.03098602] [-0.00992969  1.07780255  0.20749361  1.44088242 -0.04030626  0.0359901 ] 
37 [0.24019423 0.72143682 0.40452225 0.5756619  0.26681503 0.87321831] [ 1.03418436  0.25629189  1.39966682 -0.07816745 -0.03451517 -0.0322653 ] 
38 [0.26547692 1.2018202  0.20929128 0.10397835 0.78593984 0.02732466] [ 0.00342205 -0.13014272  1.49196642  0.53802043  1.35557561  1.59174903] 
39 [ 0.25831473  0.58561138  0.92370866  1.00046048 -0.04778032  0.61555338] [ 0.04339216 -0.00267678  0.39930417  1.40069506 -0.11914993 -0.12086248] 
40 [0.17094507 0.87529953 1.15542037 0.18295083 0.94064707 0.33133373] [ 0.31969419  0.00606266  1.03077955 -0.47846101  0.63104181  1.2436512 ] 
41 [0.45694988 1.14533744 0.60005502 0.34264859 0.53322256 0.55029133] [ 1.47513364  0.07139583  0.93397372 -0.40223444 -0.23465106 -0.18134249] 
42 [0.2307182  0.75099125 0.30917265 1.00984246 0.86570147 0.96458703] [ 1.04061726  0.28819912  1.33860305 -0.05082296 -0.0042706   0.09952378] 
43 [ 1.07219939 -0.02341521  0.24202917  1.03153361  0.43572984  0.58421106] [0.53855475 1.0053006  0.03007348 0.63493951 0.34259057 0.21302312] 
44 [ 0.21243908  0.50217212 -0.1638945   0.71641521 -0.05992827  0.72328552] [-0.54368848  1.12265025  0.19019133  0.43446792  1.27448851  0.10811667] 
45 [-0.23682999  0.529655    0.59100977 -0.13568537  0.60660609  0.57520227] [-2.92013864  1.22198204  1.61685999  0.20481274  0.17277868  0.13142503] 
46 [ 0.33608881 -0.08527779  0.83099766  0.03325202  0.34906626 -0.9859749 ] [ 0.4959752   0.58456789  0.28597456 -0.06972412  1.40365044 -0.07258052] 
47 [ 0.23471349  0.54822813  0.70145893  0.36091749  0.93127417 -0.29710156] [ 0.99611136  0.22601501 -0.09776509  0.13481734  0.1977002   1.46490858] 
48 [1.09271844 0.19235336 0.16766579 0.12167536 0.87473054 0.30211531] [-0.06325372  0.18517401 -0.31843283  0.32272884  0.4543865   0.27663072] 
49 [0.87274572 0.51649671 1.32623214 0.12888031 1.05873796 0.63396624] [-0.04012988 -0.13663969  1.48454695  1.71220082 -0.50419018  0.18528939] 
50 [ 0.21692909  0.61563552 -0.64025248  0.07225482  0.12495222 -0.09703222] [0.9814598  0.18765486 0.17441142 0.14099308 1.01195385 0.32145422] 
51 [ 0.33264238 -0.09158948  0.70355853  0.11980618  0.37184927  0.58109427] [ 0.42889199  0.64557731  1.97017121 -0.23552656  0.2223353   0.13625321] 
52 [0.73231713 0.38994379 1.01759384 0.74996627 0.92197281 0.75269852] [ 0.52148565  0.18557207 -0.03262877  1.02392194  0.85340174  0.95507846] 
53 [1.19299639 0.06752882 0.68482805 0.42057803 0.83033842 0.69047444] [0.29647334 0.63801916 0.0157563  0.78552587 0.86592464 0.2486444 ] 
54 [ 0.3364774  -0.0771975   0.657225   -0.06728569 -0.1097072   0.72564711] [ 0.40743781  0.65831999  0.63036759  1.13798348 -0.01260989  0.11757226] 
55 [0.85714913 0.57738898 0.93675503 0.16425354 0.9016049  0.74750725] [ 0.84117143 -0.07773107  0.64401249  0.26066145  0.93277027  0.35513927] 
56 [0.21075846 0.69057217 0.92525764 0.86000866 0.20371596 0.51123995] [ 1.01941747  0.09282159  1.6082401   1.52487843 -0.18283583  1.77142807] 
57 [-0.26744843  0.12863254  0.48547256 -0.04756268 -0.11527823  0.04143849] [-0.89772002  1.2198448   1.42012308  0.65456033  0.8304017   0.07165614] 
58 [0.83294891 0.74219706 0.22405509 1.10958315 0.31967734 0.7553778 ] [ 0.75015993  1.01112803 -0.00286431  0.65613697 -0.33379563  0.7261117 ] 
59 [-0.06536086 -0.20375043 -0.24971773  0.11802401  0.04998586 -0.70248809] [1.0718421  0.4773661  0.64836836 1.65718667 1.13619652 0.19407378] 
60 [ 0.22489255  0.02406879 -0.49961915  0.07265449  1.17965545 -0.00835757] [1.45250859 1.34240701 0.76628182 1.02194232 0.6396248  0.83964285] 
61 [ 0.06562534  0.78993771  1.40780111  0.8222652  -0.15492557  1.83146115] [ 0.01679491 -0.04300308  0.48440006  0.32332236  1.08359211  0.2301135 ] 
62 [ 2.16036062e-01  1.01245216e-03  5.18056442e-01  1.38548091e+00
  5.42605996e-01 -1.86500102e-01] [ 1.38576397 -0.30812188  0.1760334   0.1011817   0.35354098  1.34627234] 
63 [ 1.04255553 -0.01030332  0.85146293  0.43030696  0.42916463  0.58604321] [ 1.00799652  0.54961213 -0.14585187  0.51653455  0.34618264  0.21763215] 
64 [0.23130022 0.62788468 1.41499919 0.03796534 0.39813985 0.21867782] [ 0.91008895  0.46297012 -0.07009033  1.67685107  0.40986315  0.66518342] 
65 [ 0.20490005  0.6406055  -0.08080632  0.20962251  0.22354777  0.59781141] [ 1.04430064  1.30658306  0.5930208  -0.16411254  0.26238764  0.12225608] 
66 [ 1.19207293  1.03912948  0.39351386 -0.12874013  0.65329491  0.43954806] [0.66840295 1.12579758 0.52205237 0.63085231 0.12754532 1.2250873 ] 
67 [ 0.20464645  0.53773893 -0.15044883  1.18276593 -0.27196663  0.79842334] [ 1.03757699  0.43569556 -0.28484912  0.167544    1.37011407 -0.04296016] 
68 [ 1.04932232 -0.00773828  0.75293138  0.55351106  0.44297472  0.58094696] [ 1.01490732  0.5398672  -0.1313948   0.52418411  0.34210352  0.19416728] 
69 [ 0.27811088 -0.22222762  0.21081438  0.49328881  0.90600078 -0.26137971] [ 1.78923247 -0.52344434 -0.39606379  0.1461312   0.12662123  1.42722575] 
70 [ 0.22008791 -0.04909296  0.56641889 -0.13296081  0.7255571   0.38154553] [1.90219623 0.68223029 1.11220214 0.23320417 0.15398427 1.47328008] 
71 [-0.03632927  0.23162754  0.67748235  0.89223227 -0.26723188  1.42053844] [1.78033517 1.02314441 0.19864721 0.16755614 1.36965217 0.05798406] 
72 [0.72543527 0.06907656 1.33353865 1.67612505 0.46462852 1.27099144] [ 1.70476624 -0.11911596  0.35512787  0.44047349 -0.03021889 -0.31409945] 
73 [0.18217883 0.6170127  1.00805753 0.96942667 0.50317833 1.61717009] [-0.56288907 -0.0440697   0.05810743  0.42391051  0.20079392  0.1375914 ] 
74 [1.08209726 0.82895846 0.94829197 1.00002698 0.78219339 0.47727343] [-0.01204276  1.23122583  0.03216419  0.25437463  0.17020739  1.44281948] 
75 [ 0.22900068  0.18516046  0.32531665 -0.05057226  1.14720598  1.087435  ] [ 1.15149994 -0.06439143  0.30327611  1.23105012  0.05794741 -0.1965298 ] 
76 [0.53751643 1.55761174 1.18870208 0.31944738 0.48706733 0.60338732] [ 0.05655802  0.64978812  0.50578933  1.18875775 -0.28101345 -0.15148162] 
77 [ 0.19098967  1.74645094  0.70913939  0.60019057 -0.06495259  0.42304332] [ 1.0289005   1.5483583  -0.33173521  0.56842875  0.73522579  1.74419119] 
78 [ 0.23709405  1.31572152  0.76505217 -0.08825184  0.90395839 -0.25551295] [ 1.04616148  1.58585772 -0.12165036  1.69734826  0.27113079  1.29431276] 
79 [1.17037283 0.60126064 0.39633965 0.60858593 0.35719063 1.0245396 ] [ 0.77810024  1.10142768  0.74671166  0.30462848  1.02819713 -0.57736337] 
80 [ 0.32365664 -0.11095025  0.80793013  0.38476346  0.64521104  0.88198283] [ 0.43267314  0.57977001  0.12084712 -0.10457052  1.65962488 -0.13314649] 
81 [ 0.18971708 -0.09085377  0.67265298 -0.13474179  0.69079806  0.04186257] [2.20321276 0.3700936  1.12610485 0.23075381 0.10096261 1.59430127] 
82 [0.83685159 0.30757091 0.13565498 0.80908417 0.91861192 0.61279   ] [0.76499188 0.35382761 0.35690273 0.56689616 0.92171025 0.82257841] 
83 [ 1.5935267   0.19574248  0.53439806 -0.11513125  0.22153247  0.43341795] [ 1.580569    0.0899613   0.57450712  0.6495091   1.36339236 -0.2163233 ] 
84 [1.04809107 0.20854977 0.13185897 0.84556797 0.87154151 0.66591208] [-0.54898429  0.9529234   0.34181289  0.92331061  0.54389704  0.18887554] 
85 [0.36951341 0.28146554 0.77040585 0.96914552 0.61961844 0.00707882] [ 0.22109761 -0.09100323  0.00330761  0.57515734  1.059668    0.33497425] 
86 [1.12218156 0.48758803 0.47640074 0.93138279 0.78602113 1.22901478] [0.70012097 0.97923758 0.56766227 0.36483288 0.29922312 0.74610114] 
87 [ 0.20536329  0.66802463 -0.34542029  0.13736289  0.65569341  0.53516039] [ 1.02942404  1.75502688 -0.01838385  0.17981207  0.22409353  0.13903306] 
88 [ 0.24500591  0.13048224  0.49551641  1.62244165 -0.12476643  1.8849999 ] [ 1.0590008  -0.14879124  0.14752489  0.33824183  1.23291349  0.29897002] 
89 [ 1.10783172  1.15879609  0.5166633  -0.16228008  1.41155727  0.80834816] [ 0.01422717  0.49947457  1.03728493  0.5944933  -0.06585096  0.34423664] 
90 [-0.17997388 -0.41526335  0.91061095  0.36243617  0.04645105  0.52910298] [0.64089648 0.27637602 1.35600468 1.52562962 0.2246116  0.06645234] 
91 [ 0.20982982  0.61568479  0.12369466 -0.14785151 -0.0366811   2.0159659 ] [ 1.06890758  0.67158935  1.59004272  0.66017565  0.69248961 -1.08575394] 
92 [ 1.5437818  -0.05630789 -0.04527996  0.39652212  1.07197881  0.46924081] [ 0.19122242  1.12725216  0.20003942  0.62391515 -0.09766244  1.80548172] 
93 [ 0.71606608  0.32726727  0.9667513   0.89705849  0.03104287 -0.28760266] [ 0.67636357 -0.03116471  0.68217811  0.56523466  0.61322605  0.83094308] 
94 [ 0.2461865   0.01876763  0.29596628  0.3835137   0.55800429 -0.02097186] [ 1.08309685  0.00924968 -0.08749381  0.22885748  0.30868067  1.12160527] 
95 [0.24165757 0.46170605 0.12658538 1.47132933 0.6263464  1.23343349] [ 0.91145767  0.00782832  0.16791822  1.38937826 -0.13740578  0.23087002] 
96 [0.30695115 1.29252288 0.72547991 0.42010985 0.56876755 0.61395746] [-0.30450366  0.08080331  0.40099445  0.45041516  0.22929716  0.18511462] 
97 [ 0.24767834  1.13526749  0.2864159   0.11489082  0.07708854 -0.00404733] [ 1.14038048  1.51030973 -0.14012288  0.27794688 -0.10291988 -0.15605263] 
98 [ 0.31743592 -0.07567838  0.80202873  0.46776447  1.00406346  1.22948883] [ 0.61845787  0.54041068  0.10216385 -0.03976967  1.64137319  0.13442905] 
99 [0.68338693 0.68777832 1.00507459 0.49219349 0.5426475  0.67767297] [1.03233678 0.63831083 0.55695396 0.5094749  0.02785997 0.50588932] 
100 [ 1.42644813  0.83757715  0.51618325 -0.15016473  0.66430638  1.5499322 ] [ 0.00810872  0.51956602  0.87769883  0.74582492 -0.08938771  0.39141511] 
101 [0.86224216 0.66176515 1.14274683 0.71818708 0.73086975 0.89151799] [0.97034794 1.08500043 0.76492025 0.95227557 0.47398247 0.53134836] 
102 [0.87332866 0.37138213 0.61767042 0.48731545 0.72543404 0.04650823] [-0.03491124  0.03548688 -0.07315332  0.51213796  1.34709686  0.05114301] 
103 [-0.23931614  0.62471765  0.56386551  0.14097718  0.28823479 -0.02561171] [ 0.29445306  1.29124214  0.06800996  0.14160194 -0.00173435  1.45939877] 
104 [1.14912387 0.96880919 0.0704026  0.84795306 0.50129604 0.30023863] [ 0.77319137  0.97358174 -0.12943763  0.48270735  0.34696265  0.24898341] 
105 [-0.15878878 -0.28885735 -0.45246004  0.97034597  0.50692742  0.31663816] [0.55847977 0.31456937 0.19945771 1.40839058 0.17091914 1.51482464] 
106 [0.22381528 0.78084438 0.70940647 0.21400013 0.60649734 0.30810596] [0.9241539  0.02508227 1.52042779 0.20809335 1.68920623 1.27572127] 
107 [-0.17014206  0.23974102  0.58350897  0.48714122  0.81877784  0.00637186] [ 0.56784912  1.32952851  0.19882142  1.45673791 -0.13590788  0.09892761] 
108 [ 0.19425267  0.3707013  -0.15110285  0.36323574  1.17331933  1.38566895] [-1.17074695  1.26179451  0.17323006  0.06570276  0.6458516   0.07354945] 
109 [ 0.24124559  0.91194265 -0.03909184 -0.037702    0.21366638 -0.02908822] [-2.07479185 -0.15339964 -0.10917822  0.5670987   0.78210702  0.57566506] 
110 [ 0.21019015  0.40282626  1.1925004   0.84548578 -0.11812173  0.6787438 ] [1.08355549 0.16681324 0.03653206 0.51113226 1.30614502 0.14908025] 
111 [ 0.8545798   0.58790514 -0.03056443  0.46794589  0.54839706 -0.28921102] [0.00766741 0.73304371 0.76026607 0.83718527 0.28378399 1.2126032 ] 
112 [-0.19325466  1.02477408  0.56775234  0.69863795 -0.07526183  0.61385417] [-0.88003134  0.0155689   0.16343382  0.49629046  1.34486945  0.16776352] 
113 [0.33620707 0.60180672 0.86664012 1.4244109  0.07493901 1.23674632] [ 0.46315245  0.22791346  0.77735935 -0.45205899  0.78428237  0.15232878] 
114 [0.25212538 0.24964775 0.47342755 0.40880496 0.75281174 0.08048875] [ 1.03036873 -0.05396119  0.22066215 -0.11582574  0.48962499  1.14501667] 
115 [ 0.33347177 -0.07677277  0.21316121  0.53439671  0.69989776 -0.17175864] [ 0.48022174  0.61449978 -0.0111357   0.165625    0.0732378   1.37804307] 
116 [0.24831126 0.66164779 0.29624269 0.79121046 0.9212653  0.66834321] [ 1.04489163  0.30343907  1.56072658 -0.07774057 -0.1417591   0.13819208] 
117 [0.80540867 1.12027531 0.18757727 0.30776858 0.79180089 0.51396126] [-0.02840411  0.6874968   0.95466733  0.00330616  0.03803158  0.26254577] 
118 [ 0.56496147  0.69711274  0.08032462 -0.09058959  1.05770987  0.42124538] [ 0.21539991  0.68923898  0.32881938  0.55300692 -0.48458159  0.47871941] 
119 [-0.18718483 -0.46741194  0.08335833  1.25982831  0.30681343  0.17551029] [ 0.53014539 -0.84825645 -0.45051605 -0.11524536  0.27764409  1.44757093] 
120 [ 0.34115312 -0.09297592  0.35677888  0.32145043 -0.60812742 -0.09747899] [ 0.41879523  0.55423269 -0.14554459  0.18665029  1.36149818  0.38268284] 
121 [ 0.17147965  0.35994605  0.56908484  1.61049909 -0.31125968  0.05310523] [ 2.60827332 -0.31195818 -0.21724736  1.76702723  0.2943931   1.09635276] 
122 [0.24534445 0.13211132 0.56256758 0.5146202  0.70310212 0.67035341] [ 1.15155509 -0.13000623  0.22851489  1.42184847 -0.08159034  0.01250559] 
123 [0.2231755  0.7373315  0.35473603 0.00228501 0.79687122 0.74234249] [1.03726027 0.15709447 0.45389862 1.00252106 1.50368753 1.4094569 ] 
124 [-0.34173652  0.17709856  1.08464134  0.00496863 -0.03006152  0.91175079] [1.11812331 0.88480253 1.98908431 0.22127131 0.84336131 1.3002438 ] 
125 [ 0.33435057  0.73080092 -0.1839826   0.62301187  0.83374739 -0.06569847] [ 0.15149007  0.06646001 -0.14289878 -0.01116325  0.79901091  1.30999963] 
126 [0.92714935 0.09828405 0.00445396 0.88040101 0.74643905 0.24677133] [0.37290437 0.13228181 0.19157605 0.71388043 0.73624272 0.26470948] 
127 [0.98148139 0.95799853 0.33322834 0.27147386 0.47145029 0.65280371] [-0.005594   -0.20086416  0.52656374  0.24102466  1.34131745 -0.160832  ] 
128 [ 0.21925114  0.58175473 -0.08204686  0.65154601  0.55807014  0.17950106] [0.98882735 0.56302695 1.2432405  0.16495721 0.09680937 0.05854585] 
129 [-0.15311956  0.14688466  0.57776479  0.83834923 -0.19732604 -0.00483022] [0.9020251  1.11148596 0.17846525 0.13624985 1.12495934 0.25934781] 
130 [-0.2642687   0.1568096  -0.13088735  0.04767679 -0.60062947  0.63469762] [ 1.11915892  0.82333219  0.78923823  1.24166208  0.220413   -0.18886396] 
131 [0.19738497 0.60842999 0.88814767 0.8854089  0.34270961 0.50587037] [ 1.06887349 -0.06008655  0.0386914   1.69271382  0.30519439  0.17228771] 
132 [ 0.77938469  0.50995762  0.99843427 -0.50465444 -0.05960512  0.13011788] [-0.03457933  0.03166766  0.35264917  0.42049201  0.21878431  1.16283351] 
133 [ 0.21445348  0.41686048  1.27892223  0.15472824 -0.02956014  0.00982054] [-0.56845636  1.35160764 -0.31121488  0.71100451  0.07657976  1.0654858 ] 
134 [ 0.81877793  1.4825695   0.13230738 -0.04338253  0.44776916  0.53528783] [1.39416185e-03 5.17022301e-01 1.83712672e-01 1.43532777e+00
 3.05878808e-01 1.94271209e-01] 
135 [-0.20974036  0.11318621  0.62056479  0.92230846  0.07134955  1.6923783 ] [ 1.12875468  0.97965429  0.08938009  0.61290101  1.12319693 -0.18882308] 
136 [1.48811847 0.15218612 0.08778605 0.75902467 0.33844987 0.59482068] [-0.13157506  0.56200217 -0.32683121  0.41511466  0.29869047  0.09104465] 
137 [ 0.42945727 -0.10496824 -0.06730152  1.04947479  1.48451525  0.49229296] [0.25179413 0.3335354  0.57951664 0.02314823 0.16290553 1.46794786] 
138 [1.06933538 0.63462362 0.30790947 0.33705028 0.46834365 0.35731115] [0.4553056  0.48344859 0.46523926 0.759282   0.13580934 0.79391535] 
139 [1.14486066 0.92990976 0.63535391 0.20189622 0.06341406 0.70739311] [ 0.78783506  0.7397876  -0.15587699  0.12938867  0.38176597  0.51350059] 
140 [ 0.89653941  1.37977554  0.1799728   0.4112668  -0.06222425  0.56803946] [-0.04211195  0.41911787  1.73622211  1.02585838  0.82758478  1.42957069] 
141 [ 0.23657183  0.23885907  0.4551183   1.09678658  0.06825394 -0.53774627] [ 1.07586835 -0.12031398  0.19079143  1.22435624  0.4753859   0.13182819] 
142 [ 0.25310378  0.80540236  0.99124142  0.27106903  1.05693147 -0.06712108] [ 1.03700009  0.28761688  0.1498088  -0.1645568   0.88204273  0.84728043] 
143 [0.04411805 0.20849929 0.70936121 1.07212074 0.03807506 0.80843113] [ 1.59665562  1.0205354   0.11430749  1.25320869  0.41416972 -0.15718839] 
144 [-0.34901593  0.55783477  1.72893777  0.14324344  0.63637938  1.03733569] [-0.07287111 -0.18138902  0.9405338   0.65031576 -0.05906314  0.2839652 ] 
145 [ 0.90955499  0.08644567  0.63455184  0.65186187  0.58492698 -0.18022929] [ 0.01848934 -0.03195467  1.68549153  1.1443374   0.45606382  1.23726664] 
146 [ 0.2301155   0.59351296 -0.10226624  0.00132242 -0.57594635 -0.23227156] [ 0.96230114  0.5896258   0.75274194  0.40274411 -0.08251732 -0.10265664] 
147 [0.22705106 0.66200948 0.46169151 1.51780827 0.8537137  0.01210459] [ 1.08848296  0.23030786 -0.11626863  0.13427514  1.25986911  0.32253501] 
148 [0.94826415 0.43647756 0.25898237 0.102776   0.67916304 0.40473605] [ 0.72683432  0.50931169  1.28048005 -0.01701833  0.77270377  0.77214897] 
149 [-0.10799956  0.22370442  0.19481762  0.43462885  2.33774871  0.39597087] [1.72987538 1.28629203 1.25109479 1.33164804 1.67106015 0.15818113] 
150 [1.36649954 0.87866196 0.26685292 0.31597596 0.73513347 0.20665597] [0.80970709 1.02288219 0.10272963 1.20216456 0.78502433 0.78713421] 
151 [ 0.23641488  0.56563395  0.64154597  0.56010687  1.20254853 -0.19313813] [ 1.05185534  1.67319151  0.19219605  0.08288947 -0.09055721 -0.07352543] 
152 [ 0.19647992  0.21399314 -0.16058857  0.58691516  0.53340862  0.51870783] [1.41080007 0.24990198 0.90688363 1.32373654 0.17179155 1.49192497] 
153 [ 0.23765182  0.39209456 -0.08231559  1.55764572  0.22470391  0.54122758] [ 1.03587582e+00  5.49021137e-01  8.18716849e-01 -3.53005108e-04
  1.83299324e-01 -1.90750447e-01] 
154 [ 0.09023973  0.31828807  0.1224938  -0.17422991  0.40010511  1.39888749] [ 1.26814235  0.98286462 -0.55961206  2.14683568 -0.19997444 -0.10791233] 
155 [0.71570299 0.47563128 0.88606351 0.43627121 0.9783887  0.61846046] [0.96610621 0.58237623 0.61303338 0.81542131 1.15319772 0.0975882 ] 
156 [ 0.22549902  0.68252103  0.64138791  0.3479561   0.13680424 -0.2409985 ] [ 1.03700393  0.18578424 -0.08603642  0.522684   -0.2274437   1.34383321] 
157 [0.25317224 0.26791013 0.42390303 1.20219543 0.03040404 0.05708919] [ 1.03249868 -0.1131482   0.17935617  0.71825269 -0.17927717  1.07611389] 
158 [ 1.62198192 -0.05098185  0.49340262  0.72862954  0.05259717 -0.31764282] [-0.04660409  1.60260827  0.9969206   0.57562772  0.82069366  0.49196412] 
159 [0.19537866 0.47979213 0.59326324 0.11642284 0.49462837 0.0638258 ] [-0.55606632  1.29829633  1.62149653  0.15660823  0.02775458  0.09381339] 
160 [0.94652204 0.01534015 0.91862242 0.75369909 0.22861806 0.41883418] [0.39711015 0.34223817 0.73676926 0.78367807 0.27478705 0.10254561] 
161 [0.6921616  0.72997838 0.57972292 0.21428177 0.50992992 0.53474508] [ 0.01297006  1.52776135  1.11870272 -0.49124673 -1.27482686  0.17346217] 
162 [-0.12789501 -0.21133524  0.75146775  0.82934489  0.72296574  0.71269106] [ 0.48026338 -1.10351402  0.05405773  0.13506628  1.80448819  0.15049611] 
163 [ 0.23024743  0.68324462 -0.18240186  1.40729315  0.68435401  0.36020701] [ 1.05423669  2.23017797 -0.38489379  0.05833081 -0.31756348  0.16115725] 
164 [ 0.71116794  0.97568255  0.10753442 -0.04764307  0.68901863  0.61417984] [ 0.00558901  1.29593087 -0.40080358  0.89095978  1.21730204  1.73646777] 
165 [1.16976642 0.73157721 0.23964419 0.43180921 0.67954886 0.33503966] [0.75616788 0.17591636 0.86430785 1.06425947 0.30240026 0.9253521 ] 
166 [ 0.19304877  0.52175092 -0.08422112  0.62940643 -0.04868434  0.64259635] [-0.54388568  0.7400422   0.5303333   0.1877312   1.52579191  0.10562257] 
167 [1.58214768 0.68128372 0.0796237  0.16913668 0.28189827 1.43871998] [0.10948184 0.00738316 0.39099274 0.24658199 0.20494756 0.1840284 ] 
168 [ 0.85375267  0.68425545  0.94103889 -0.16741295  1.00489724 -0.24422752] [3.04123609e-04 7.61568871e-02 1.31084708e+00 7.81834291e-01
 1.78043359e-01 1.32101810e+00] 
169 [ 0.4420026   0.15568249  0.1194929   0.56603323  1.07615322 -0.59041306] [ 0.055156    1.32116548  0.21288236 -0.0355213   1.09144122  0.21785091] 
170 [0.24033672 0.72975841 0.43238011 0.03647904 1.37400614 0.6060019 ] [ 1.0784803   0.21078365  1.53246481 -0.08824161  0.05811653  0.02174457] 
171 [ 0.18638346  0.45354276  0.67475221  0.3895542  -0.16165599 -0.03424044] [-0.61352797 -0.3130929   1.40454834  0.29417113  1.57807619 -0.20181141] 
172 [-0.19054865  0.12184966  0.63198674 -0.04521404  0.51913692  1.26494438] [ 1.03043749 -0.56722039  1.67311977  1.20609022 -0.15121487  0.04759956] 
173 [-0.17043931 -0.33291537 -0.4273926   1.65714523  0.70059759  1.62333286] [ 0.59333602  0.28872591  0.20089466 -0.28137998  0.1455     -0.22982737] 
174 [ 0.25387347  0.59377592 -0.14272951  0.02882673 -0.03169548 -0.66890049] [ 1.00032443  0.47788953  0.66813285  0.32406964  0.24661781 -0.12613152] 
175 [0.96218117 0.48418517 0.73784269 0.6691116  0.03536029 0.77920597] [1.08975412 0.86230892 0.22352346 0.94730493 1.53070693 0.53337428] 
176 [ 1.22623853  0.65133662  1.05442805 -0.35587201  1.2827833   0.44213249] [-0.01346185  0.49999536  1.81848665 -0.52481968  0.29846623  0.00265113] 
177 [0.90979193 0.20176129 0.55942729 1.02975753 0.65903    0.78680935] [0.25918574 0.50195744 0.75490786 0.51877642 0.68112404 0.02467674] 
178 [-0.32257971 -0.21992254 -0.37707306  0.67309837  0.20780137  1.35125309] [ 2.26423342  0.25477017 -0.10882059 -0.404851    0.05718396  1.68103211] 
179 [ 0.24111787  0.31535415  0.27579852 -0.03036055 -0.05054107 -0.00864898] [ 1.12781904 -0.13612239  0.33464758  0.44378218  0.45261076  0.5590204 ] 
180 [0.24042434 0.41224981 0.22407639 0.17361685 0.35974152 0.58984612] [ 1.05236112 -0.08120664  1.93841296 -0.14107847  0.2284223   0.09959538] 
181 [0.4002112  0.86095809 0.63226869 0.56554519 0.47578581 0.70625742] [ 0.74885145  1.49994663  0.73204816  0.10921292 -0.05091189 -0.32909976] 
182 [ 0.33491253 -0.08970209  0.61282777 -0.57810792  0.1903435   0.28032   ] [ 0.35788326  0.51965092  0.14521496  0.32891645  1.44787498 -0.17878464] 
183 [ 1.50671146 -0.19683201  0.11451558  0.40563449  1.08922002  0.84903471] [ 1.08714687 -0.05467404  0.39846662  0.66146694 -0.11005151  1.62807981] 
184 [ 0.23638117  0.44343132 -0.22401222  1.6640354   0.84316312  0.63437042] [-0.61514544  1.33289213  1.72396915 -0.14957074  0.1307314   0.1613711 ] 
185 [0.2655346  2.05561217 0.42823118 0.45386415 0.62242317 0.57999335] [-0.3888087   0.32095904  0.49326827  0.32676568  0.21078765  0.15354998] 
186 [ 0.18599234  0.47794645 -0.09693081  1.35137363  0.16808459 -0.13611818] [-0.54583435  0.75963127  0.55872326 -0.20179715  0.18818144  1.62965984] 
187 [ 0.82004028  0.17576707  0.80843818 -0.40959221  0.01062903  0.57417369] [ 1.59234106 -0.03857593  0.8197599  -0.74924201  0.41809092  0.17252008] 
188 [ 1.48478351  0.44730809 -0.12055825  0.16185958  0.08789527  0.33498475] [-0.07054949  1.27681158 -0.69039955  0.27971088  0.26770156  1.38201376] 
189 [-0.22876529  0.61182812  0.63226563  0.45139016  1.40395651  0.52000593] [ 0.29300147  1.27547548  0.17301291  1.47270077  0.00515196 -0.02937394] 
190 [0.84335315 0.35581097 0.67036418 0.67426767 0.50522236 1.06348096] [ 0.9075092   0.21934875  0.53252506 -0.22962652  0.95259777  0.80759237] 
191 [0.24029729 0.41684966 1.22996217 0.00319402 0.37183236 0.51376021] [ 0.98091835  0.21419536  0.55116417 -0.26423802  1.26541048 -0.24928035] 
192 [ 0.22013756  0.63236004  1.25479371  0.3269712  -0.2200887   0.60064938] [ 0.98577772  0.19097524  0.4701271   0.0574     -0.4675824   1.69903868] 
193 [0.19591704 0.07804731 0.34541888 1.48852556 0.79289063 0.56993653] [ 0.97682913  0.05873936  1.45024646  0.11084653 -0.29507903 -0.17525934] 
194 [ 0.9441707   0.93850097  0.11923584  1.4013851  -0.30054185  0.14063556] [ 0.01905524  0.52543746  0.71435207 -0.22814772  0.29978189  1.41881186] 
195 [ 0.26538355  0.88552899 -0.07653606  0.08995789  1.24902796  0.55495512] [0.19471597 0.73718798 0.39583305 0.44302263 0.65977931 0.24827227] 
196 [0.15882355 0.67965995 0.39940585 0.15924843 0.53713157 0.76789193] [-0.08544643  0.55867653  0.07034292  0.67493636  0.38029957  0.54442337] 
197 [0.15034129 0.97584499 0.45056915 0.60960352 0.76664626 0.95391002] [-0.01296469  0.01099515  0.16035912  0.33344368 -0.10294108  1.33593635] 
198 [0.13845726 0.31043238 1.76341842 0.24362203 0.61616536 0.51802998] [ 0.96193068  0.89701198  0.27359269  1.19366279 -0.29048006 -0.17791668] 
199 [0.3245207  0.84426151 0.11389851 0.59574926 0.43559493 0.50717185] [0.43272576 0.95965142 0.73779935 0.2903951  1.23038648 0.88611392] 
