0 [ 0.2576662   0.13404639  0.91096207 -0.37976788  1.36532345  0.82365008] [ 1.13671308 -0.0841049   1.44229378  0.25381771 -0.02240383  0.29423694] [ 0.24252542  0.68230283  0.362433   -0.59761594  1.51368324  0.78569109] [ 1.04841177  0.33505209  1.45547849  0.13795145 -0.0658892  -0.02099636] [ 0.23612928  0.65660598  0.40522988 -0.59849291  1.5538913   0.62676969] [ 1.05828639  0.33891997  1.4733349   0.18263532 -0.09150688 -0.01252867] 
1 [ 0.21524655  0.5665681  -0.15070168 -0.15999308  1.61840242  0.62061374] [-0.52869803  0.96390845  0.44027182 -0.06018175  1.62085282  0.01075686] [ 0.19851085  0.49984395 -0.11454041 -0.41175384  2.13044473  0.9284294 ] [-0.54142552  0.90902229  0.41786238 -0.04440342  1.5864962  -0.11055852] [ 0.1890029   0.47644339 -0.1157498  -0.39407105  2.16594864  0.90769498] [-0.54104259  0.916154    0.40465955 -0.04764971  1.5734136  -0.13119843] 
2 [ 1.60563156  0.73235537 -0.11038284  0.85373862  0.37793864 -0.02233197] [1.64347833 0.6718184  0.38512736 0.26846564 0.62488789 0.7545592 ] [ 1.66216671  0.61828145  0.45316928  0.70982532  0.31329331 -0.03796762] [ 1.62001505 -0.56829594  1.31558463  0.2647071   0.53935957  0.79631254] [ 1.66371965  0.61198513  0.44000687  0.70325678  0.33949857 -0.03406951] [ 1.61689794 -0.57333124  1.32053687  0.21906372  0.53525284  0.81293814] 
3 [ 0.22903658  0.68523639 -0.05611625 -0.01809931  0.5868376  -0.00643677] [ 1.07282202  1.29805456  0.49156176  0.04841929 -0.64201541  0.81075455] [ 0.21288621  0.44118319 -0.05038226 -0.21762207  0.80161097 -0.27305849] [ 1.07994742  0.58559468  0.94052695  0.036933   -1.42004063  1.30061426] [ 0.24111962  0.64212299  0.22577253 -0.39898085  0.96898864  0.26418271] [ 1.05230214  1.62641148  0.08795358  0.08559283 -1.34367405  1.40985235] 
4 [ 0.24920398  0.64994926 -0.09858712 -0.05917734  0.73151291 -0.24942756] [1.04719274 0.4065509  1.33671128 0.04758647 0.13669937 0.0478149 ] [ 0.24053488  0.71072671  0.43563913 -0.06618134  0.68307576 -0.3147111 ] [ 1.04206058  0.25656561  1.23030612  0.17165804 -0.10354933  0.01473256] [ 0.24261285  0.72245558  0.41255254 -0.10373165  0.72154861 -0.43741051] [ 1.06603342  0.27077412  1.24018565  0.13666854 -0.10325634  0.03621992] 
5 [0.25716665 1.29529554 0.72526982 0.09089721 0.48258608 0.53532176] [0.07739467 0.03016153 0.29541633 1.87740852 0.30138357 0.18115477] [0.32511501 1.14410244 0.79732275 0.10023977 0.52969306 0.54142099] [0.11649676 0.0355145  0.1911248  1.99538462 0.28588521 0.19311021] [0.36597437 1.08450327 0.79349085 0.12644051 0.5315313  0.55357809] [0.09193671 0.04602506 0.21016635 1.99395067 0.31559101 0.20378588] 
6 [ 0.76401153  1.23949838  0.30686204  0.25476067  1.07951204 -0.4735357 ] [-0.00607054 -0.36832687  0.55362462  0.28896815  0.14616826  1.39599872] [ 0.28557106  1.59577897 -0.18470003  0.1077577   0.8148096  -0.1120759 ] [-0.31207564 -0.11206743  1.03893598  0.46065184  0.18189936  1.33231889] [ 0.2358612   1.72344065 -0.74237436  0.1942599   0.95520289 -0.18703629] [-0.27278641 -0.2605739   1.21322405  0.25925304  0.13973138  1.42070269] 
7 [0.14109225 0.33541019 0.6434327  1.50399126 0.32435254 1.46445173] [ 0.99825111  0.91016415  0.06316138 -0.52039164  1.87669042  0.19403212] [0.39667659 0.06002257 0.81772189 1.14308845 0.67551997 1.78391721] [ 0.55117923  0.99972604 -0.00916093  0.98878542  1.76035887 -0.0783959 ] [ 0.28125653 -0.16670407  0.70444996  1.99254524  1.41326493  1.71078075] [0.73097994 0.24477463 0.15756218 0.14660824 1.36489781 0.14708952] 
8 [ 0.3032068  -0.10189979  0.70914063  0.56029541  1.14734599  0.2436163 ] [ 0.6878997   0.3586698   0.21075593 -0.07491452 -0.07880536  1.75584542] [ 0.14528558  0.25442022  0.32775322 -0.10489809  0.49209442 -0.08654068] [ 1.05781185  1.27263001  0.4144908  -0.71386175  0.47854067  1.20931928] [ 0.88573465  0.03343656 -0.64328783  0.28780835 -0.54822867 -1.86777595] [ 2.70485462  2.05356584  0.07034994  1.21933592 -0.11427937 -0.75318842] 
9 [-0.24307435  0.68550974  0.56402897 -0.60998254 -0.04605146  0.62392813] [-2.80723367  1.32093994  1.35102824  0.15103891 -0.10404704  0.37087925] [-0.20066585  0.49163712  0.65551641 -0.94369128 -0.61920962  0.65476182] [-2.89904582  1.23947976  1.73142797 -0.18469384 -0.1225022   0.08242173] [-0.22472459  0.71745408  0.32854397  0.02192113 -0.46937456  0.98793505] [-2.68659229  1.39617438  1.59023079  0.15164775 -0.01115432  0.1440652 ] 
10 [0.49822834 1.14010106 0.52248945 0.16548298 1.13166619 0.45748575] [0.03735967 0.13760728 0.17384796 0.18167105 0.06574118 1.32910486] [0.5877174  0.96423868 0.59745624 0.24202984 0.51064071 1.0268175 ] [ 0.02716909  0.13159646  0.21565877  0.16802629 -0.11239431  1.35852103] [0.22291897 0.78263323 0.96651583 0.68386121 0.48722318 1.04542704] [ 1.05576172  0.05921342 -0.02923107  0.16878142 -0.1136017   1.42617236] 
11 [ 1.68278859  1.08833984  0.50860697  0.51064006 -0.13437231  0.25712076] [ 1.6034974   0.00223207 -0.02401145  0.80128754  0.34686553  0.96142263] [ 1.69491569  1.19522405  0.42425299  0.50134153 -0.14209867  0.22547859] [ 1.65496901  0.01427223 -0.0390222   0.70115374  0.44404686  1.00463127] [ 2.02617691  0.94532988  0.22756932  1.21844404 -0.40311667 -0.55612232] [ 0.99576416  0.51416038 -0.34445854 -0.22815283  0.21955635  1.46026027] 
12 [ 1.37739005  1.0719444  -0.15082537  0.60783247  0.58087408  0.51039395] [ 0.02948175 -0.27750161  0.82637833 -0.23261496  0.17527704  1.45975512] [ 1.42919731  1.023165   -0.14888066  0.60003681  0.60626462  0.51599522] [ 0.04505528 -0.30993177  0.86875209 -0.25267274  0.17893798  1.45730055] [ 1.47870118  0.98285178 -0.1564463   0.60096383  0.60174154  0.51933714] [ 0.05852459 -0.28502768  0.83452166 -0.23413708  0.18493593  1.45967368] 
13 [0.23383242 0.72585593 0.39461331 0.06108731 0.6441975  0.54444932] [ 1.05121558  0.25497828 -0.11752144  1.49638029 -0.10276159  0.01396996] [ 0.22641958  0.75978343 -0.03648681  0.4260522   0.65631651  0.50181299] [ 1.04417585 -0.16547569  0.40605203  1.41085003 -0.09098806  0.01015334] [ 0.22997345  1.07726671 -0.49427605 -0.11404587  0.80865091  0.60211897] [ 0.96945094 -0.05462564  0.46216388  1.30617249  0.1499055   0.1771431 ] 
14 [ 0.29770122 -0.13108623  0.8207529   0.58280197  0.7869691   1.86749041] [ 0.68418721  0.27101914  0.18099445 -0.09073325  1.54596227  0.18954615] [ 0.3350196  -0.07469555 -0.14636966  0.1811203   0.57944105  1.6253203 ] [ 0.31967856  1.57995881 -0.61098487 -0.30470668  1.71338785 -0.00634508] [-0.23148142  0.63993341  0.81897848 -0.16324863 -0.03048817  2.43394367] [-2.80390681 -1.80727869 -0.11357364  0.08347482  3.27275772  1.58275042] 
15 [1.2158734  0.33924251 0.80062449 0.30815284 1.01917735 0.52238587] [-0.00819901  0.10857384  0.54562819  0.39975509  0.13905488  0.17828476] [1.51942299 0.04166019 0.82123938 0.3151519  0.9867697  0.54267542] [-0.1554317   0.26824884  0.5553751   0.35306111  0.15565959  0.18090176] [0.71904625 0.01177126 1.28927637 0.39263934 0.53189659 0.56619799] [ 0.0148441  -0.00243066  1.35831418  1.18538828 -0.26823169 -0.16610159] 
16 [0.14045336 0.24272084 0.38062106 0.5151028  0.51287889 1.13536002] [-0.54425176 -0.36105172 -0.28594011 -0.28680347 -0.1691147   0.05365909] [0.24151637 0.54469638 0.75976167 0.63562274 1.08925924 0.6983378 ] [1.07541201 1.67041584 0.25136821 0.04235754 1.41497537 1.50328673] [-0.797347    0.84724817  0.67428305  0.34427787  1.49686295  1.81737299] [ 1.56620602  2.26991321 -0.42321083  0.28714491  1.39755894  0.18978315] 
17 [-0.17601305  0.92077015  0.12087161  1.14383094  0.25688164  0.31455852] [-0.779164   -0.16120259  0.10348397  0.12528226  0.36074182  1.38378774] [-0.24564414  0.88287295 -0.04240445  1.15506461  0.11279808  0.48301874] [-1.70801978 -0.15351449  0.23548649  0.57224508  0.56223639  1.43562602] [ 0.20625915  1.76878854  0.02443179  0.88943549 -0.04874306  0.41078937] [-0.53413482 -0.04169898  0.07060845  0.97058011  0.94046674  1.39936514] 
18 [1.40798014 0.05337465 0.49896871 0.18992749 0.60345296 0.33055221] [ 1.65140735 -0.14476273  1.11127658 -0.47490372  0.27193546  1.37715646] [ 1.6370318  -0.15112928  0.78518569  0.11550437  0.47071216 -0.11530668] [ 1.7829336  -0.12492486  1.16976254 -0.08780889  0.62322124  1.11606364] [ 1.63956067 -0.15962387  0.81563333  0.09157791  0.49592572 -0.11154586] [ 1.76547317 -0.10637294  1.24538571 -0.15757915  0.61831892  1.12391177] 
19 [ 0.33818556  1.78500919 -0.11571184  0.38827683  1.26809078  0.17157381] [0.06504351 0.21789973 0.00748221 0.23400988 0.2837855  1.1596336 ] [0.22877956 1.97078623 0.13865049 0.49194903 0.59504318 0.53895406] [ 0.24577171  0.28350501  0.51048628 -0.28069073  0.18868654  1.41448095] [0.2677513  1.4980921  0.11186838 0.5790181  0.51956823 0.23301629] [-0.29118739  0.90081088  0.48026733 -0.05160072  0.1311289   1.40316177] 
20 [0.52651991 0.85607075 0.83471784 0.14906588 0.5110462  0.5296389 ] [0.08011584 0.0403077  0.22292386 1.9817009  0.32157617 0.19185129] [0.24601156 1.10970343 1.02144671 0.40488393 0.43668282 1.38058291] [-0.38388062  0.02030425  0.2445856   0.34151348  0.21844452  0.10382914] [0.21122902 0.64768134 1.22664744 0.60054533 0.45915179 0.40849527] [-0.51496983 -0.142211    0.13924234  0.32570093  0.28055915  0.16268475] 
21 [-0.2484793   0.35912346  0.25598626  0.3919039   1.68884573  0.59167186] [-2.97869325  1.24119798  1.06647329  1.21364046  0.15645089 -0.28700727] [ 0.17386694  0.38118163  0.50574403 -0.08488601  1.38100304 -0.24160198] [-0.55987784 -0.32969412  0.92253289  0.47894842  0.16297773  1.4459404 ] [-0.20265139 -0.08340894  0.12533146 -0.59837273  2.11927543  0.11117726] [ 0.08170146 -0.68610893  1.17118769  1.65930924 -0.72301999  2.09236302] 
22 [0.09973256 0.25861661 0.18759791 0.44293818 0.50314049 0.04077398] [ 0.99110564  1.13843156  1.34842815 -0.30541187 -0.12903131 -0.06017607] [-0.05963328  0.14635131  0.01744349  0.3947186   0.57463984  0.56822707] [ 0.92807306  0.98249201  1.56650971 -0.35811593 -0.249963   -0.17667942] [0.05630066 0.21430763 0.10351583 0.38494445 0.5493197  0.53591154] [ 1.10796531  1.1119576   1.42507415 -0.36847891 -0.26184837 -0.16810768] 
23 [ 0.24325082  0.83841943 -0.13495629 -0.17872688 -0.23214095  0.90972388] [ 1.07931192 -0.17986074  0.48192158  1.41736437  0.06291454  0.14876334] [ 0.17879417  0.55599119 -0.05056147 -0.42135615 -0.37983701  0.83488724] [ 1.17981688 -0.58285662  0.59062382  1.41916704  0.06897944 -0.24895745] [ 0.18826805 -1.6173968  -0.84715114 -0.56235385 -0.45824909 -0.01144957] [ 1.0793378   1.43085722  1.75302473  2.95054156 -1.59407653  0.11983639] 
24 [-0.02553835  0.40479394  0.3063814   0.98803623 -0.0953857   0.80656835] [ 0.20601233  0.17976725 -0.11562462 -0.11753504  0.1159021   2.11139166] [ 0.23798362  0.62851796  0.45142931  1.0013962  -0.32835118  0.93885443] [ 0.99789781  0.3003133  -0.143892   -0.13160628  0.17481573  1.67903806] [ 0.24460183  0.6844755   0.46048082  0.93848095 -0.2926616   1.26712873] [ 1.00173516  0.27779018 -0.14016464 -0.1023859   0.1918477   1.63837221] 
25 [-0.42221209  0.12215811  0.596306    0.47248003  0.97483054 -0.21949088] [-0.10363989  0.27916106 -0.39370163  1.28131037 -0.20094044  1.82040762] [-0.06693102  0.14786824  0.43065873  0.57129772  0.81963289 -0.14517938] [ 0.81392815 -0.522367   -0.33025781  1.35569225 -0.21032863  1.8507205 ] [ 0.18344674  0.38295334  0.52727421  0.60813175  0.73095782 -0.31973067] [-0.59527302 -0.33915722 -0.19368272  1.38666625 -0.07836532  1.73440293] 
26 [0.17273482 0.58185824 0.46341966 1.35071001 0.474245   0.55069227] [ 1.12204434  0.02381005 -0.02196358  1.8580011   0.28311287  0.18177855] [0.18901217 0.31803156 0.52023965 1.55193839 0.39264689 0.52570809] [ 1.09623024  0.00195174 -0.02563675  1.78637307  0.28695575  0.18063812] [0.18480081 0.16303783 0.62358652 1.70010811 0.29862076 1.49241657] [ 1.25213177 -0.34626151 -0.16252428  1.71692766  0.39128589  0.15172376] 
27 [-0.19290262 -0.46320971  0.84952457  0.47706649  0.39462457  0.01205295] [0.64189705 0.24595332 1.34815352 0.17431884 0.49825622 1.00445728] [ 0.19665959  0.25040959  0.40453842 -0.09085406 -0.05515926 -0.0148602 ] [1.11418379 1.41940714 1.51323706 0.50164547 0.17243228 0.67336382] [ 0.20902982 -0.11685414  0.729389    0.57464621  0.57615723 -0.04838095] [-0.98682089  0.41035128  1.33139963  0.17275199  0.28454703  1.2060983 ] 
28 [0.17336294 0.82886023 0.79143876 0.76946594 0.40676539 0.54021748] [ 1.13613012 -0.05341096 -0.01841143  1.84733967  0.27374869  0.16466425] [0.17668012 0.595177   0.9520338  0.84047268 0.45919997 0.52222369] [1.1295488  0.01772488 0.00806996 1.8264188  0.23956398 0.14471215] [ 0.22248576  0.70423548  0.52221431  0.54218563 -0.03087183  0.96102379] [ 1.05325834  0.14920114 -0.11170176  1.74627091 -0.09355609 -0.11593559] 
29 [0.89739392 1.12180347 0.52345292 0.57891679 1.62905824 0.13743735] [ 0.01202672  0.88177976  0.28113441  0.97655786 -0.38954207  0.76036362] [0.90307835 1.11325486 0.51808981 0.58456052 1.63510705 0.12946454] [ 0.01965427  0.90130857  0.32894283  1.01514956 -0.38603128  0.76170297] [ 0.19382328  2.02346248  0.05932208  0.6412768   0.42269656 -0.20779825] [-0.62250983  1.07677276  0.37644693  1.40056249 -1.39976692  1.25560443] 
30 [0.2529284  0.14533298 0.58283265 0.45786186 0.68373923 1.19262632] [ 1.13796999 -0.10890072  0.25703894  1.40886762 -0.09461457 -0.01865635] [0.25251214 0.19919172 0.49626492 0.48929294 0.6694954  1.63568987] [ 1.11351567 -0.09681157  0.22881952  1.45390832 -0.09899874  0.03428831] [ 0.19376247 -0.08830424  0.67243947  0.66600453  0.73931777  1.57261087] [ 2.2075627  -1.18732418  0.16170293  1.31257433  0.03867388 -0.22432582] 
31 [ 0.18867717  0.53633674 -0.07308602  0.59050174 -0.06891158  0.73694229] [-0.53956489  0.60129938  0.68885245  0.19618288  1.49011262  0.11749634] [ 0.19365778  0.51649925 -0.09547546  0.65288521  0.02755529  0.60454174] [-0.56436215  0.91856203  0.36029977  0.03607124  1.71156151  0.12141353] [ 1.99837445  0.29638009  0.20181083  1.16071259 -0.3741159   0.61700828] [-0.35320161  0.55883301  0.20728732  0.31033647  1.4298997   0.15428315] 
32 [0.70882054 0.9576488  0.04184238 0.68439252 0.72553149 0.43402545] [0.01901582 1.12521437 0.58094024 1.15207955 0.23951229 1.44416335] [ 0.90015048  1.14312536 -0.08018992  0.61418149  0.58675193  1.16934896] [ 0.03595716 -0.18225981  1.00024765  1.03216965 -0.12480535  0.32126797] [1.38608023 0.55306092 0.38193204 0.6600888  0.61821497 1.27161429] [ 0.06101878 -0.10165771  0.54408384  1.37308908 -0.13039573  0.12573613] 
33 [ 0.2457199   0.70121031  0.38715326 -0.4990652   0.09895317  0.27519997] [ 1.06970470e+00  3.22065944e-01  1.46922256e+00  1.40786420e-01
  8.66275463e-04 -6.03344379e-02] [ 0.22997635  0.68396085  0.39374668 -0.61670634  0.18936858  0.40299294] [ 1.04361948  0.31521431  1.45730987  0.10564076  0.07752829 -0.01313517] [0.24662006 0.71294829 0.44098392 0.02016847 0.64401157 0.64777067] [ 1.06382579  0.23229097  1.48884918 -0.10332699 -0.0758655  -0.0113279 ] 
34 [1.03877229 1.05650976 0.86844435 0.32294428 0.98455803 0.67001153] [0.44672638 0.38775684 0.31897998 0.19107426 0.2839935  0.86423998] [ 2.37170932  1.5109375  -2.07011345 -1.93436532 -0.70164331 -0.50896055] [-1.38556666 -2.331266   -2.36061741  2.56445726 -0.22763303  1.68192035] [1.53845424 0.77128729 1.5960284  0.09349229 1.37991244 0.18219073] [ 0.02231021  0.33420436  0.36528973 -0.57711742  0.23521848  1.32357124] 
35 [1.1787131  0.22959034 0.88427532 1.14922586 0.00553999 0.480708  ] [0.16119165 1.2168681  0.04281017 0.75756948 0.62738919 0.61104035] [0.78741342 0.17987619 0.87416226 1.12746147 0.20517775 0.71799839] [ 0.21183117  1.2867631  -0.02155288  1.27850299  0.20285442  0.44733645] [ 0.72639294 -0.61781813  1.20952674  1.44759932 -0.09850873  1.17450124] [1.5574762  0.48816941 0.11325694 1.30854381 0.18134665 0.32524163] 
36 [-0.70812632  0.95373284  0.71576699  0.48212747  0.32241887  1.03098602] [-0.00992969  1.07780255  0.20749361  1.44088242 -0.04030626  0.0359901 ] [-0.88552782  1.11154951  0.63397404 -0.05711252  0.62780833  1.35724803] [-0.01704562  1.05304257  0.51731266  1.25567756  0.14236696 -0.0658285 ] [-0.82119219  0.98220506  0.42615022 -0.06899701  1.26113238  1.70809663] [-0.03788646  0.97450186  0.60929952  1.07046232  0.23072949 -0.197485  ] 
37 [0.24019423 0.72143682 0.40452225 0.5756619  0.26681503 0.87321831] [ 1.03418436  0.25629189  1.39966682 -0.07816745 -0.03451517 -0.0322653 ] [0.21692817 1.74725289 0.05274278 0.77358749 0.54713094 0.51235891] [ 0.99111193  0.3161219   1.23583368  1.26010793 -1.34638629  0.13349224] [-0.23466596  0.50904826  0.47464178  1.12199704 -0.5673236   1.00498869] [ 0.23831377 -0.40728358  1.30071946 -0.12475979 -1.4419632   0.1090081 ] 
38 [0.26547692 1.2018202  0.20929128 0.10397835 0.78593984 0.02732466] [ 0.00342205 -0.13014272  1.49196642  0.53802043  1.35557561  1.59174903] [0.209193   1.06141116 0.36226988 0.09186425 0.65169859 0.1822196 ] [ 0.05417643 -0.04020135  1.39021193  0.38448204  1.36661329  1.39765032] [0.21455922 1.27485387 0.40095686 0.06569669 0.87588462 0.12003302] [ 1.01869657 -0.09115713  1.50053674  0.16799862  1.51426764  1.40578718] 
39 [ 0.25831473  0.58561138  0.92370866  1.00046048 -0.04778032  0.61555338] [ 0.04339216 -0.00267678  0.39930417  1.40069506 -0.11914993 -0.12086248] [0.25242478 0.59873642 0.8926603  0.9586428  0.07764984 0.54171272] [ 0.01667513  0.02856625  0.40844296  1.23319799  0.12718501 -0.16061698] [0.23152662 0.64171739 0.86492372 1.00817861 0.04663875 0.48740227] [ 0.09966931  0.03388072  0.42874823  1.06343745  0.33684065 -0.18472037] 
40 [0.17094507 0.87529953 1.15542037 0.18295083 0.94064707 0.33133373] [ 0.31969419  0.00606266  1.03077955 -0.47846101  0.63104181  1.2436512 ] [0.32027115 0.31616255 1.47762467 0.27429222 1.22120988 0.15821903] [ 0.30049076 -0.11246265  0.28280231  0.46850308  0.21806455  1.21419958] [0.35163404 0.4819061  1.11589248 0.77483729 0.95106253 0.29536934] [ 0.08007809 -0.02092434  0.67908421  0.45628206  0.33367987  1.31122991] 
41 [0.45694988 1.14533744 0.60005502 0.34264859 0.53322256 0.55029133] [ 1.47513364  0.07139583  0.93397372 -0.40223444 -0.23465106 -0.18134249] [0.49902224 1.04820016 0.66138225 0.36412221 0.56603464 0.51999668] [ 1.52895196  0.03177766  0.88308434 -0.4012656  -0.24440809 -0.17142534] [0.49267626 0.99179028 0.73304983 0.3580903  0.56628609 0.58551161] [ 1.51909303  0.03321258  0.92819334 -0.42495362 -0.22452914 -0.16229158] 
42 [0.2307182  0.75099125 0.30917265 1.00984246 0.86570147 0.96458703] [ 1.04061726  0.28819912  1.33860305 -0.05082296 -0.0042706   0.09952378] [0.23486743 0.724459   0.33982353 1.10821588 0.99479115 0.78336236] [ 1.03293886  0.30634897  1.37068112 -0.04677912  0.01505176  0.10748476] [0.23255716 0.71174781 0.20666198 1.1967115  1.11944457 0.61520243] [1.05354588 0.22695683 1.59656624 0.00234786 0.21046135 0.10143295] 
43 [ 1.07219939 -0.02341521  0.24202917  1.03153361  0.43572984  0.58421106] [0.53855475 1.0053006  0.03007348 0.63493951 0.34259057 0.21302312] [ 1.07109508 -0.02630208  0.17596387  1.09639167  0.4457465   0.57365149] [0.48237511 1.03848095 0.05312506 0.61945939 0.32876039 0.24573815] [0.84821067 0.04102852 0.0522169  0.84620841 0.55403811 1.19369511] [ 0.65944465  1.08621434 -0.15014847  1.55322729  0.50954926  0.30861041] 
44 [ 0.21243908  0.50217212 -0.1638945   0.71641521 -0.05992827  0.72328552] [-0.54368848  1.12265025  0.19019133  0.43446792  1.27448851  0.10811667] [ 0.21341044  0.5482987  -0.24705528  0.82872249 -0.04698016  0.67377506] [-0.53808831  1.19200007  0.1573428   0.35291205  1.36591444  0.11008856] [ 0.21746246  0.91683065 -0.55923147  1.04540207 -0.20832166  0.69261704] [-0.5566686   1.5060829   0.21206347  0.22798917  1.42365986  0.13866563] 
45 [-0.23682999  0.529655    0.59100977 -0.13568537  0.60660609  0.57520227] [-2.92013864  1.22198204  1.61685999  0.20481274  0.17277868  0.13142503] [ 0.21575497  0.48271345  0.54046917 -0.13352377  0.72389007  0.54748159] [-3.73394722  1.22386099  1.86373481 -0.00741522  0.25568293  0.1594792 ] [ 0.20853483  0.50281402  0.45255522 -0.67133083  1.11286074  0.56711036] [-3.73013573  1.12785341  1.7016604  -0.27766798  0.03020608  0.18245142] 
46 [ 0.33608881 -0.08527779  0.83099766  0.03325202  0.34906626 -0.9859749 ] [ 0.4959752   0.58456789  0.28597456 -0.06972412  1.40365044 -0.07258052] [ 0.34090624 -0.09597935  0.81763142  0.14748368  0.26568644 -1.04743561] [ 0.54873198  0.52710228  0.18654438  0.0489611   1.41716456 -0.06081261] [ 0.30686693 -0.09971745  0.79026226  0.24161872  0.8559608  -0.63703703] [ 0.51431413  0.5087383   0.22619973 -0.07157762  1.70073057  0.12189126] 
47 [ 0.23471349  0.54822813  0.70145893  0.36091749  0.93127417 -0.29710156] [ 0.99611136  0.22601501 -0.09776509  0.13481734  0.1977002   1.46490858] [ 0.25221093  0.51702469  0.19992294  0.37438125  1.3994801  -0.20368835] [ 1.07384095  0.15471843  0.02818197 -0.11367314  0.30125501  1.37084176] [0.2244569  0.00705342 0.55401525 0.45492589 1.64271183 0.33774724] [ 1.57708945 -0.49709454  0.22947814 -0.09605248  0.26379908  1.42457406] 
48 [1.09271844 0.19235336 0.16766579 0.12167536 0.87473054 0.30211531] [-0.06325372  0.18517401 -0.31843283  0.32272884  0.4543865   0.27663072] [ 2.28329485 -0.541773    0.11541218 -0.56021454  2.52513097  0.94256375] [ 0.23419247 -0.57976906  0.85345643 -0.12912446 -0.21177131  1.49285638] [2.49004588 0.08364056 6.04053019 6.62385305 8.55976235 1.21005122] [ 0.58356175  0.76601096 -2.32883775  1.83281443 -1.28163812  1.65653191] 
49 [0.87274572 0.51649671 1.32623214 0.12888031 1.05873796 0.63396624] [-0.04012988 -0.13663969  1.48454695  1.71220082 -0.50419018  0.18528939] [-0.1988609   0.6483866   1.70435026 -0.298886    1.53840535  0.09875408] [-0.83117031 -0.02123895  0.18890519  1.49274909 -0.69533529  0.9559152 ] [ 0.25744902  1.69593457  0.98280248 -0.38661639  1.739912    0.68858783] [-0.14706241  1.08748178  0.16888237  1.18309513  0.2437305  -0.15118658] 
50 [ 0.21692909  0.61563552 -0.64025248  0.07225482  0.12495222 -0.09703222] [0.9814598  0.18765486 0.17441142 0.14099308 1.01195385 0.32145422] [ 0.23395039  0.63171188 -0.62961574 -0.06843731  0.30355151 -0.06312436] [ 0.95424889  0.19140898  0.39216303 -0.08177809  0.68232459  0.65187356] [ 2.04720000e-01  5.23990187e-01 -2.63020653e-01  1.34463879e-01
 -8.50016228e-04 -3.90423941e+00] [-0.52271365 -2.38286712 -3.28386131  0.75361631 -1.63160777  0.01442822] 
51 [ 0.33264238 -0.09158948  0.70355853  0.11980618  0.37184927  0.58109427] [ 0.42889199  0.64557731  1.97017121 -0.23552656  0.2223353   0.13625321] [-0.68863173 -1.54410652  0.15550902 -0.71688808 -0.15551841  1.26817428] [ 1.56456638  0.93813957  1.09922902 -1.62981327  0.13508579  1.35214203] [-0.82721246 -0.69991009  0.41743429 -0.75558055  0.60612722  1.94277007] [ 3.07345931  1.66231912  1.51586393  0.5714309  -0.17392984  1.40399154] 
52 [0.73231713 0.38994379 1.01759384 0.74996627 0.92197281 0.75269852] [ 0.52148565  0.18557207 -0.03262877  1.02392194  0.85340174  0.95507846] [0.68790004 0.3998743  1.00676371 0.79543905 0.95502323 0.86477241] [ 0.50512443  0.15023085 -0.00174354  1.10837989  0.81272543  1.053901  ] [-0.09862602  0.15304766  1.50565085  0.94699913  1.53938365  0.30209824] [ 0.23563163 -0.06721158 -0.22228411  0.02676773  0.74592947  0.33662592] 
53 [1.19299639 0.06752882 0.68482805 0.42057803 0.83033842 0.69047444] [0.29647334 0.63801916 0.0157563  0.78552587 0.86592464 0.2486444 ] [0.79751291 0.30271432 0.72263457 0.6138565  1.06944613 0.82698459] [0.28176682 0.84704752 0.35138102 0.35140142 0.82125654 0.69652281] [ 0.21823567  0.61706361  0.58187396  0.48875638  0.94524257 -0.09265784] [ 1.02559941  0.2449893  -0.11007287  0.10755971  0.15928546  1.54628179] 
54 [ 0.3364774  -0.0771975   0.657225   -0.06728569 -0.1097072   0.72564711] [ 0.40743781  0.65831999  0.63036759  1.13798348 -0.01260989  0.11757226] [ 0.32166669 -0.09095432  0.68734908 -0.05830278 -0.23144318  0.81979411] [0.47091421 0.58659269 0.57968647 1.17568199 0.03806903 0.14161614] [ 0.32722596 -0.09747125  0.62839421 -0.05156444  0.62425652  0.57891351] [0.40288053 0.63020678 0.8111895  0.97611506 0.15727676 0.11818452] 
55 [0.85714913 0.57738898 0.93675503 0.16425354 0.9016049  0.74750725] [ 0.84117143 -0.07773107  0.64401249  0.26066145  0.93277027  0.35513927] [0.86187415 0.56041585 0.93339536 0.21691445 0.85021207 0.79433734] [ 0.83217542 -0.05120623  0.69716874  0.25980377  0.93476201  0.44016203] [0.87158307 0.57030469 0.9338158  0.20935415 0.8395537  0.78019629] [ 0.810189   -0.05506494  0.67815551  0.25706786  0.95263437  0.4198848 ] 
56 [0.21075846 0.69057217 0.92525764 0.86000866 0.20371596 0.51123995] [ 1.01941747  0.09282159  1.6082401   1.52487843 -0.18283583  1.77142807] [0.22244369 0.70449503 0.74961396 0.76347662 0.2336519  0.18166289] [ 1.05922043  0.03438379  1.62260138  1.70063557 -0.11564375  1.37607475] [-0.19798167  0.24153984 -0.1551977   0.71573226 -0.12874981  0.74104457] [1.28882115 0.56338476 1.90596581 1.01293847 0.34909678 1.69219591] 
57 [-0.26744843  0.12863254  0.48547256 -0.04756268 -0.11527823  0.04143849] [-0.89772002  1.2198448   1.42012308  0.65456033  0.8304017   0.07165614] [-0.32498992  0.0683262   0.55816782  0.00299218 -0.10913099  0.66973991] [-0.63578059  0.92199304  1.57673673  0.63898279  0.67310087 -0.18614073] [-2.32140879 -0.44530722  1.64254437  0.0319331   0.29057722 -0.77229073] [ 1.05117876  1.34710005  2.66678379  0.24629605  0.10669207 -1.49242232] 
58 [0.83294891 0.74219706 0.22405509 1.10958315 0.31967734 0.7553778 ] [ 0.75015993  1.01112803 -0.00286431  0.65613697 -0.33379563  0.7261117 ] [0.80942569 0.71191752 0.15561489 1.21221866 0.42748745 0.70699391] [ 0.77372802  0.90836873  0.05670339  0.77900876 -0.45988857  0.80474464] [ 0.78157283  0.66181821 -0.05969584  1.19791267  0.46223723  0.42761075] [ 0.861815    0.77138659  0.05677855  0.96560374 -0.46777486  0.75367754] 
59 [-0.06536086 -0.20375043 -0.24971773  0.11802401  0.04998586 -0.70248809] [1.0718421  0.4773661  0.64836836 1.65718667 1.13619652 0.19407378] [-0.16516903  0.11218211 -0.67195712  0.01180876  0.07540089 -0.58355875] [ 0.86868399 -0.26793966  0.27628583  2.08376932  1.06075194  0.16962214] [-0.71214369  0.47772568  1.51531753 -0.12696769 -1.13646506 -0.84012715] [ 6.27326714  0.55011003  1.6789053   2.91607695 -0.08060259  1.40109513] 
60 [ 0.22489255  0.02406879 -0.49961915  0.07265449  1.17965545 -0.00835757] [1.45250859 1.34240701 0.76628182 1.02194232 0.6396248  0.83964285] [-0.09328343 -0.19964821 -0.20970359  0.13874817  1.18722952 -0.03496299] [1.49171779 0.48660428 0.58887508 1.12564721 0.61287352 0.88893851] [-0.1231882   0.00418027 -0.28478718  0.21249525  1.64336335  0.24656022] [0.36680586 1.49333935 1.23410802 0.80326604 0.24069858 1.32912346] 
61 [ 0.06562534  0.78993771  1.40780111  0.8222652  -0.15492557  1.83146115] [ 0.01679491 -0.04300308  0.48440006  0.32332236  1.08359211  0.2301135 ] [-0.1736276   0.74285346  1.57309054  0.78452403 -0.20999224  2.03301252] [-0.91681613 -0.11450451  0.29635315  0.23870294  1.30806763  0.12909477] [ 0.20750368  0.43256461  1.09481634 -1.79661286  1.46671957  1.91533245] [-3.69275671  1.31862412 -0.12302757  1.51684379  1.71031945  1.68723355] 
62 [ 2.16036062e-01  1.01245216e-03  5.18056442e-01  1.38548091e+00
  5.42605996e-01 -1.86500102e-01] [ 1.38576397 -0.30812188  0.1760334   0.1011817   0.35354098  1.34627234] [ 0.2383804   0.66580786  0.48605359  0.67867889  0.58235739 -0.19458287] [ 1.02071704  0.20839912 -0.11349483  0.1128257   0.15654712  1.4103017 ] [ 0.24570666  0.5547889   0.03618913  1.0887323   0.88501669 -0.39144357] [0.98453379 0.1381683  0.08557907 0.12031641 0.17887304 1.45977887] 
63 [ 1.04255553 -0.01030332  0.85146293  0.43030696  0.42916463  0.58604321] [ 1.00799652  0.54961213 -0.14585187  0.51653455  0.34618264  0.21763215] [1.05404752e+00 2.06044369e-04 7.93356570e-01 5.01035822e-01
 4.35841546e-01 5.90185728e-01] [ 1.17712173  0.37372205 -0.14196718  0.52267257  0.32387979  0.20525927] [ 1.04589043 -0.01964066  0.82449001  0.49051612  0.44625445  0.61395744] [ 1.31401956  0.24561762 -0.14434063  0.51930025  0.31183382  0.19667537] 
64 [0.23130022 0.62788468 1.41499919 0.03796534 0.39813985 0.21867782] [ 0.91008895  0.46297012 -0.07009033  1.67685107  0.40986315  0.66518342] [ 0.25842729  0.44370339  1.21884376 -0.37876989  0.56556796 -0.18873776] [1.38197008 1.55588327 0.46567089 1.83826416 0.35392767 1.3180557 ] [0.23848442 0.65007382 0.54753367 0.24340881 0.22306052 0.03846634] [ 1.04534849  1.74952906  0.07452656  1.78813569 -0.16747991  1.54405407] 
65 [ 0.20490005  0.6406055  -0.08080632  0.20962251  0.22354777  0.59781141] [ 1.04430064  1.30658306  0.5930208  -0.16411254  0.26238764  0.12225608] [ 0.19334785  0.65369315 -0.0768619   0.26983748  0.21867327  0.60378181] [ 1.04639655  1.46909603  0.45752745 -0.18973419  0.321848    0.14700316] [ 0.20441096  0.65573737 -0.15699441  0.41072986  0.14943284  0.56067963] [ 1.05755012  1.63259615  0.22571744 -0.06098112  0.25031369  0.1246954 ] 
66 [ 1.19207293  1.03912948  0.39351386 -0.12874013  0.65329491  0.43954806] [0.66840295 1.12579758 0.52205237 0.63085231 0.12754532 1.2250873 ] [1.14794213 0.75173346 0.24564026 0.09813804 0.4727155  0.26001773] [0.69752252 1.09811757 0.49882909 0.62525271 0.31933137 1.00299985] [1.15388075 0.72708262 0.19213223 0.21274645 0.65797976 0.12597446] [0.70818502 1.1635498  0.55667013 0.59936556 0.09989313 1.03561271] 
67 [ 0.20464645  0.53773893 -0.15044883  1.18276593 -0.27196663  0.79842334] [ 1.03757699  0.43569556 -0.28484912  0.167544    1.37011407 -0.04296016] [ 0.21267054  0.54741703 -0.13898553  1.10368887 -0.2383004   0.82786233] [ 1.04981666  0.50660966 -0.34963811  0.167909    1.35630526 -0.05496823] [ 0.24118932  0.71274242 -0.10105146  1.08408097  0.24938953  0.68698958] [ 0.92192435 -0.18077315  0.29903328  0.26427545  1.37624345 -0.19294563] 
68 [ 1.04932232 -0.00773828  0.75293138  0.55351106  0.44297472  0.58094696] [ 1.01490732  0.5398672  -0.1313948   0.52418411  0.34210352  0.19416728] [ 1.05297069 -0.00110536  0.74329774  0.55148587  0.43997209  0.58359459] [ 1.10671407  0.44755188 -0.1280429   0.52612798  0.34951638  0.19340126] [ 1.04029076 -0.01328731  0.74738489  0.56734895  0.44942055  0.53798103] [ 1.14153756  0.41986769 -0.17180834  0.49225653  0.33699826  0.18595668] 
69 [ 0.27811088 -0.22222762  0.21081438  0.49328881  0.90600078 -0.26137971] [ 1.78923247 -0.52344434 -0.39606379  0.1461312   0.12662123  1.42722575] [ 0.28109747 -0.24094316  0.20064464  0.52105554  0.86917043 -0.27917369] [ 1.83446719 -0.53692261 -0.41077145  0.14079348  0.11255023  1.42444385] [0.23009281 0.12966459 0.50463737 0.59296935 0.44893357 1.01182093] [ 1.07852383 -0.08942438  0.26890423 -0.12335442  0.12451582  1.67534221] 
70 [ 0.22008791 -0.04909296  0.56641889 -0.13296081  0.7255571   0.38154553] [1.90219623 0.68223029 1.11220214 0.23320417 0.15398427 1.47328008] [ 0.18902342 -0.08507151  0.69823535 -0.06421651  0.62571676 -0.77460638] [-0.86046323  0.25415452  0.66753901  0.5064012   0.13119444  1.7406108 ] [-0.39562562  0.15618347  0.22833981 -0.14313531  0.72324109  0.46057573] [-3.30828502  1.35144219  0.50413254  0.41048843  0.14576776  1.47420712] 
71 [-0.03632927  0.23162754  0.67748235  0.89223227 -0.26723188  1.42053844] [1.78033517 1.02314441 0.19864721 0.16755614 1.36965217 0.05798406] [-0.01811471  0.22692073  0.65143773  0.92064768 -0.2866426   1.47463124] [1.58016035 0.9874184  0.1771528  0.19386713 1.35869117 0.05439905] [-0.23350806  0.55366692  0.54098835  0.4688829  -0.5903504   1.46889232] [ 0.27554582  1.21318209  0.32925744 -0.05212223  1.41171845  0.12323898] 
72 [0.72543527 0.06907656 1.33353865 1.67612505 0.46462852 1.27099144] [ 1.70476624 -0.11911596  0.35512787  0.44047349 -0.03021889 -0.31409945] [ 0.2111117  -0.21787984  1.81847349  1.78861335  0.75583904  1.59865425] [ 1.36066066  0.42577773  0.27259312 -0.31213865  0.16769127 -0.03609748] [ 0.30836757  0.22950033  1.44575671  2.47061455 -0.5803655   1.42067077] [ 1.7827466  -0.18389639  0.46003883  0.17580441 -0.34868451 -0.09055242] 
73 [0.18217883 0.6170127  1.00805753 0.96942667 0.50317833 1.61717009] [-0.56288907 -0.0440697   0.05810743  0.42391051  0.20079392  0.1375914 ] [ 0.92711172  1.39562844  0.43970092  0.65279109 -0.15531451  2.83793201] [-0.0368381  -1.05412554  0.25227397  0.18636525  1.57389225  1.71396511] [0.15865815 0.33872044 0.61145853 0.80453926 0.8918678  1.47676866] [-0.59384485 -0.36247683 -0.20040846 -0.22973808  0.05218915 -0.22306137] 
74 [1.08209726 0.82895846 0.94829197 1.00002698 0.78219339 0.47727343] [-0.01204276  1.23122583  0.03216419  0.25437463  0.17020739  1.44281948] [1.31692277 1.05272938 1.51123181 0.12239007 1.34924581 0.20676882] [-0.02900349  0.22333746  0.37248074 -0.725658    0.1811464   1.3050125 ] [ 1.12455963  1.08567913 -0.51129094 -0.47814263  0.63085609  0.09298502] [ 0.01480173  0.41084813  0.37920197 -1.71788043  0.07212109  3.25323139] 
75 [ 0.22900068  0.18516046  0.32531665 -0.05057226  1.14720598  1.087435  ] [ 1.15149994 -0.06439143  0.30327611  1.23105012  0.05794741 -0.1965298 ] [ 0.21203941 -0.07716789  0.74779218  0.35131108  0.55689722  0.64228807] [ 2.03632706 -1.03921255  0.23439349  1.3715382  -0.10769414 -0.03241942] [ 0.22634803  0.52102584  0.22796393 -0.15794151  0.70076372  1.30255463] [ 1.06842904 -0.17868062 -0.18985464  2.04950653  0.09969308 -0.15287042] 
76 [0.53751643 1.55761174 1.18870208 0.31944738 0.48706733 0.60338732] [ 0.05655802  0.64978812  0.50578933  1.18875775 -0.28101345 -0.15148162] [0.30838679 1.82090327 1.17658431 0.31043512 0.52822398 0.54492884] [ 0.0825069   0.64400411  0.45002366  1.19558903 -0.2866296  -0.16585532] [0.23426301 1.91429799 1.17364997 0.30500468 0.51765816 0.57996116] [ 0.13373157  0.64431266  0.42331977  1.20211691 -0.32065861 -0.17267186] 
77 [ 0.19098967  1.74645094  0.70913939  0.60019057 -0.06495259  0.42304332] [ 1.0289005   1.5483583  -0.33173521  0.56842875  0.73522579  1.74419119] [ 0.53867073  1.68339779  0.37717402  0.61076709 -0.08483098  0.43016866] [ 1.55835781  0.93113117 -0.32183901  0.92798703  0.40441008  1.73452501] [0.22122464 1.77634951 0.66919632 0.48508651 0.00919356 0.48268463] [ 1.08655943  1.50355782 -0.30824209  1.50666451 -0.16111051  1.70930957] 
78 [ 0.23709405  1.31572152  0.76505217 -0.08825184  0.90395839 -0.25551295] [ 1.04616148  1.58585772 -0.12165036  1.69734826  0.27113079  1.29431276] [ 0.19733815  1.62203444  0.7338901  -0.30714141  0.64423714 -0.17406132] [ 0.90338444  1.63328828 -0.28574667  1.78159687  0.42233683  1.21807629] [ 0.20828599  1.03679977  0.99505338 -0.13495695  0.66944635 -0.14428463] [ 0.99638963  1.54104009 -0.10251948  1.58160876 -0.62978069  1.96738504] 
79 [1.17037283 0.60126064 0.39633965 0.60858593 0.35719063 1.0245396 ] [ 0.77810024  1.10142768  0.74671166  0.30462848  1.02819713 -0.57736337] [1.14430055 0.62340286 0.45234689 0.70794482 0.35313974 0.90127154] [ 0.7468518   0.9725012   0.75261642  0.38175123  0.88475989 -0.4494096 ] [1.12643273 0.62981303 0.45464856 0.72799195 0.34078395 0.88804824] [ 0.7540712   0.95530143  0.7535622   0.38777318  0.84360326 -0.41656625] 
80 [ 0.32365664 -0.11095025  0.80793013  0.38476346  0.64521104  0.88198283] [ 0.43267314  0.57977001  0.12084712 -0.10457052  1.65962488 -0.13314649] [ 0.31184446 -0.11577324  0.88654419  0.31907773  0.65535455  0.86004442] [ 0.52187529  0.53542752  0.12469344 -0.09369695  1.65639354 -0.13700284] [0.78278231 0.1856175  1.3094781  0.70168352 1.69693519 0.46064892] [-0.07183215 -0.0095206   0.40205307  0.07449989  1.28926762 -0.2039815 ] 
81 [ 0.18971708 -0.09085377  0.67265298 -0.13474179  0.69079806  0.04186257] [2.20321276 0.3700936  1.12610485 0.23075381 0.10096261 1.59430127] [ 0.20911206 -0.0682683   0.6870547  -0.28635923  0.60410928  0.21363163] [ 2.1264868   0.4505999   1.28725902  0.1166813  -0.05235693  1.71151658] [ 0.19505053 -0.08247686  0.66227552 -0.19191006  0.70498055 -0.11258203] [2.11944189 0.41791145 1.21239927 0.14561247 0.2254441  1.47871559] 
82 [0.83685159 0.30757091 0.13565498 0.80908417 0.91861192 0.61279   ] [0.76499188 0.35382761 0.35690273 0.56689616 0.92171025 0.82257841] [0.83430358 0.32311626 0.13124147 0.82302177 0.90603711 0.61663659] [0.76943518 0.33247239 0.36205735 0.56567054 0.9420115  0.83209845] [0.84186333 0.3548857  0.0619261  0.82046429 0.9295251  0.60404223] [0.85008799 0.26069093 0.36243968 0.55836935 0.95417185 0.82632736] 
83 [ 1.5935267   0.19574248  0.53439806 -0.11513125  0.22153247  0.43341795] [ 1.580569    0.0899613   0.57450712  0.6495091   1.36339236 -0.2163233 ] [ 1.56933243  0.12585458  0.5917784  -0.10450903  0.24978882  0.43659708] [ 1.52234044  0.13977035  0.65474722  0.61777865  1.30470106 -0.21163374] [ 1.56240083  0.09571321  0.62251589 -0.10570236  0.26100414  0.44335432] [ 1.47519911  0.18692018  0.68257907  0.58659323  1.30290766 -0.2131979 ] 
84 [1.04809107 0.20854977 0.13185897 0.84556797 0.87154151 0.66591208] [-0.54898429  0.9529234   0.34181289  0.92331061  0.54389704  0.18887554] [1.03772319 0.20669921 0.1835369  0.74250888 0.90011163 0.39655171] [-0.60126851  1.12234248  0.19324999  0.84132943  0.33149827 -0.33554949] [ 2.36761977 -1.91849167 -2.08935869  0.10460732 -0.31395571  0.69153692] [-2.60384734 -0.32179146 -0.50442468 -1.61757872  0.35967605 -0.17356088] 
85 [0.36951341 0.28146554 0.77040585 0.96914552 0.61961844 0.00707882] [ 0.22109761 -0.09100323  0.00330761  0.57515734  1.059668    0.33497425] [ 0.36053557  0.2691637   0.64812659  1.11045487  0.5962458  -0.00326505] [ 0.28240882 -0.12532126 -0.00700345  0.64878371  1.16859616  0.21761417] [1.04425196e+00 7.32199414e-04 2.38190118e-01 1.02519522e+00
 6.87250916e-01 2.24107538e-02] [-1.05792214e-03 -2.61316114e-02  5.00246021e-02  4.69669926e-01
  1.06380453e+00  3.33109819e-01] 
86 [1.12218156 0.48758803 0.47640074 0.93138279 0.78602113 1.22901478] [0.70012097 0.97923758 0.56766227 0.36483288 0.29922312 0.74610114] [1.1214961  0.5096204  0.45731566 0.93356093 0.78671011 1.2341361 ] [0.70071843 0.98724358 0.58205665 0.38960178 0.26042819 0.73360397] [1.1074835  0.47841476 0.46892279 0.93602399 0.78586336 1.2379799 ] [0.70477555 0.97829265 0.58990417 0.38856669 0.27883634 0.75328312] 
87 [ 0.20536329  0.66802463 -0.34542029  0.13736289  0.65569341  0.53516039] [ 1.02942404  1.75502688 -0.01838385  0.17981207  0.22409353  0.13903306] [ 0.20311625  0.65734109 -0.58998687  0.17935565  0.88065228  0.49232788] [ 1.04171046  1.80323375 -0.09104437  0.1586421   0.18009052  0.13035352] [ 0.19721127  0.64162883 -0.79403913  0.42518477  0.85737201  0.42004665] [ 1.03552247  1.75237928 -0.08894453  0.09413798  0.12783204  0.12609889] 
88 [ 0.24500591  0.13048224  0.49551641  1.62244165 -0.12476643  1.8849999 ] [ 1.0590008  -0.14879124  0.14752489  0.33824183  1.23291349  0.29897002] [ 0.3338606  -0.09652711  0.35256114  0.41304513  0.5269412   1.3610288 ] [ 0.57450423  0.5085817  -0.02925902  0.15112093  1.4743547   0.05494125] [ 0.30369591 -0.09866526 -0.06341298  0.74444422  0.94676114  1.74625528] [ 0.52508894  1.43637739 -0.94955192  0.13799825  1.70742047 -0.13875654] 
89 [ 1.10783172  1.15879609  0.5166633  -0.16228008  1.41155727  0.80834816] [ 0.01422717  0.49947457  1.03728493  0.5944933  -0.06585096  0.34423664] [ 1.2876714   0.6578269   0.30045052 -0.47641713  1.73008243  0.6596383 ] [-0.03410488  1.09247437  1.62107991  0.52635966 -0.28538422  0.19039549] [ 0.9213809   1.08981733  0.65343027 -0.07652282  1.7067089   0.11461133] [ 0.05335067  0.88515849  0.64324238  0.44371323 -0.50382482  0.88541668] 
90 [-0.17997388 -0.41526335  0.91061095  0.36243617  0.04645105  0.52910298] [0.64089648 0.27637602 1.35600468 1.52562962 0.2246116  0.06645234] [ 0.20346768  0.16952384  0.5612683  -0.75936142  0.1237618   0.47052667] [-2.23393023  0.07967449  1.72695129  1.01730572 -1.13151584  0.16428195] [ 0.22834684 -0.09979061  0.77111159  0.46974186  0.15422621  0.55803043] [-1.06012058  0.45058881  1.30742395  1.68545857  0.08446055  0.12230226] 
91 [ 0.20982982  0.61568479  0.12369466 -0.14785151 -0.0366811   2.0159659 ] [ 1.06890758  0.67158935  1.59004272  0.66017565  0.69248961 -1.08575394] [-0.28498068  0.14301236  0.15007327  0.18096167 -0.48541637  2.85071988] [ 1.14093776  1.14041414 -0.29122535  1.48799537 -0.03927159 -0.20207079] [-0.60736889  0.04207936  0.79855426 -1.52613064  0.3907231   1.12918907] [-3.56055774  1.9881521  -0.98248751  0.31222888 -0.1608741  -1.67515585] 
92 [ 1.5437818  -0.05630789 -0.04527996  0.39652212  1.07197881  0.46924081] [ 0.19122242  1.12725216  0.20003942  0.62391515 -0.09766244  1.80548172] [ 1.49346483 -0.02011705  0.33679911  0.05692277  0.14174492  1.44519545] [ 0.28534562  1.23312298 -0.03225829  0.93948064 -0.27154545  1.78280134] [1.56367824 0.01921465 0.41985645 0.4788143  0.54574803 1.17326626] [-0.16100196  1.6370589  -1.04137166 -0.30744872 -0.19039723  0.01501638] 
93 [ 0.71606608  0.32726727  0.9667513   0.89705849  0.03104287 -0.28760266] [ 0.67636357 -0.03116471  0.68217811  0.56523466  0.61322605  0.83094308] [ 0.68783472 -0.19605633  1.45873995  0.66590421 -0.65527149  0.22787621] [-0.08910629  0.09913682  0.78798638  0.58979697  0.19629868  1.19160503] [-0.19812056 -0.44588078  1.73751785  0.4359286   0.04643038 -0.19619919] [ 0.52946203 -1.29953793  0.2613283   0.77860508 -0.46532111  1.11229686] 
94 [ 0.2461865   0.01876763  0.29596628  0.3835137   0.55800429 -0.02097186] [ 1.08309685  0.00924968 -0.08749381  0.22885748  0.30868067  1.12160527] [ 0.23656145  0.3224661   0.24700044  0.16163785  0.88255579 -0.29650709] [ 1.04158917 -0.08735787  0.15936102  0.09522416  0.14796164  1.40993815] [ 0.22124709  0.43032683 -0.13398101  0.02425144  0.65797653 -0.16271244] [ 1.13077225  0.4038406  -0.14354852 -0.28528974 -0.28234027  1.87633566] 
95 [0.24165757 0.46170605 0.12658538 1.47132933 0.6263464  1.23343349] [ 0.91145767  0.00782832  0.16791822  1.38937826 -0.13740578  0.23087002] [ 2.25261475e-01  5.85062635e-01 -1.24791853e-01  8.02168288e-01
 -7.28289043e-04  1.33533566e+00] [ 1.07926384  0.47444105 -0.29689069  1.71843304 -0.2388386   0.03384786] [ 0.20410825  0.16890865 -0.06393358  0.50031666  0.58924489  0.52231058] [ 1.21408467  0.69360549 -0.93553467  1.8144259   0.17689154  0.09908776] 
96 [0.30695115 1.29252288 0.72547991 0.42010985 0.56876755 0.61395746] [-0.30450366  0.08080331  0.40099445  0.45041516  0.22929716  0.18511462] [0.84751062 1.19455695 0.6024235  0.79876861 0.84891784 1.69704395] [ 0.04609948  0.81618446  1.23273633 -0.11506107  0.3357291  -0.26160015] [ 2.11518193  1.78942678 -0.63589841  3.4107291  -0.17523879  2.53240741] [-1.31636011  0.36997893  1.79352208  0.11385619 -0.12908811  1.45666217] 
97 [ 0.24767834  1.13526749  0.2864159   0.11489082  0.07708854 -0.00404733] [ 1.14038048  1.51030973 -0.14012288  0.27794688 -0.10291988 -0.15605263] [ 0.25704617  1.18367271  0.28605973  0.05353954 -0.04124254 -0.21227934] [ 1.14181595  1.32195017 -0.2737689  -0.11634635  0.27705055  0.1503939 ] [ 0.26540539  1.13025733  0.33173705  0.02982911  0.04011361 -0.07596891] [ 1.16642521  1.49211696 -0.0780376  -0.05113209 -0.00955477  0.02719268] 
98 [ 0.31743592 -0.07567838  0.80202873  0.46776447  1.00406346  1.22948883] [ 0.61845787  0.54041068  0.10216385 -0.03976967  1.64137319  0.13442905] [ 0.3373883  -0.09866252  0.77587405  0.42783873  1.10120171  1.22107396] [ 0.52199113  0.6156373   0.11874227 -0.06135992  1.62900944  0.10700818] [ 0.33928714 -0.12148597  0.83343724  0.22820693  1.21874388  1.32062852] [ 0.43738122  0.76964122  0.05111974 -0.02655727  1.71097409  0.14251529] 
99 [0.68338693 0.68777832 1.00507459 0.49219349 0.5426475  0.67767297] [1.03233678 0.63831083 0.55695396 0.5094749  0.02785997 0.50588932] [0.65093918 0.69616073 0.98545839 0.48060955 0.58936406 0.64211152] [1.02700963 0.5997644  0.55126463 0.52006866 0.08170423 0.57337174] [0.67661699 0.6919945  1.00435797 0.49888948 0.63184045 0.58795527] [1.05377008 0.61231817 0.57459629 0.50966545 0.05415142 0.55433883] 
100 [ 1.42644813  0.83757715  0.51618325 -0.15016473  0.66430638  1.5499322 ] [ 0.00810872  0.51956602  0.87769883  0.74582492 -0.08938771  0.39141511] [ 1.53358515  0.44122436  0.56853794 -0.13469724  0.52727018  1.11264502] [ 0.09553812 -0.18183442  1.30734577  0.61730205 -0.19442058  1.53021004] [2.02475418 2.04404691 0.40796258 1.3675356  1.81333857 1.52127975] [-0.71698969 -0.91907577 -0.12961311  1.83281979 -1.83525353  1.43584428] 
101 [0.86224216 0.66176515 1.14274683 0.71818708 0.73086975 0.89151799] [0.97034794 1.08500043 0.76492025 0.95227557 0.47398247 0.53134836] [0.85077288 0.66797172 1.14987941 0.70340901 0.74462156 0.88274735] [0.97292609 1.08935233 0.7998271  0.94188551 0.42355587 0.569011  ] [0.85082945 0.65373512 1.10798813 0.64330319 0.64121601 0.99217278] [0.97349083 1.04879083 0.80601578 0.86699009 0.42095668 0.57291475] 
102 [0.87332866 0.37138213 0.61767042 0.48731545 0.72543404 0.04650823] [-0.03491124  0.03548688 -0.07315332  0.51213796  1.34709686  0.05114301] [0.94250683 0.38654475 0.8697593  0.20772845 0.50250117 0.09890539] [-0.04057842  0.01653284  0.36967094  0.22875202  1.41384314 -0.0167614 ] [0.75510499 0.55372433 0.8969823  0.20916164 0.4827334  0.05121   ] [ 6.71456074e-04 -1.23831697e-03  3.76794693e-01  2.07200284e-01
  1.30946972e+00  6.49160241e-02] 
103 [-0.23931614  0.62471765  0.56386551  0.14097718  0.28823479 -0.02561171] [ 0.29445306  1.29124214  0.06800996  0.14160194 -0.00173435  1.45939877] [-0.17434855  0.11562083  0.56701872  0.61652801  0.36678599  0.03047768] [ 0.93665538  1.08574284  0.18675351 -0.14860567  0.13428289  1.54916907] [-0.24844746  0.62327175  0.57877935  0.69922561  0.07907739 -0.65202788] [ 0.26195584  1.27700049  0.15301839 -0.26810629  0.20459452  1.58052133] 
104 [1.14912387 0.96880919 0.0704026  0.84795306 0.50129604 0.30023863] [ 0.77319137  0.97358174 -0.12943763  0.48270735  0.34696265  0.24898341] [ 2.08906919  1.89869412 -0.3678581   0.83218729  0.45917968  0.53539375] [ 0.14869052  1.48971513 -0.04312813  0.40752463  0.31635333  0.20848535] [ 2.0209795   0.73361665 -0.97517328  2.26515038  0.48800331  0.51685667] [0.78788212 1.42690416 0.59239722 0.43815595 0.27775648 0.18565003] 
105 [-0.15878878 -0.28885735 -0.45246004  0.97034597  0.50692742  0.31663816] [0.55847977 0.31456937 0.19945771 1.40839058 0.17091914 1.51482464] [-0.17701565 -0.38169642 -0.47161509  1.27662099  0.45844815  0.2612088 ] [0.59454951 0.32381646 0.15735772 1.40743049 0.20343816 1.4753299 ] [ 0.01550105 -0.16839878 -0.39907267  1.26016185  0.27983745  0.31736662] [2.0296477  0.59425095 0.30563906 1.34441956 0.29346692 1.499221  ] 
106 [0.22381528 0.78084438 0.70940647 0.21400013 0.60649734 0.30810596] [0.9241539  0.02508227 1.52042779 0.20809335 1.68920623 1.27572127] [0.2448339  0.64232806 0.71969501 0.36997429 0.8650909  0.33700906] [1.07317793 0.16357171 1.52375314 0.03610298 1.73702904 1.42193837] [ 0.20828558  0.58159538  0.98468202 -0.06296951  0.81081862  0.25833376] [ 0.99294675  0.12916241  1.77161233 -0.10153983  1.69106247  1.32203784] 
107 [-0.17014206  0.23974102  0.58350897  0.48714122  0.81877784  0.00637186] [ 0.56784912  1.32952851  0.19882142  1.45673791 -0.13590788  0.09892761] [0.06024682 0.26581694 0.7656754  0.4793689  1.07827121 0.08447914] [ 1.10370432  1.08071964  0.22964345  1.4303409  -0.0883311   0.15105361] [ 0.23909714  0.8993963   1.08374691  0.13966997  1.43749163 -0.50062672] [1.17244254 0.0559754  0.24938803 1.33798799 0.30613185 0.18102224] 
108 [ 0.19425267  0.3707013  -0.15110285  0.36323574  1.17331933  1.38566895] [-1.17074695  1.26179451  0.17323006  0.06570276  0.6458516   0.07354945] [-0.24994653  0.22700351  0.09772408 -0.04211205  1.21394319  1.72216932] [-0.85148325  1.61486412 -0.13071971 -0.090028    0.32660764 -0.19670599] [ 0.2146471  -0.12391674 -0.69175118  0.04553434  1.53058138  1.68267072] [-1.26483575  0.73677993  0.50588342 -0.30835368 -0.22371887  0.11652546] 
109 [ 0.24124559  0.91194265 -0.03909184 -0.037702    0.21366638 -0.02908822] [-2.07479185 -0.15339964 -0.10917822  0.5670987   0.78210702  0.57566506] [-0.32438464  0.1272273   0.22348124 -0.3781035   0.06400123 -0.54438163] [-1.83481188  0.86760263 -0.27217183  0.69985576  1.08555722  0.21823568] [-0.24786626  0.98856733 -0.15778517  0.07417923 -0.0745644   0.61042235] [-1.08271492 -0.33527745 -0.91517803 -0.1218907  -0.320271   -0.16419008] 
110 [ 0.21019015  0.40282626  1.1925004   0.84548578 -0.11812173  0.6787438 ] [1.08355549 0.16681324 0.03653206 0.51113226 1.30614502 0.14908025] [ 0.2035631   0.37673399  1.2985066   0.75228229 -0.113827    0.70519656] [1.11270159 0.18646882 0.01523633 0.5325236  1.30987846 0.15631939] [ 0.24583825  0.39136103  1.59513206  0.49572481 -0.02507646  0.5293088 ] [ 1.06780764  0.10885119 -0.19246102  0.68454083  1.22406114  0.19860591] 
111 [ 0.8545798   0.58790514 -0.03056443  0.46794589  0.54839706 -0.28921102] [0.00766741 0.73304371 0.76026607 0.83718527 0.28378399 1.2126032 ] [ 0.91099675  0.54259287 -0.04302967  0.46128402  0.54368499 -0.29309194] [0.03228269 0.78680392 0.70685089 0.85248981 0.24441615 1.24730958] [ 0.91749388  0.51897334 -0.04048303  0.4762197   0.55980549 -0.31008186] [0.02386657 1.01155172 0.48170391 0.82635991 0.26363605 1.22530092] 
112 [-0.19325466  1.02477408  0.56775234  0.69863795 -0.07526183  0.61385417] [-0.88003134  0.0155689   0.16343382  0.49629046  1.34486945  0.16776352] [-0.20658628  1.03861518  0.59117438  0.65214159 -0.07729368  0.65423486] [-0.92936472  0.01438088  0.15723981  0.41712405  1.38308387  0.15793314] [-0.20770967  1.1209474   0.50919422  0.72578448 -0.11857836  0.59389441] [-0.90995552 -0.01332223  0.1638798   0.26079719  1.56626491  0.16088381] 
113 [0.33620707 0.60180672 0.86664012 1.4244109  0.07493901 1.23674632] [ 0.46315245  0.22791346  0.77735935 -0.45205899  0.78428237  0.15232878] [0.79140355 0.30836491 0.3968572  1.07426533 0.10302014 0.95564956] [ 0.23588291  0.1837685   0.85036314 -0.29099863  0.75033099  0.2860873 ] [0.92466538 0.28855091 0.2681016  1.15578941 0.08946552 0.86916151] [ 0.19543092  0.17602617  0.82159131 -0.19735741  0.69598434  0.4017252 ] 
114 [0.25212538 0.24964775 0.47342755 0.40880496 0.75281174 0.08048875] [ 1.03036873 -0.05396119  0.22066215 -0.11582574  0.48962499  1.14501667] [ 0.35108403 -0.09611178  0.67366427  0.29218727 -0.35042105 -0.10099623] [ 0.39233294  0.70660616  0.13756008 -0.05197956  0.38393061  1.18201701] [-0.33550709 -1.27442353 -0.59779949 -2.14009347  2.61307766  0.90079287] [ 4.81964782 -6.11457658 -0.88954483  3.86014863  1.17028025  4.57412109] 
115 [ 0.33347177 -0.07677277  0.21316121  0.53439671  0.69989776 -0.17175864] [ 0.48022174  0.61449978 -0.0111357   0.165625    0.0732378   1.37804307] [ 0.33994865 -0.10302266  0.74128086  0.77928556  0.22172494 -0.52458009] [ 0.46036456  0.57297047  0.17656324 -0.06374183  0.15149869  1.48297215] [ 0.34267868 -0.10462971 -0.4228012   0.71690921  0.28348856 -0.10913452] [ 0.4759159   0.65257241 -0.02859967  0.01566893  0.45181329  1.18106425] 
116 [0.24831126 0.66164779 0.29624269 0.79121046 0.9212653  0.66834321] [ 1.04489163  0.30343907  1.56072658 -0.07774057 -0.1417591   0.13819208] [0.23052662 0.63629235 0.25476931 0.76374558 0.98068112 0.50639925] [ 1.05347464e+00  5.14218686e-01  1.58801465e+00 -1.03711166e-04
 -3.34156836e-01  1.16148801e-01] [0.23628357 0.67913579 0.28626926 0.60835177 1.20622014 0.47380401] [ 1.06518377  0.2733037   1.61611639 -0.06836489 -0.11244825  0.19404772] 
117 [0.80540867 1.12027531 0.18757727 0.30776858 0.79180089 0.51396126] [-0.02840411  0.6874968   0.95466733  0.00330616  0.03803158  0.26254577] [0.72020379 1.23195326 2.00312289 0.10197459 0.60482573 0.56846355] [0.03256847 0.00557162 0.64501789 0.59183461 0.29103585 0.15933572] [ 0.70883079  1.28716845 -1.533927    1.36821997  0.52639181  1.21042533] [ 0.0293553   0.88963768  1.91821782 -0.33416293 -0.04644089  0.2500014 ] 
118 [ 0.56496147  0.69711274  0.08032462 -0.09058959  1.05770987  0.42124538] [ 0.21539991  0.68923898  0.32881938  0.55300692 -0.48458159  0.47871941] [ 0.55930113  0.69432574  0.07453613 -0.08268694  1.06098227  0.41277625] [ 0.21833237  0.67722497  0.36238394  0.54121855 -0.49174591  0.48764531] [ 0.23811571  1.5415216   0.08847619 -0.00271612  1.83204865  0.08570334] [ 1.14619006  0.8259112   0.24262416  0.74881447 -1.08839673  0.84088547] 
119 [-0.18718483 -0.46741194  0.08335833  1.25982831  0.30681343  0.17551029] [ 0.53014539 -0.84825645 -0.45051605 -0.11524536  0.27764409  1.44757093] [-0.18297745 -0.49881755  0.09598564  1.41203336  0.18767063  0.12493158] [ 0.55923478 -0.76053335 -0.53941887 -0.18160153  0.50979363  1.31706208] [-0.19534636 -0.53085894  0.05549771  0.80809502  0.55683248 -0.05023305] [-2.51182819 -0.59546489  0.82866927 -0.1872004   1.89823473  1.10427989] 
120 [ 0.34115312 -0.09297592  0.35677888  0.32145043 -0.60812742 -0.09747899] [ 0.41879523  0.55423269 -0.14554459  0.18665029  1.36149818  0.38268284] [ 0.34035821 -0.09705719  0.3061736   0.38324486 -0.62575873 -0.10419928] [ 0.40039445  0.57955144 -0.12813136  0.15882505  1.36602932  0.38249682] [ 2.3320715   0.43049955 -0.77773307 -0.30056191 -0.44582532 -1.07817546] [-0.99350375  0.29937187  1.32476368  1.73740635  0.06793969  0.09000009] 
121 [ 0.17147965  0.35994605  0.56908484  1.61049909 -0.31125968  0.05310523] [ 2.60827332 -0.31195818 -0.21724736  1.76702723  0.2943931   1.09635276] [ 0.23038529  0.68627542  0.49915126  0.49788051 -0.63431838  0.04708495] [ 1.03958348  0.24282328 -0.18200886  0.11005835  1.67939986 -0.08476811] [ 0.25073657  0.66951518  0.50035876  0.85519607 -0.28897375  0.14206602] [ 1.02112287  0.22449782 -0.14756962 -0.05705352  1.65383897  0.07021423] 
122 [0.24534445 0.13211132 0.56256758 0.5146202  0.70310212 0.67035341] [ 1.15155509 -0.13000623  0.22851489  1.42184847 -0.08159034  0.01250559] [0.22543854 0.11800076 0.57427179 0.52399491 0.5516647  0.66499326] [ 1.11397674 -0.05105876  0.22437113  1.4304662  -0.06402871  0.03595991] [0.2381346  0.09754486 0.54999221 1.20008668 0.64690927 0.46667554] [ 1.17233664 -0.10840494  0.02032801  1.43823708 -0.35540202 -0.21337418] 
123 [0.2231755  0.7373315  0.35473603 0.00228501 0.79687122 0.74234249] [1.03726027 0.15709447 0.45389862 1.00252106 1.50368753 1.4094569 ] [2.24778439e-01 7.49854927e-01 3.17425013e-01 4.71703610e-04
 8.03694042e-01 7.67178350e-01] [1.0548087  0.15987187 0.49372655 0.97044587 1.52391926 1.43949242] [0.22343372 0.71613097 0.32002715 0.01101905 0.80537858 0.80568677] [1.03064418 0.14768803 0.40781858 1.05320951 1.5008593  1.41721891] 
124 [-0.34173652  0.17709856  1.08464134  0.00496863 -0.03006152  0.91175079] [1.11812331 0.88480253 1.98908431 0.22127131 0.84336131 1.3002438 ] [ 0.20238449  0.53009553  1.2654464  -0.1641356   0.0325192   0.83562023] [2.62466406 1.15946781 1.53361944 1.11064063 0.44656859 1.32616358] [ 0.21126695  0.5151715   1.12572337  0.59525468 -0.13943821  0.18522321] [2.56023612 1.2815704  1.50098669 0.04692519 1.30499505 1.82981971] 
125 [ 0.33435057  0.73080092 -0.1839826   0.62301187  0.83374739 -0.06569847] [ 0.15149007  0.06646001 -0.14289878 -0.01116325  0.79901091  1.30999963] [ 0.35548667  0.68399849 -0.29993113  0.79615261  0.70747663  0.1806789 ] [ 0.19636367 -0.01654476 -0.1282907   0.03234074  0.2367923   1.96175168] [ 0.35679931  0.87123709 -0.21905293  0.90201851  0.29529553  0.25431067] [ 0.09598688  0.07553281 -0.11184458 -0.11042003  0.25893623  1.93314762] 
126 [0.92714935 0.09828405 0.00445396 0.88040101 0.74643905 0.24677133] [0.37290437 0.13228181 0.19157605 0.71388043 0.73624272 0.26470948] [ 0.34518127 -0.08494875 -0.06176338  0.86714562  0.38526226 -0.00625563] [4.50585374e-01 6.17192528e-01 1.48103281e-04 2.09781995e-01
 1.15059650e+00 2.81739604e-01] [ 0.33885437 -0.0808092   0.15429453  0.69193987  0.29628498 -0.01926738] [ 0.45114276  0.62204856 -0.00212125  0.23497836  1.17102602  0.2309378 ] 
127 [0.98148139 0.95799853 0.33322834 0.27147386 0.47145029 0.65280371] [-0.005594   -0.20086416  0.52656374  0.24102466  1.34131745 -0.160832  ] [1.01227205 0.91416167 0.32894294 0.28272429 0.44387975 0.61335703] [ 9.96737503e-04 -1.58356051e-01  5.37403952e-01  2.18999011e-01
  1.30475299e+00 -1.61057372e-01] [1.08616763 0.83290401 0.37257918 0.27193282 0.44480708 0.60416305] [ 0.00259091 -0.16302636  0.52376918  0.18917238  1.35039693 -0.15480691] 
128 [ 0.21925114  0.58175473 -0.08204686  0.65154601  0.55807014  0.17950106] [0.98882735 0.56302695 1.2432405  0.16495721 0.09680937 0.05854585] [ 0.22829134  0.61567726 -0.10647585  0.66229373  0.51250817  0.17466862] [1.00260419 0.48033741 1.34248395 0.16282352 0.05073343 0.09880954] [ 0.22314246  0.62060132 -0.10286197  0.6808184   0.49575672  0.14670561] [0.99094766 0.38894192 1.41048916 0.17246883 0.01035596 0.14434232] 
129 [-0.15311956  0.14688466  0.57776479  0.83834923 -0.19732604 -0.00483022] [0.9020251  1.11148596 0.17846525 0.13624985 1.12495934 0.25934781] [ 0.24514345  0.40862857  0.5778834   1.44862058 -0.13533154  0.63624108] [ 1.13930138  0.11718666 -0.04199737  0.59498171 -0.36847837  1.48616621] [ 0.25393758 -0.66600188  0.19781026  0.56164445 -0.37074382  1.88000374] [-0.24009364  1.31436983  0.69612408  0.16542153  1.24132323  0.18817987] 
130 [-0.2642687   0.1568096  -0.13088735  0.04767679 -0.60062947  0.63469762] [ 1.11915892  0.82333219  0.78923823  1.24166208  0.220413   -0.18886396] [-0.20083597 -0.51724223  0.09150964  0.028329   -0.50788426  1.12977442] [ 0.57415114  2.41870225  1.01244761 -0.01848654  0.09703474 -0.11084326] [ 0.21812747  0.19969306 -0.07314029 -3.87554424 -1.81266911  1.46833993] [ 1.25868729  0.25072079 -0.52079363  1.82041457 -0.2422478  -0.15573254] 
131 [0.19738497 0.60842999 0.88814767 0.8854089  0.34270961 0.50587037] [ 1.06887349 -0.06008655  0.0386914   1.69271382  0.30519439  0.17228771] [0.19421984 1.39253702 0.30589261 1.11125095 0.60614436 0.39999479] [ 1.12053173 -0.12028473  0.22586214  1.44542041 -0.09822842 -0.01085028] [ 0.20026403  1.56979322  0.09519851  1.2677903  -0.25713972  0.57599229] [ 1.14299993 -0.32099479  0.44097376  1.56437649 -0.1395156  -0.12014643] 
132 [ 0.77938469  0.50995762  0.99843427 -0.50465444 -0.05960512  0.13011788] [-0.03457933  0.03166766  0.35264917  0.42049201  0.21878431  1.16283351] [ 0.74886912  0.65567157  0.8885061  -0.50923668 -0.27603151 -0.31251689] [0.0110643  0.01093881 0.30049255 0.24112385 0.12508697 1.36921041] [ 0.68810156  0.70914808  0.86153565 -0.56169285 -0.52100565 -0.02554701] [ 0.03473727  0.0461817   0.35803106  0.27006496 -0.04841032  1.47392395] 
133 [ 0.21445348  0.41686048  1.27892223  0.15472824 -0.02956014  0.00982054] [-0.56845636  1.35160764 -0.31121488  0.71100451  0.07657976  1.0654858 ] [ 0.20734898  0.37815155  1.30981072  0.14668238 -0.08553434 -0.08733184] [-0.57510273  1.30536203 -0.19309026  0.41677856 -0.03053779  1.3962407 ] [ 0.19350829  0.35095068  1.32577788  0.1865471   0.06603876 -0.29275093] [-0.6032542   1.30277523 -0.12464694  0.40150924 -0.08035437  1.40942355] 
134 [ 0.81877793  1.4825695   0.13230738 -0.04338253  0.44776916  0.53528783] [1.39416185e-03 5.17022301e-01 1.83712672e-01 1.43532777e+00
 3.05878808e-01 1.94271209e-01] [ 0.76376425  1.52568408  0.1215361  -0.0233553   0.44128413  0.54315632] [0.00597663 0.44794421 0.13349739 1.55590514 0.31104884 0.20102994] [ 0.598799    1.65859367  0.13807099 -0.0207808   0.45730039  0.5131482 ] [0.03294004 0.37589015 0.29830692 1.50794404 0.32472431 0.19438032] 
135 [-0.20974036  0.11318621  0.62056479  0.92230846  0.07134955  1.6923783 ] [ 1.12875468  0.97965429  0.08938009  0.61290101  1.12319693 -0.18882308] [0.18226984 0.42125019 0.64316078 0.92955112 0.06882641 1.71209313] [-0.58590752  1.26526481  0.15373817  0.388674    1.3224946  -0.18495258] [ 0.32544712 -0.10812287  0.75509876  1.11570962 -0.24135565  1.71663893] [ 0.49027407  0.57805059  0.12660645  0.09041648  1.60759025 -0.14425713] 
136 [1.48811847 0.15218612 0.08778605 0.75902467 0.33844987 0.59482068] [-0.13157506  0.56200217 -0.32683121  0.41511466  0.29869047  0.09104465] [1.06688191 0.21928316 0.6652865  0.20069488 0.35655376 0.56648042] [ 0.05776922 -0.13411995  0.77769267  0.55193312  1.27097116 -0.19909418] [ 2.33160845 -0.29591338 -1.2905755   0.55172791  0.56753318  0.36050119] [ 0.615444   -0.06135181  0.32115614 -0.17801033  1.70653913  0.05480772] 
137 [ 0.42945727 -0.10496824 -0.06730152  1.04947479  1.48451525  0.49229296] [0.25179413 0.3335354  0.57951664 0.02314823 0.16290553 1.46794786] [-0.07418795  0.31852608 -0.11093953  0.7517665   1.90471993  0.97153273] [1.80303037 0.64306562 0.52140535 0.120101   0.1547696  1.60084255] [0.20749511 0.49488531 0.15514841 0.39854954 0.35940108 0.1029562 ] [ 2.61667918  1.48021508 -0.22917558  0.16811991  0.12202692  1.41562577] 
138 [1.06933538 0.63462362 0.30790947 0.33705028 0.46834365 0.35731115] [0.4553056  0.48344859 0.46523926 0.759282   0.13580934 0.79391535] [ 1.18390796  1.11193948 -0.30077515  0.449107    0.35261908 -0.10461902] [-0.00471603  0.00291927  1.14742275  0.99569941  0.54034523  0.68004832] [ 2.04880383  0.65286636  0.85624598  1.37847345 -0.43821117 -1.23854659] [ 1.14856491  1.37561048  1.66608503 -0.33684422 -1.49821065 -0.17975881] 
139 [1.14486066 0.92990976 0.63535391 0.20189622 0.06341406 0.70739311] [ 0.78783506  0.7397876  -0.15587699  0.12938867  0.38176597  0.51350059] [1.25153986 0.73295963 0.46829906 0.24887904 0.0782915  0.85363786] [ 0.6642782   0.64638774 -0.2323504   0.21583771  0.37707379  0.5429283 ] [1.22652469 1.02091448 0.14944531 0.39951153 0.32447761 0.79354621] [ 0.62378939  1.28669256 -0.43748949  0.12092209  0.48985361  0.37518444] 
140 [ 0.89653941  1.37977554  0.1799728   0.4112668  -0.06222425  0.56803946] [-0.04211195  0.41911787  1.73622211  1.02585838  0.82758478  1.42957069] [ 0.91031524  1.38827845  0.1993456   0.43094154 -0.06355599  0.5345374 ] [5.85920073e-04 4.63431133e-01 1.68095365e+00 1.17315252e+00
 7.11469340e-01 1.42761764e+00] [ 0.88705831  1.40042944  0.16654075  0.41704485 -0.0515565   0.55444823] [-0.03341198  0.4358402   1.72365045  1.01840445  0.82960457  1.41892879] 
141 [ 0.23657183  0.23885907  0.4551183   1.09678658  0.06825394 -0.53774627] [ 1.07586835 -0.12031398  0.19079143  1.22435624  0.4753859   0.13182819] [ 0.23544593  0.18934312  0.52765911  1.02446055  0.11448341 -0.54326636] [ 1.0985576  -0.12266387  0.17363261  1.45592794  0.26390687  0.13614613] [ 0.23320678  0.19077648  0.53851971  1.02840866  0.07816706 -0.48990841] [ 1.09932036 -0.12675073  0.15919499  1.23619584  0.47936646  0.13494799] 
142 [ 0.25310378  0.80540236  0.99124142  0.27106903  1.05693147 -0.06712108] [ 1.03700009  0.28761688  0.1498088  -0.1645568   0.88204273  0.84728043] [ 0.2382065   0.03317484  0.6504957   0.0223427   0.94169486 -0.37888439] [ 1.22426827 -0.19212222  0.08302618  0.1508841   0.12270575  1.42137518] [-0.34524826  1.61409804  1.04228535 -0.55622817  0.60756992 -0.08485533] [ 0.13371297 -0.04375591  0.13830507  0.22651834 -0.85626026  2.58533785] 
143 [0.04411805 0.20849929 0.70936121 1.07212074 0.03807506 0.80843113] [ 1.59665562  1.0205354   0.11430749  1.25320869  0.41416972 -0.15718839] [0.19983635 0.48144042 0.56221205 1.18563318 0.16317623 0.76364078] [ 2.56171983  1.19460123  0.08162589  0.30960607  1.22137157 -0.1032639 ] [-0.22796959  0.13201121  0.64963703  0.98439666  0.13929817 -0.5662527 ] [1.12281678 0.97856461 0.07855604 0.35657787 1.31523223 0.15273948] 
144 [-0.34901593  0.55783477  1.72893777  0.14324344  0.63637938  1.03733569] [-0.07287111 -0.18138902  0.9405338   0.65031576 -0.05906314  0.2839652 ] [-0.21682243  0.59213644  1.59090583  0.1355201   0.5475301   0.56762962] [ 1.07914281 -0.05091273  0.69755591  1.77377837  0.29265873  0.19045416] [-1.26219337 -0.80270954  0.14552566  1.10079205 -0.0231232   1.65895427] [ 3.1890161   1.45933567 -0.99893446  3.12112719  0.28225191 -0.20701228] 
145 [ 0.90955499  0.08644567  0.63455184  0.65186187  0.58492698 -0.18022929] [ 0.01848934 -0.03195467  1.68549153  1.1443374   0.45606382  1.23726664] [ 0.4471552   0.28635523  0.89343144  0.61173969  0.58752552 -0.18188708] [ 0.03616158 -0.01255254  1.6468199   1.06979337  0.49172701  1.21849027] [1.1414047  0.21834799 0.87818925 0.33946177 1.67058934 0.63370587] [-0.08582067  0.13352926  0.66040492  1.92547906 -0.31744424  0.2060129 ] 
146 [ 0.2301155   0.59351296 -0.10226624  0.00132242 -0.57594635 -0.23227156] [ 0.96230114  0.5896258   0.75274194  0.40274411 -0.08251732 -0.10265664] [ 0.25046187  0.58300188 -0.19676954  0.06037467 -0.45648089  0.22118345] [ 0.98206924  0.48064573  0.65025329  0.47428791 -0.22378014  0.24640146] [ 0.1261194   0.33518459 -0.55026702 -0.48799419 -0.93465248  0.42996899] [ 2.2913034  -0.16438069  0.40927955  0.2612582   0.06252912  0.1565241 ] 
147 [0.22705106 0.66200948 0.46169151 1.51780827 0.8537137  0.01210459] [ 1.08848296  0.23030786 -0.11626863  0.13427514  1.25986911  0.32253501] [-0.22068118  0.30969919  1.38761152  1.19574533  1.27270621  0.47660264] [ 2.24467949  1.49395741  1.87419616 -1.58117699  0.23492662  0.15546914] [-0.20256174 -0.49786642 -0.57198457  0.07968141 -2.09563207  0.73373547] [ 0.60400333  0.49537098  3.98001358 -2.14059847  1.74805284  0.24924179] 
148 [0.94826415 0.43647756 0.25898237 0.102776   0.67916304 0.40473605] [ 0.72683432  0.50931169  1.28048005 -0.01701833  0.77270377  0.77214897] [0.90381678 0.36666716 0.32016187 0.06449377 0.63080454 0.61676322] [ 0.60817192  0.5028277   1.35567287 -0.02826462  0.68757739  0.96136025] [0.83380529 0.62979158 0.06017938 0.01833452 0.00893632 0.88805556] [ 1.55764803  0.35184819  1.53878663  0.29758933 -0.74387257  1.14428981] 
149 [-0.10799956  0.22370442  0.19481762  0.43462885  2.33774871  0.39597087] [1.72987538 1.28629203 1.25109479 1.33164804 1.67106015 0.15818113] [-0.16930589 -0.3599413  -0.70643909 -1.05464015  2.78976364  0.52516214] [ 0.59233104  0.31453959  0.35601791  0.01377555 -0.16983352  0.16860469] [ 2.01929076  0.17945827 -0.38667615  0.56491466  0.44391849  0.51417494] [-3.38769865  3.58775697  1.60135524  2.79251143  2.81362532 -0.18567139] 
150 [1.36649954 0.87866196 0.26685292 0.31597596 0.73513347 0.20665597] [0.80970709 1.02288219 0.10272963 1.20216456 0.78502433 0.78713421] [ 2.30606191  0.67903824 -0.04378944 -0.10230909  0.6698762   0.3531091 ] [0.51337706 1.43467947 0.24429766 1.21219334 0.18875714 1.39671372] [ 2.30040988  0.62478997 -0.1542019   0.13120148  0.5550529   0.5364978 ] [ 0.57919946  1.81284928 -0.32204203  1.30064498  0.17308735  1.42327214] 
151 [ 0.23641488  0.56563395  0.64154597  0.56010687  1.20254853 -0.19313813] [ 1.05185534  1.67319151  0.19219605  0.08288947 -0.09055721 -0.07352543] [ 0.221774    0.49331991  0.82166046  0.47975158  1.36210405 -0.46068377] [ 1.05213634  1.6438543   0.15982254  0.07124201 -0.18327578 -0.12948433] [ 0.23964131  0.13440308  1.53903572  0.14114369  1.66398509 -0.48209704] [ 1.37648744  1.50989705  0.99275225 -0.97006624 -0.27072576 -0.1808598 ] 
152 [ 0.19647992  0.21399314 -0.16058857  0.58691516  0.53340862  0.51870783] [1.41080007 0.24990198 0.90688363 1.32373654 0.17179155 1.49192497] [-0.1663346  -0.36409378 -0.54946038 -0.48106471  1.89945202  0.07267653] [0.60265469 0.37529975 0.23744846 1.71070036 0.36175989 1.32255777] [ 0.22840122  1.00247365 -0.12538417  0.40969017  1.40850293  0.48972964] [1.07848095 1.53076769 0.06716534 1.60585561 0.24919401 1.38531118] 
153 [ 0.23765182  0.39209456 -0.08231559  1.55764572  0.22470391  0.54122758] [ 1.03587582e+00  5.49021137e-01  8.18716849e-01 -3.53005108e-04
  1.83299324e-01 -1.90750447e-01] [ 0.11145107 -0.23553095 -0.74101695  1.65103916  0.72082445  0.62811331] [ 1.58954966  0.58832718  0.38802785 -0.13682213  0.23084765  0.13439911] [ 0.18422744  0.6654669  -0.23387375  1.48743423  0.08870929  0.70474759] [ 0.85062331  0.13796347  1.44354223 -0.66788271  0.91866466 -0.14865297] 
154 [ 0.09023973  0.31828807  0.1224938  -0.17422991  0.40010511  1.39888749] [ 1.26814235  0.98286462 -0.55961206  2.14683568 -0.19997444 -0.10791233] [-0.28989452  0.15215883  0.34206342  0.18379054  0.43253674  0.51834126] [ 1.28703404  0.92343347 -0.39967005  1.88494446  0.20358829  0.15025067] [-0.293518    0.17185942  0.360909    0.17775658  0.46843119  0.54494965] [ 1.32143652  0.89257257 -0.47674931  1.93390863  0.19442842  0.15683917] 
155 [0.71570299 0.47563128 0.88606351 0.43627121 0.9783887  0.61846046] [0.96610621 0.58237623 0.61303338 0.81542131 1.15319772 0.0975882 ] [0.73165493 0.51806388 0.81096572 0.45969901 0.99908856 0.69111909] [0.99209548 0.55213642 0.6355145  0.84127445 1.1188216  0.18133342] [0.85390289 0.8653878  0.56503277 0.25119075 0.71856466 0.3439102 ] [0.82717262 0.3586609  1.26873278 1.22144378 0.6479442  0.28781025] 
156 [ 0.22549902  0.68252103  0.64138791  0.3479561   0.13680424 -0.2409985 ] [ 1.03700393  0.18578424 -0.08603642  0.522684   -0.2274437   1.34383321] [ 0.24442727  0.72181251  0.37575723  0.7418748   0.17286157 -0.2502103 ] [ 1.00365521  0.22808793 -0.14542879  0.32260764 -0.22948091  1.52132193] [ 0.22002677  0.7249861   0.40427822  0.58251554  0.16732646 -0.63515186] [ 1.01701563  0.19876044 -0.0632266   1.59351742  0.12952018  0.13283396] 
157 [0.25317224 0.26791013 0.42390303 1.20219543 0.03040404 0.05708919] [ 1.03249868 -0.1131482   0.17935617  0.71825269 -0.17927717  1.07611389] [ 0.09438317  0.21592022  0.34291408  0.93867283 -0.25420021 -0.14060155] [ 0.7659647   0.65599767  0.45654146  0.70261093 -0.19742374  1.37039295] [ 0.25052186  0.24516627  0.40281622  0.99355703 -0.12107933 -0.28553149] [ 1.07783727 -0.09655896  0.22961895  0.21735454 -0.13279994  1.46713953] 
158 [ 1.62198192 -0.05098185  0.49340262  0.72862954  0.05259717 -0.31764282] [-0.04660409  1.60260827  0.9969206   0.57562772  0.82069366  0.49196412] [ 1.60102958 -0.1062468   0.42701954  0.52403627  0.27661037 -0.46646537] [0.30035092 1.23239859 0.79113798 0.23778046 1.49042689 0.30021972] [ 1.43804048  0.10485864  0.39278939  0.55000432  0.29280613 -0.49979956] [-0.13215393  1.60726641  0.66999231  0.23368413  1.47995838  0.2758449 ] 
159 [0.19537866 0.47979213 0.59326324 0.11642284 0.49462837 0.0638258 ] [-0.55606632  1.29829633  1.62149653  0.15660823  0.02775458  0.09381339] [ 0.21291155  0.44470725  0.55329814 -0.0206847   0.61273068  0.5640829 ] [-0.58417169  1.20214318  1.82202268  0.07308232  0.27769674  0.19568849] [0.23089485 0.69672138 0.45015774 0.1461111  0.53135861 0.45162952] [ 1.05345838  0.24405769  1.45127806 -0.02167304 -0.1096983   0.00801355] 
160 [0.94652204 0.01534015 0.91862242 0.75369909 0.22861806 0.41883418] [0.39711015 0.34223817 0.73676926 0.78367807 0.27478705 0.10254561] [0.93088196 0.08234628 0.90224561 0.73363327 0.24158041 0.38293913] [0.37475908 0.3165945  0.66685346 0.7889406  0.25998314 0.07727684] [0.93681883 0.08990094 0.88925857 0.7297208  0.2428136  0.36714529] [0.37169761 0.31606248 0.66366703 0.77866255 0.25813421 0.07250647] 
161 [0.6921616  0.72997838 0.57972292 0.21428177 0.50992992 0.53474508] [ 0.01297006  1.52776135  1.11870272 -0.49124673 -1.27482686  0.17346217] [0.6069914  1.05368114 0.65651145 0.66842469 0.05323855 0.44932121] [ 0.0102752   1.66952546  1.07163627 -1.08667541 -0.22503979  0.16872048] [0.33737919 1.3718522  0.60132439 0.62674186 0.0535055  0.433018  ] [ 0.1124536   1.6302878   1.01087383 -1.03661679 -0.28118411  0.21237079] 
162 [-0.12789501 -0.21133524  0.75146775  0.82934489  0.72296574  0.71269106] [ 0.48026338 -1.10351402  0.05405773  0.13506628  1.80448819  0.15049611] [-0.19557527 -0.43313523  0.73667637  0.8677114   0.50367331  1.24920917] [ 0.56900362 -1.34184465  0.06717672  0.14950145  1.5089721   0.14993807] [-0.17226925 -0.6370038   0.51209025  0.59030668  1.15542251  0.79253619] [ 0.57155349 -1.74936331 -0.13239601  0.01320476  1.14689856  0.15973703] 
163 [ 0.23024743  0.68324462 -0.18240186  1.40729315  0.68435401  0.36020701] [ 1.05423669  2.23017797 -0.38489379  0.05833081 -0.31756348  0.16115725] [0.20742203 0.42853722 1.2614405  0.95310066 0.58263399 0.59207871] [ 1.04841949  1.46177828  0.04007465 -0.33271224 -0.20652073 -0.12740359] [0.24221066 1.13812491 0.10640329 1.09415966 0.48652702 0.58817   ] [1.13129927 1.5249258  0.01382977 0.16312461 0.22568931 0.16214289] 
164 [ 0.71116794  0.97568255  0.10753442 -0.04764307  0.68901863  0.61417984] [ 0.00558901  1.29593087 -0.40080358  0.89095978  1.21730204  1.73646777] [ 0.90064529  1.16004905  0.11223268 -0.32922495  0.80407494  0.98800478] [ 0.04066505  0.85778741 -0.8115432   1.75503852  1.36842927  1.49022434] [1.12599971 0.68990641 0.1043417  0.33799499 1.50368428 0.74371618] [-0.01204829  1.15851361 -1.12113494  1.79753508  1.84373659  1.61939874] 
165 [1.16976642 0.73157721 0.23964419 0.43180921 0.67954886 0.33503966] [0.75616788 0.17591636 0.86430785 1.06425947 0.30240026 0.9253521 ] [1.17284808 0.82381766 0.1451955  0.420476   0.63198945 0.40787411] [0.77161272 0.32871647 0.69461487 1.06032619 0.29453434 0.95613237] [1.17918956 0.84246242 0.13529128 0.41777973 0.61898134 0.41419197] [0.77723682 0.32839682 0.69060968 1.06135929 0.27584513 0.97692143] 
166 [ 0.19304877  0.52175092 -0.08422112  0.62940643 -0.04868434  0.64259635] [-0.54388568  0.7400422   0.5303333   0.1877312   1.52579191  0.10562257] [ 0.19099391  0.5370902  -0.07941269  0.32315425  0.29047395  0.62906533] [-0.57939676  0.71097237  0.56315076 -0.01945269  1.74098737  0.1037582 ] [ 0.19066582  0.53051421 -0.07886461  0.61864752 -0.05157003  0.65389744] [-0.55037747  0.72219384  0.53790656  0.19407105  1.52063735  0.11067223] 
167 [1.58214768 0.68128372 0.0796237  0.16913668 0.28189827 1.43871998] [0.10948184 0.00738316 0.39099274 0.24658199 0.20494756 0.1840284 ] [1.42952684 0.75921937 0.07499911 0.23059481 0.21849455 1.16385326] [ 0.04300726  0.34400137  0.00169465  0.23696675  1.36499954 -0.19178462] [1.0842551  1.12622332 0.05352908 2.14502756 1.2977807  1.68777118] [-0.01280098  0.07464955  0.27504603  1.46241912  2.90295347  0.18948825] 
168 [ 0.85375267  0.68425545  0.94103889 -0.16741295  1.00489724 -0.24422752] [3.04123609e-04 7.61568871e-02 1.31084708e+00 7.81834291e-01
 1.78043359e-01 1.32101810e+00] [ 0.88952129  0.62810364  0.97717514 -0.15335477  1.06125076 -0.33137523] [-0.00338046  0.08507718  1.31735569  0.76825802  0.14298778  1.35874452] [ 0.94087316  0.57480004  0.97324105 -0.15906431  1.00006593 -0.23966359] [-0.01040734  0.08831496  1.29300394  0.81109485  0.17672558  1.31557418] 
169 [ 0.4420026   0.15568249  0.1194929   0.56603323  1.07615322 -0.59041306] [ 0.055156    1.32116548  0.21288236 -0.0355213   1.09144122  0.21785091] [ 0.32885834  0.0206145   0.14099073  0.46244521  0.89612316 -0.39505093] [-0.02698409  1.82687479 -0.21641843  0.00201785  0.50340363  0.24512466] [ 0.14918545  0.21877971  0.10429946  0.15654641  1.2544674  -0.4113368 ] [ 0.17978457  1.72259772 -0.17191841 -0.04647747  0.54339123  0.26207751] 
170 [0.24033672 0.72975841 0.43238011 0.03647904 1.37400614 0.6060019 ] [ 1.0784803   0.21078365  1.53246481 -0.08824161  0.05811653  0.02174457] [2.48576754e-01 7.32032542e-01 4.75089009e-01 7.18264971e-04
 1.20880481e+00 3.81396929e-01] [ 1.08149842  0.18969621  1.59964181 -0.18652344  0.03668241  0.04937959] [ 0.24216019  0.72515367  0.50149405 -0.00645188  1.05744024  0.30398307] [ 1.07008986  0.24061806  1.82316966 -0.40823729  0.00736356  0.03973196] 
171 [ 0.18638346  0.45354276  0.67475221  0.3895542  -0.16165599 -0.03424044] [-0.61352797 -0.3130929   1.40454834  0.29417113  1.57807619 -0.20181141] [ 0.1952703   0.41109914  0.76967699  0.30416914 -0.10913667 -0.41845818] [-0.58451262 -0.29225041  1.3927485   0.27411118  1.38405099 -0.10441288] [ 0.16113617  0.37267884  0.60335638  0.4429879  -0.12331992 -0.59788914] [-0.59747035 -0.32379863  1.32893958  0.30658037  1.38064034 -0.08062671] 
172 [-0.19054865  0.12184966  0.63198674 -0.04521404  0.51913692  1.26494438] [ 1.03043749 -0.56722039  1.67311977  1.20609022 -0.15121487  0.04759956] [0.21386663 0.51189516 0.6216791  0.8615909  0.36264693 0.25528215] [2.62391754 1.27649923 0.14710563 1.58157266 0.08912987 0.04828655] [-0.30723827 -0.0795927   0.19545458  1.57885714  0.5304478   0.50505886] [ 2.12501191  0.52139924 -0.28513409  1.74966413 -0.29381554 -0.16030215] 
173 [-0.17043931 -0.33291537 -0.4273926   1.65714523  0.70059759  1.62333286] [ 0.59333602  0.28872591  0.20089466 -0.28137998  0.1455     -0.22982737] [-0.17149569 -0.33702022 -0.54900522  1.6540942   0.60929965  1.66397655] [ 0.60627641  0.35907869  0.23543118 -0.30370668  0.11196588 -0.2156159 ] [ 0.00886454 -0.16549763 -0.43048754  1.42462114  0.64166258  1.64385063] [ 2.19919362  0.61217642  0.33263324 -0.26479321  0.14595768 -0.30689756] 
174 [ 0.25387347  0.59377592 -0.14272951  0.02882673 -0.03169548 -0.66890049] [ 1.00032443  0.47788953  0.66813285  0.32406964  0.24661781 -0.12613152] [ 0.2360359   0.57578926 -0.1861721   0.01927647 -0.06872881  0.01719702] [ 1.08965237  0.41124917  0.64116129  0.56155489  0.49729847 -0.41213089] [-2.18216971 -1.07574784 -2.60864345  0.26903326 -1.11598375  0.17454516] [ 4.13306695  1.38120018  2.964491    0.08515018  2.8756164  -1.35145747] 
175 [0.96218117 0.48418517 0.73784269 0.6691116  0.03536029 0.77920597] [1.08975412 0.86230892 0.22352346 0.94730493 1.53070693 0.53337428] [ 0.83926409  0.42461199  0.70195717  0.46463897 -0.03942934  0.56140557] [ 1.55133614  1.60975939  0.44181609  1.87876038  0.95194825 -0.1942738 ] [ 1.55045545  0.39252876  0.66220643  0.8781862  -0.49748419  0.74119487] [ 1.51499417  0.61664642  0.06497391  0.22619832  1.41809032 -0.05918895] 
176 [ 1.22623853  0.65133662  1.05442805 -0.35587201  1.2827833   0.44213249] [-0.01346185  0.49999536  1.81848665 -0.52481968  0.29846623  0.00265113] [ 1.28598977  0.68834098  0.80491715 -0.62583751  1.57768136  0.1035304 ] [ 5.55420721e-04  9.15416894e-01  1.61908311e+00 -5.87147297e-01
 -4.98046601e-01  8.49312418e-01] [ 1.43364025  0.53727607  0.79594778 -0.58708013  1.57083107  0.10341364] [ 0.01743151  0.88955922  1.63105771 -0.61253895 -0.52391939  0.87594317] 
177 [0.90979193 0.20176129 0.55942729 1.02975753 0.65903    0.78680935] [0.25918574 0.50195744 0.75490786 0.51877642 0.68112404 0.02467674] [0.93972939 0.1520561  0.58334762 1.0325454  0.70494907 0.88264356] [0.29506961 0.47740526 0.79340097 0.5001641  0.69190328 0.0951331 ] [0.94866915 0.12769806 0.5841546  1.01224735 0.71174478 0.98068057] [0.3068838  0.46782565 0.83272248 0.45015268 0.67088316 0.21118293] 
178 [-0.32257971 -0.21992254 -0.37707306  0.67309837  0.20780137  1.35125309] [ 2.26423342  0.25477017 -0.10882059 -0.404851    0.05718396  1.68103211] [0.42837456 0.43688943 0.13795487 1.30362464 1.12506549 0.18092267] [-0.09160109  1.54932128  0.03111188  0.47214972  0.05119595  0.21209818] [ 0.22398661  0.68125923 -0.12520946  1.36964777  1.74404159 -0.31412911] [ 1.08141173  1.73287773  0.01032621  0.09487478 -1.49063079  1.37828737] 
179 [ 0.24111787  0.31535415  0.27579852 -0.03036055 -0.05054107 -0.00864898] [ 1.12781904 -0.13612239  0.33464758  0.44378218  0.45261076  0.5590204 ] [ 0.24017539  0.72194503  0.31178388  0.03098615 -0.07823323 -0.29610632] [1.06362321 0.24620925 0.55027509 0.67015256 0.20917912 0.05607868] [ 0.2441987   0.74009992  0.4425212  -0.02041537 -0.02851083 -0.03968662] [ 1.06108457  0.26359247  0.61389552  0.82558759 -0.02989056 -0.00899124] 
180 [0.24042434 0.41224981 0.22407639 0.17361685 0.35974152 0.58984612] [ 1.05236112 -0.08120664  1.93841296 -0.14107847  0.2284223   0.09959538] [ 2.26474478  2.67739338 -0.87694481 -0.47190669 -0.54538181  0.43768743] [ 2.08353854  1.33160713  3.14003208 -0.02219021 -1.75933294 -0.14894115] [ 1.24177527  1.3775977   0.29974523 -0.61737605 -0.11568911 -0.56372431] [ 1.61544003  2.93630676  1.59995229  0.5208417  -1.08431481  0.19967722] 
181 [0.4002112  0.86095809 0.63226869 0.56554519 0.47578581 0.70625742] [ 0.74885145  1.49994663  0.73204816  0.10921292 -0.05091189 -0.32909976] [0.39885304 0.86977537 0.59804876 0.55395748 0.53110001 0.64107983] [ 0.71034876  1.5020743   0.7045199   0.11171124 -0.01722891 -0.34790986] [0.4058524  0.88765862 0.57554958 0.54157671 0.53589426 0.63892801] [ 0.69528663  1.47785345  0.72130625  0.11448913 -0.03287045 -0.33758685] 
182 [ 0.33491253 -0.08970209  0.61282777 -0.57810792  0.1903435   0.28032   ] [ 0.35788326  0.51965092  0.14521496  0.32891645  1.44787498 -0.17878464] [ 0.32740134 -0.08743768  0.69665498 -0.68288515  0.15765709  0.41207571] [ 0.34191831  0.50499558  0.05399337  0.31236466  1.44470189 -0.18824789] [-0.06929577 -0.31458085  0.7480363  -0.0614907  -0.07958643  0.6334003 ] [ 0.52005133  0.16551766 -0.85681066  1.06631055 -0.54694805 -0.18073067] 
183 [ 1.50671146 -0.19683201  0.11451558  0.40563449  1.08922002  0.84903471] [ 1.08714687 -0.05467404  0.39846662  0.66146694 -0.11005151  1.62807981] [ 0.638991   -0.71122582  0.61510985  1.03340336  0.84403734  0.50651104] [1.59863735 1.10608759 0.01687896 1.42604287 0.32041891 0.19974457] [ 1.72876673  0.11447133  0.15847584 -0.41780804  0.93059323  1.58402477] [1.40308954 0.84856189 1.21363425 0.03035029 0.19898712 1.44608847] 
184 [ 0.23638117  0.44343132 -0.22401222  1.6640354   0.84316312  0.63437042] [-0.61514544  1.33289213  1.72396915 -0.14957074  0.1307314   0.1613711 ] [ 0.1418534   0.91972452 -0.1172177   1.66526114  0.49200174  0.51276713] [-0.58840765  1.65243203  1.44430349  0.44843779  0.27131437  0.16312422] [ 0.20020424  0.64403277 -0.16029638  1.43543584  0.7127157   0.48427213] [-0.55163077  1.55616024  1.6772633  -0.045522    0.33547979  0.19011308] 
185 [0.2655346  2.05561217 0.42823118 0.45386415 0.62242317 0.57999335] [-0.3888087   0.32095904  0.49326827  0.32676568  0.21078765  0.15354998] [0.26972236 2.05317426 0.42762888 0.45107892 0.62292361 0.57647988] [-0.38816049  0.30923657  0.50594659  0.33657305  0.21157197  0.16405604] [-0.22837134  2.24389589  0.68227098 -0.30868413  0.22036861  0.67527579] [-0.53816882  0.48023877 -0.2558591   1.94154062 -0.22887548 -0.22041399] 
186 [ 0.18599234  0.47794645 -0.09693081  1.35137363  0.16808459 -0.13611818] [-0.54583435  0.75963127  0.55872326 -0.20179715  0.18818144  1.62965984] [ 0.20218832  0.47245577 -0.06955845  1.35727717  0.20409597  0.43523212] [-0.55684997 -0.58649418  1.81067059 -0.15541127  0.2232711   1.37094592] [ 0.21134692 -0.08730078  0.68290048  1.2697595   0.19132702  0.39456156] [ 2.12961596  0.3979302   1.33741821 -0.16155907  0.21510128  1.43541116] 
187 [ 0.82004028  0.17576707  0.80843818 -0.40959221  0.01062903  0.57417369] [ 1.59234106 -0.03857593  0.8197599  -0.74924201  0.41809092  0.17252008] [ 0.86593466  0.0236111   0.89215816 -0.39212273  0.01379321  0.56649948] [ 1.62525247 -0.05509868  0.82860991 -0.34194727 -0.03982036  0.17497637] [ 0.85819871  0.07688065  0.88213901 -0.36908049  0.0810191   0.50469875] [ 1.65327835 -0.10550076  0.83524729 -0.54245787  0.22847733  0.16495088] 
188 [ 1.48478351  0.44730809 -0.12055825  0.16185958  0.08789527  0.33498475] [-0.07054949  1.27681158 -0.69039955  0.27971088  0.26770156  1.38201376] [1.03941763 0.79541747 0.3693426  0.63257368 0.24374389 0.10581594] [0.7994426  0.76638957 0.57192449 0.23066414 1.09226849 1.02171134] [1.10290861e+00 8.39136848e-01 3.79625197e-01 5.53700056e-01
 4.24141668e-01 7.27504895e-05] [0.83088226 0.78143484 0.64272232 0.47242072 0.84141842 1.06057605] 
189 [-0.22876529  0.61182812  0.63226563  0.45139016  1.40395651  0.52000593] [ 0.29300147  1.27547548  0.17301291  1.47270077  0.00515196 -0.02937394] [ 0.16354723  0.26920892 -0.21186168  0.42810726  1.27815189  1.05526188] [ 1.31877843  1.94031701 -0.85023933  1.38354402  0.043721   -0.23399541] [-0.26431172  0.10265137 -0.50548702  0.06073829  1.11241857  2.31528933] [ 2.74119398  4.15696724 -0.73345153  1.05942579 -0.26952008 -0.3062394 ] 
190 [0.84335315 0.35581097 0.67036418 0.67426767 0.50522236 1.06348096] [ 0.9075092   0.21934875  0.53252506 -0.22962652  0.95259777  0.80759237] [0.86406478 0.35918732 0.59619884 0.87750239 0.50264906 0.95199857] [ 0.87077347  0.26470019  0.45421461 -0.21182234  0.91055899  0.8091956 ] [ 0.87574558  0.81024135  0.17085713  1.09959244 -0.01357624  0.88180103] [ 7.70989995e-04 -3.51533869e-01  7.43251970e-01 -9.89514792e-01
  8.91131754e-01  1.24696870e+00] 
191 [0.24029729 0.41684966 1.22996217 0.00319402 0.37183236 0.51376021] [ 0.98091835  0.21419536  0.55116417 -0.26423802  1.26541048 -0.24928035] [0.22961258 0.64815958 1.14171359 0.02914982 0.12661166 0.72437303] [ 0.95068248  0.11377054  0.75978621 -0.4435236   1.32000199 -0.15058039] [-0.19884316  0.5317508   1.10349067 -0.09603304  0.08737023  1.08346171] [-1.12927156 -0.0210137   0.44134817  0.36633186  0.97748346 -0.1594615 ] 
192 [ 0.22013756  0.63236004  1.25479371  0.3269712  -0.2200887   0.60064938] [ 0.98577772  0.19097524  0.4701271   0.0574     -0.4675824   1.69903868] [ 0.2332036   0.63784686  1.23743951  0.17516397 -0.08670851  0.66947165] [ 1.02759203  0.20439594  0.47348674  0.07516616 -0.51395043  1.69769549] [ 0.41667388  1.79375999  2.64630908 -3.34768233 -2.79817133 -1.76871276] [ 0.04091179 -1.09648889 -0.11489603 -0.18042287 -0.08818691  0.22989326] 
193 [0.19591704 0.07804731 0.34541888 1.48852556 0.79289063 0.56993653] [ 0.97682913  0.05873936  1.45024646  0.11084653 -0.29507903 -0.17525934] [0.19119971 0.08178686 0.34463359 1.44936683 0.81211896 0.56595897] [ 1.03422782 -0.02788159  1.50782099  0.12646449 -0.26682611 -0.17692604] [ 0.29373551 -0.11267338  0.53876106  1.37400937  0.86849292  0.58598739] [ 0.53780252  0.47024054  1.55718324  0.0983759  -0.22348018 -0.15252078] 
194 [ 0.9441707   0.93850097  0.11923584  1.4013851  -0.30054185  0.14063556] [ 0.01905524  0.52543746  0.71435207 -0.22814772  0.29978189  1.41881186] [ 0.41763834  0.82301998  0.79519267 -0.31505347  0.57485409 -0.33109152] [-0.03025378 -0.04634718  0.35445122  0.51248187  0.1502833   1.27784877] [0.22810684 1.02793564 1.08571942 0.57973801 0.5015147  0.59375059] [ 0.36949178  0.00674723  0.74071944 -0.31104517  0.22318533  1.41344237] 
195 [ 0.26538355  0.88552899 -0.07653606  0.08995789  1.24902796  0.55495512] [0.19471597 0.73718798 0.39583305 0.44302263 0.65977931 0.24827227] [ 0.25259986  1.2399871   0.05018627 -0.01447321  1.60613828  0.63269917] [ 1.13057197  0.81163079  0.16200545  0.30891525  0.11302037 -0.22097665] [ 0.25756943  1.1846309   0.06992321 -0.04121877  1.14482795  0.47761486] [ 1.1108245   1.40146615 -0.03391772  0.05461855  0.06321003  0.16656981] 
196 [0.15882355 0.67965995 0.39940585 0.15924843 0.53713157 0.76789193] [-0.08544643  0.55867653  0.07034292  0.67493636  0.38029957  0.54442337] [ 0.2964033   1.22192613  0.83494617 -0.06631693  0.52269953  0.45571451] [-0.42014709  0.03001265  0.04805267  0.19838044  0.35634667  0.19853838] [ 0.28682362  1.13452507  0.99441286 -0.09897321  0.5026703   0.44323192] [-0.40382049  0.02514537 -0.00239921  0.24803775  0.35050248  0.18770028] 
197 [0.15034129 0.97584499 0.45056915 0.60960352 0.76664626 0.95391002] [-0.01296469  0.01099515  0.16035912  0.33344368 -0.10294108  1.33593635] [0.88579481 0.81176053 0.67672089 0.94095295 1.00136836 0.28229107] [ 1.55441917 -0.16218316 -0.28071078  1.58255802 -0.33319854  1.2612525 ] [1.026252   0.72064233 0.58719498 0.84623016 0.49458478 0.35528083] [0.57745486 0.45362967 0.36068654 0.54549582 0.25589604 0.71132973] 
198 [0.13845726 0.31043238 1.76341842 0.24362203 0.61616536 0.51802998] [ 0.96193068  0.89701198  0.27359269  1.19366279 -0.29048006 -0.17791668] [0.13597403 0.32181675 1.68836541 0.33218876 0.5562256  0.49760211] [ 0.96837222  0.94758584  0.21396242  1.20244543 -0.31428481 -0.17065849] [ 0.21539779  1.7143139   0.16199895 -0.04511745 -0.4694164   0.92901434] [ 1.39735084  1.11162762 -1.07468272  0.41299352  0.16635239 -0.15047973] 
199 [0.3245207  0.84426151 0.11389851 0.59574926 0.43559493 0.50717185] [0.43272576 0.95965142 0.73779935 0.2903951  1.23038648 0.88611392] [-0.2268374   1.31452248 -0.0241011  -0.10113337  0.22037818 -0.15425774] [0.5226797  0.34613815 0.76791014 0.04757092 0.70977236 1.33729982] [0.25027745 1.66010414 0.24775437 0.11644792 0.58960185 0.0261716 ] [ 0.96931788  0.20342978  1.35041141 -0.04335723  1.44126187  1.41631798] 
