0 [0.407272   0.1927595  0.73169794 0.03444375 0.76165335 0.42990797] [0.54637805 0.31102005 0.83775477 0.70589184 0.23218049 0.3758103 ] 
1 [ 0.51773192  0.23037491 -0.0690368   0.04355703  0.94085388  0.64467286] [-0.02545937  0.98269333  0.1294314   0.51198292  1.16675977  0.06896418] 
2 [0.82402579 0.83141684 0.26700829 0.13278322 0.37990922 0.03939668] [0.76247191 0.03403199 0.3555198  0.31061904 0.36512419 0.25794315] 
3 [0.29249081 0.8647364  0.46792112 0.03040083 0.68723562 0.29453049] [0.50611181 0.9013971  0.79874858 0.13504449 0.06765984 0.58271198] 
4 [0.73744428 0.65583071 0.14980756 0.19844035 0.93034348 0.04166616] [0.9683172  0.09762353 0.7332157  0.36441559 0.03659396 0.18924717] 
5 [0.36941648 0.90928254 0.69070931 0.94083758 0.58005944 0.23833207] [0.16362779 0.6307233  0.39169706 0.72780493 0.37936555 0.04711159] 
6 [0.75072753 0.6697248  0.2520624  0.18934395 0.69068751 0.11454704] [ 0.11157225 -0.02828286  0.24749793  0.24034038  0.39123866  1.0753817 ] 
7 [0.62271143 0.40614238 0.90041821 0.95067353 0.95185521 0.76412787] [0.44001794 0.35096337 0.04123852 0.5225089  0.8831814  0.65663398] 
8 [0.14530868 0.06711633 0.40874899 0.05092253 0.89654081 0.30123833] [0.59307962 0.27781499 0.14385339 0.17060029 0.19974284 0.80949454] 
9 [-0.00175945  0.41813223  0.91899471 -0.06966344  0.27442107  0.91480201] [0.11878109 0.17580424 0.90650691 0.50302926 0.32960469 0.43204162] 
10 [0.96629511 0.73314351 0.53466555 0.59938117 0.43483574 0.40074664] [0.64441481 0.18291162 0.72002168 0.29506169 0.21169314 0.64354448] 
11 [1.18175792 0.90759997 0.61907261 0.47530319 0.0941562  0.64667794] [ 1.29198063 -0.05489505  0.00565681  0.89728863  0.60672605  0.54602131] 
12 [0.75509368 0.61249363 0.38843605 1.12732572 0.34804013 0.08896717] [ 0.0694148   0.05383424  0.42526882 -0.12207789  0.91585281  0.84323618] 
13 [0.3820747  0.908698   0.08132036 0.36487026 0.70908005 0.5282937 ] [0.66865369 0.57931723 0.73162359 0.87802879 0.16690878 0.03059409] 
14 [0.22813667 0.20092046 0.49363323 0.38170806 0.49759796 1.15259019] [0.28763459 0.35334796 0.2806548  0.1811804  0.97448812 0.17005951] 
15 [0.93304866 0.04684063 0.97154394 0.41823028 0.75136223 0.34805933] [-0.09630324  0.11017583  0.40598748  0.85490481 -0.06718391  0.35276401] 
16 [0.41217629 0.87498148 0.84033467 0.71022795 0.99525656 0.79190342] [0.12771035 0.9230305  0.16263124 0.62886001 0.58337097 0.52788643] 
17 [0.06203261 0.99738913 0.07659098 0.66871154 0.18256082 0.97485534] [-0.08265076  0.11956318 -0.1030229   0.05583837  0.95430545  0.92779916] 
18 [ 0.88624565 -0.0186      0.85766714  0.9932427   0.49175362  0.08830763] [1.00987123 0.55847205 0.98247388 0.09368422 0.28927679 0.858016  ] 
19 [0.50089205 1.06185879 0.08321235 0.45710302 0.96532435 0.57961464] [0.3564304  0.5870858  0.17223852 0.15003262 0.66291856 0.60147887] 
20 [0.89585187 0.69050641 0.66844031 0.36904549 0.06864801 0.76610478] [0.66521041 0.15539443 0.73525068 0.41880767 0.72735143 0.4695274 ] 
21 [-0.00959865 -0.05515263  0.43111291  0.75538791  0.97988653  0.4209074 ] [-0.10131005  0.11528419  0.82920092  0.85966385  0.86346113  0.68214229] 
22 [0.45806351 0.39981753 0.52376402 0.9162452  0.61771741 0.23172657] [0.2567732  0.95452543 0.84277086 0.35765202 0.17167444 0.12510044] 
23 [ 0.26306192  0.52063442  0.12999211 -0.03079965  0.0498917   0.61712136] [ 1.0815363  -0.01225837  0.43557907  0.8949512   0.46075024  0.1721541 ] 
24 [0.70208719 0.19278798 0.56513466 0.66808225 0.08777317 0.84680521] [0.3040222  0.33155825 0.60628301 0.42255347 0.76152892 0.99383013] 
25 [-0.15766245 -0.16085182  0.60054415  0.6840061   0.50422224  0.21848072] [-0.14226214  0.86009894  0.2695993   0.831935    0.84760111  0.7850118 ] 
26 [0.46530778 0.54906417 0.68964965 0.96401511 0.4129794  0.93868062] [0.50426032 0.7573381  0.20562618 0.72546547 0.61043867 0.42797847] 
27 [0.06246051 0.03862551 0.22533464 0.65672023 0.06204552 0.14872826] [0.3472855  0.48480395 0.80022896 0.48443299 0.24728038 0.23056564] 
28 [0.16111668 0.73829107 0.78316084 0.93582024 0.29833064 0.82778462] [ 0.70385242 -0.04298858  0.09639189  0.6826404   0.20896584  0.21050759] 
29 [0.86753676 0.93185826 0.63347017 0.72134758 0.71986779 0.90357437] [0.15745557 0.70050712 0.52277018 0.78962725 0.98198267 0.6723257 ] 
30 [ 0.23521523  0.32224942  0.93274926 -0.03761034  0.47240666  0.69050417] [0.59649051 0.42925733 0.49632715 0.63078748 0.076533   0.27232064] 
31 [ 0.18317498  0.33377731  0.31228227  0.79899853 -0.18834086  0.66245824] [0.82642114 0.44501953 0.24786879 0.60306544 1.25821557 0.25607467] 
32 [0.97435937 0.82352472 0.13139175 0.44191555 0.30528074 0.60449428] [0.14149601 0.8720928  0.67086372 0.89940312 0.32809541 0.810033  ] 
33 [0.26725516 0.66879644 0.01100604 0.07285006 0.65469359 0.37311768] [ 1.08187298  0.33560052  0.93181722  0.52196365  0.16473739 -0.01339398] 
34 [1.06887336 0.96289712 0.93298132 0.24135524 0.93646285 0.82681524] [0.59860203 0.21256991 0.3369213  0.0599787  0.24741964 0.84622233] 
35 [0.88908593 0.36739631 0.52704376 0.92775951 0.37710865 0.51701278] [ 8.28755173e-01  7.55495671e-01 -1.15644843e-03  7.25945581e-01
 -5.89834957e-04  9.61333684e-01] 
36 [-0.24192195  0.84469259  0.31084608  0.32450883  0.0650554   0.84447407] [0.48866461 1.29372399 0.28868052 0.96074496 0.56026095 0.0101754 ] 
37 [-0.03062479  0.8269105   0.55209527  0.47110002  0.16985644  0.65109948] [0.6093729  0.38185599 0.64990645 0.18794104 0.21919439 0.49344139] 
38 [0.31387382 0.66232046 0.43934075 0.50138471 0.61431981 0.49165647] [0.16129424 0.49956947 0.96427888 0.49142953 0.77328427 0.34076356] 
39 [0.60584322 0.55783947 0.5987659  0.85517484 0.77716681 0.32322669] [0.16171988 0.3097637  0.13533753 0.97180378 0.71505897 0.16530425] 
40 [0.35117016 0.5639008  0.97659179 0.5424192  1.00776442 0.30011685] [0.04586158 0.02822071 0.73938092 0.16275669 0.35734143 1.13575188] 
41 [0.85189367 0.60389879 0.53469385 0.60786598 0.51366144 0.18597881] [1.03240041 0.35825495 0.36472428 0.14703978 0.29224052 0.8202825 ] 
42 [0.21702501 0.70048402 0.34904617 0.90016909 0.31573106 0.82884667] [ 0.93475463  0.74393664  1.14057545 -0.00739002  0.13457683  0.42874735] 
43 [0.52599941 0.16599633 0.21624943 0.82016984 0.20884143 0.80075799] [ 0.62919135  0.78722927  0.15098597  0.82278247 -0.00875266  0.79352477] 
44 [ 0.12692646  0.2075924  -0.08446681  0.82725731  0.01650393  0.93322535] [-0.22882582  0.97018817  0.23283611  0.88945734  0.83572632  0.0172596 ] 
45 [0.13879944 0.35519065 0.72905626 0.04775147 0.32276589 0.73171801] [-0.50228007  1.23359935  1.02346269  0.70405397  0.06277992 -0.04257836] 
46 [0.22311478 0.0014555  0.60856636 0.04053756 0.73798706 0.3152324 ] [0.71332101 0.70434669 0.37091829 0.52001967 0.90167509 0.56988199] 
47 [ 0.14410226  0.40892376  0.49018299  0.82379505  0.77426244 -0.01157077] [0.74869408 0.33873772 0.27097082 0.30497666 0.86856824 0.86174747] 
48 [0.68017655 0.20574271 0.23094085 0.45196281 0.83720549 0.46768354] [0.19007898 0.11778302 0.26047077 0.46657866 0.24223998 0.30066616] 
49 [0.63299184 0.20195125 0.62658881 0.20647682 0.94823357 0.33060601] [0.33236495 0.60532737 0.77919362 0.8883575  0.54292262 0.61030552] 
50 [ 0.23836014  0.87684698 -0.00185628  0.27330913 -0.07219804 -0.01219773] [1.03153847 0.16397272 0.27543862 0.27644029 0.33644032 0.59687927] 
51 [0.31488785 0.49170233 0.93316273 0.14557997 0.37498218 0.46075441] [ 0.47907403  0.19764302  0.75192183 -0.00501102 -0.08915996  0.11607134] 
52 [0.7809731  0.42879481 0.75206773 0.60289864 0.69112304 0.842882  ] [0.4979448  0.14268458 0.05840141 0.90004166 0.96180748 0.70318489] 
53 [0.86682864 0.1080121  0.64033001 0.40718202 0.70655047 0.83682503] [0.28064419 0.45248007 0.24094439 0.51683687 0.35930305 0.26460406] 
54 [ 0.25634113  0.01189967  0.64286769 -0.01306001  0.02959885  0.40065573] [0.94884707 0.12942339 0.4686367  0.94188355 0.34592917 0.14209684] 
55 [0.79629423 0.70742446 0.67181987 0.34625062 0.74599769 0.76438163] [0.88544395 0.30335496 0.99782606 0.39085212 0.52417679 0.94230925] 
56 [0.32238716 0.6326222  0.50272237 0.41353107 0.74806097 0.45665869] [0.85978289 0.26088847 0.75219533 0.71992747 0.57436954 1.08954333] 
57 [0.29394386 0.64167874 0.26019499 0.277239   0.01180103 0.21742833] [-0.34159968  0.91816617  0.75757942  0.69014905  0.47940518  0.19446744] 
58 [0.99413342 0.74781502 0.28798432 0.76214462 0.62909241 0.57015349] [0.52911433 0.80805834 0.14139497 0.38712592 0.12237553 0.84313954] 
59 [-0.07469117  0.08278369  0.22860861  0.37306691  0.35149352  0.04292591] [1.13116253 0.87959145 0.73172204 0.88408506 1.07897945 0.16038248] 
60 [0.48555227 0.41552758 0.04375118 0.24201632 0.91123382 0.08248305] [0.7777466  0.97387303 0.93047154 0.58309733 0.30364728 0.32843963] 
61 [ 0.58828452  0.68034393  0.83592341  0.75479881 -0.0565389   1.07753737] [0.12772274 0.04865501 0.8358836  0.50531719 0.82992179 0.35230769] 
62 [0.5211456  0.19682713 0.03926639 0.78261414 0.78261628 0.16647419] [0.19657458 0.09335466 0.43547995 0.98729332 0.81046791 0.99874665] 
63 [0.83010564 0.02217181 0.43603644 0.43577421 0.16373043 0.10328038] [ 0.72584624  0.92315343 -0.0211437   0.05362915  0.58347857  0.4232276 ] 
64 [0.56170924 0.7021951  1.01157478 0.25565636 0.55700914 0.01774525] [0.82336309 0.52406201 0.47465126 0.97123118 0.18772873 0.84434221] 
65 [0.24911429 0.66957832 0.02692418 0.1811102  0.5497628  0.54808077] [1.05581756 0.86405557 0.7985153  0.23298135 0.20143351 0.09074534] 
66 [0.79781594 0.82792154 0.5471196  0.4195082  0.3268026  0.4242345 ] [0.68227356 0.48607927 0.23356149 0.73578541 0.68290051 0.64141468] 
67 [0.32408063 0.81834719 0.1534884  0.78896002 0.26990491 0.91386946] [ 0.86844694  0.02203916  0.08673442  0.37284909  1.1470705  -0.10147217] 
68 [0.94087892 0.02219642 0.52344215 0.41598792 0.14559948 0.24201838] [ 0.858045    0.72337854 -0.02948013  0.18470197  0.75022782  0.24718724] 
69 [0.391703   0.16207194 0.46503013 0.28555267 0.64059837 0.1128547 ] [0.74686024 0.85239781 0.17932926 0.72802314 0.13816494 0.84489664] 
70 [0.22204546 0.16267282 0.86340154 0.04020405 0.07246849 0.53082684] [0.3741325  0.39043987 0.49319251 0.49499523 0.5011111  0.6791604 ] 
71 [ 0.2062123   0.34622781  1.01289939  0.55553571 -0.06031764  1.0208091 ] [0.72293421 0.64799941 0.52826159 0.44690988 0.95602485 0.18179431] 
72 [0.87164678 0.58676827 1.01413677 0.75620478 0.31658179 0.89474179] [ 0.44749475  0.86255329  0.25802308 -0.00823914  0.21427317  0.34878649] 
73 [0.72161888 0.26546088 0.70885455 0.88326469 0.63103255 0.88558419] [-0.01228408  0.14550335  0.3539667   0.28521623  0.16528301  0.42417186] 
74 [0.7439832  0.80352025 1.02265476 0.59480457 1.01972519 0.18709561] [ 0.51977502  0.80195067  0.18651811  0.05894335 -0.09684184  0.57164429] 
75 [0.16670917 0.18524414 0.53207165 0.09394923 0.81181666 0.85032165] [0.71737998 0.52553722 0.10226028 1.03585522 0.31711535 0.26953916] 
76 [0.88650198 1.04116628 0.70803413 0.68138312 0.28228563 0.40891825] [0.17826656 0.51264497 0.03803967 0.99061025 0.04470454 0.04916133] 
77 [0.4903742  0.99164242 0.26680383 0.28524953 0.58783857 0.85141282] [0.11401918 0.96889977 0.00753301 0.62942237 0.780703   1.1466644 ] 
78 [0.30765014 0.70268863 0.65445784 0.43382727 0.61352683 0.33172756] [0.7456608  1.04423857 0.3947074  0.86116316 0.04066431 1.18055817] 
79 [0.97297426 0.49221188 0.23623022 0.17225676 0.39113138 0.81475009] [0.65872686 0.94535252 0.78136346 0.22765338 0.9064905  0.02737287] 
80 [ 0.31798942 -0.07910355  0.28933997  0.43363058  0.51555075  0.64920533] [ 0.34050777  0.64262028  0.0261528   0.33298344  1.31835559 -0.14594671] 
81 [0.14912255 0.27636173 0.52844164 0.10746655 0.81483396 0.41959764] [0.72687523 0.83778059 1.09367505 0.20851472 0.06010158 0.31176936] 
82 [0.75032322 0.22240402 0.1138204  0.91815383 0.93231211 0.667592  ] [0.71240619 0.55686868 0.39236784 0.90518432 0.91830063 0.89566482] 
83 [ 0.64577205  0.33460428  0.77828153 -0.00239683  0.67510576  0.73870771] [0.77194756 0.58192713 0.58629538 0.83718346 0.79016515 0.43050371] 
84 [0.70207451 0.19579995 0.20483104 0.72109193 0.83195288 0.66185102] [0.20211134 0.35876178 0.10104264 0.22855912 0.11617919 0.44691988] 
85 [0.48048831 0.6389863  0.50953084 0.9259848  0.3521982  0.01479795] [0.43698459 0.19271798 0.14153381 0.46843952 0.87469557 0.62323522] 
86 [0.9647239  0.58484931 0.76162346 0.80442279 0.7200725  0.93509112] [0.93532905 0.7612022  0.67775248 0.00305673 0.10414681 0.52310831] 
87 [0.29185524 0.7260501  0.36514784 0.54374835 0.49812715 0.35072332] [0.90012224 0.86222521 0.23516358 0.53173124 0.43619324 0.27914324] 
88 [0.19148363 0.14500728 0.12340609 1.06743449 0.45776218 0.88410589] [0.75873526 0.01113008 0.48486255 0.43561357 0.55592457 0.87964468] 
89 [0.93276465 0.95287581 0.78075408 0.01846791 0.90252155 0.69540791] [0.04379263 0.86159395 0.71504474 0.58143426 0.49048478 0.38293701] 
90 [0.18237069 0.05491292 0.02445057 0.73666835 0.20257855 0.52691363] [ 0.20677638 -0.01908837  0.78716664  0.78911286  0.14882132  0.34527148] 
91 [0.67958673 0.18004153 0.31279335 0.25493337 0.2745643  0.75429337] [0.64721159 0.28102568 0.40029703 0.50620651 0.68216926 0.54861843] 
92 [ 1.00463596 -0.02146806  0.13628993  0.72339459  0.83042438  0.85399726] [ 0.47264468  0.78967264  0.36779149  0.57524084 -0.06507424  0.99196265] 
93 [ 0.89731251  0.42793087  0.69870143  0.90830393  0.16849898 -0.0087761 ] [0.87482338 0.12528843 0.81332877 0.86999317 0.65242682 0.42430439] 
94 [ 0.19275794 -0.02062005  0.26641907  0.53702314  0.90548953  0.07581818] [0.68572769 0.27366654 0.05905949 0.15330763 1.0531549  0.71168222] 
95 [0.22639425 0.54898404 0.09989012 0.87613454 0.2329329  0.82759629] [ 0.89247098  0.0315169   0.11808728  0.15026695 -0.06768943  0.53947957] 
96 [ 0.21480707  0.3316003   0.99885135  0.30833174 -0.07353244  0.88854762] [ 0.7425012   0.59446541  0.57427239  0.88081773  0.36817219 -0.16282024] 
97 [0.48494317 0.9838753  0.26005425 0.06520811 0.16444421 0.11437598] [0.41976459 0.82948393 0.02220955 0.51347585 0.38418018 0.0376496 ] 
98 [0.24824367 0.26277731 0.37746516 0.82661764 0.86744551 0.94471351] [0.98988478 0.07813653 0.18563252 0.22146535 1.55261978 0.27635156] 
99 [0.67560731 0.66219822 0.98143212 0.55838685 0.53485598 0.70033593] [0.98112049 0.79286374 0.56432786 0.40307655 0.00098163 0.32593338] 
100 [0.37455225 0.44063545 0.4879403  0.20598411 0.33332794 0.90444491] [-0.04957402  0.63800835  0.48605039  0.27841705  0.28103257  0.13531659] 
101 [0.68383882 0.68864198 0.89296844 0.61104588 0.59466829 0.91305019] [0.51132386 0.96537017 0.84110683 0.80700651 0.58464966 0.47412045] 
102 [0.76048774 0.30989822 0.42014894 0.47427975 0.91131723 0.08562257] [ 0.0122202  -0.04967301  0.09332405  1.01066441  0.78005939  0.19089347] 
103 [0.17519828 0.62352186 0.56416217 0.51064875 0.49490677 0.40234803] [ 9.00454006e-01  3.04715574e-01 -7.38687984e-04 -1.97010513e-02
  8.75290535e-02  5.58880420e-01] 
104 [0.96659744 0.90587517 0.13191625 0.78629135 0.21041926 0.33224475] [0.92184867 0.69204457 0.06780058 0.4484711  0.56587654 0.76084873] 
105 [ 0.23028578 -0.03362404 -0.2018743   0.55951003  0.51724735  0.28182306] [0.80179881 0.57683598 0.83753585 1.12473005 0.34758878 1.30614382] 
106 [0.3042354  0.78926048 0.54860228 0.63780062 0.79690195 0.76713143] [0.57402819 0.18209812 0.94434381 0.85154514 0.98823641 0.91673365] 
107 [0.39604038 0.26683901 0.75914852 0.84382527 0.92222795 0.22701496] [0.87401277 0.07919909 0.74207766 0.84057818 0.23457273 0.38898942] 
108 [0.41776822 0.38314289 0.09508736 0.2737348  0.69815765 0.95784207] [0.19788362 0.77675725 0.50505172 0.51371526 0.72444947 0.42072943] 
109 [-0.2577514   0.87700057  0.04505391 -0.0483307   0.1539914  -0.04367932] [0.49745548 0.2014808  0.08170553 0.94606531 0.96630926 0.85591299] 
110 [0.23663448 0.5608767  1.10137999 0.95478716 0.07796889 0.81957809] [0.87975146 0.24151635 0.24490131 0.60337685 1.11061552 0.05721802] 
111 [0.82102424 0.75039439 0.10875244 0.83015817 0.61060017 0.07268938] [0.06554826 0.82656614 0.87113121 0.2312914  0.57163852 0.81697925] 
112 [0.1238139  1.07005318 0.65052857 0.722038   0.10125123 0.11266787] [ 1.40722    -0.0147163   0.37218212  0.55125748  0.90955371  0.18311624] 
113 [0.64681637 0.61174619 0.17505597 0.97438099 0.33977499 0.72303387] [0.16913982 0.34479509 0.68602389 0.23113065 0.30981702 0.23961348] 
114 [ 0.40471972  0.48576282  0.36059322  0.35841391  0.5084714  -0.11879364] [0.52051534 0.28259312 0.12207694 0.5526448  0.59347937 0.58623553] 
115 [0.415323   0.08994523 0.23651803 0.20392009 0.10080417 0.07101535] [0.06541092 0.54762447 0.38596852 0.46475145 0.17978579 0.71444259] 
116 [0.40270696 0.67870226 0.80565349 0.54105355 0.94646856 0.68985603] [ 0.47121017  0.25990233  0.8909666  -0.08925743  0.34865511 -0.1449883 ] 
117 [0.81526859 1.04000435 0.1676782  0.4908432  0.71773674 0.50004515] [ 0.01910141  0.72972559  1.03693847 -0.02227884  0.11953683  0.1761461 ] 
118 [ 0.43715946  0.62446694  0.0552144  -0.05982527  0.94717547  0.38056723] [ 0.11527882  0.68648177  0.2315482   0.60824965 -0.13702365  0.42473043] 
119 [0.35727118 0.05806191 0.38771815 0.96934559 0.67369892 0.03489584] [0.52341688 0.04325384 0.56442117 0.01624781 0.85973211 0.66935405] 
120 [ 0.42580625 -0.12572564  0.685177    0.35452567  0.12001104 -0.00432945] [0.41006953 0.74662957 0.08136013 0.23295471 1.0646112  0.2135911 ] 
121 [ 0.43747405  0.75226901  0.1244042   0.87343141 -0.10937332  0.43293995] [0.46621263 0.28296825 0.14142688 0.59527833 0.87859284 0.48735735] 
122 [0.13282463 0.31553987 0.38456039 0.68166421 0.66272644 0.58455147] [ 0.72609594  0.57929588  0.13682886  1.1446702  -0.00874164  0.26118286] 
123 [0.27549439 0.67465411 0.09843256 0.09874235 0.56879461 0.89798169] [0.3771649  0.17668807 0.7666881  0.89083714 1.0862313  1.2601422 ] 
124 [0.04626541 0.27120961 0.79444088 0.64250192 0.3462963  0.77973484] [0.95072043 0.55237857 0.85835375 0.03472722 0.71501397 0.86264969] 
125 [ 0.61033501  0.88120462 -0.02370429  0.38603129  0.82092963  0.10115468] [ 0.1824872   0.32851878 -0.14952185  0.13788554  0.56336163  1.05391477] 
126 [0.87365985 0.04891287 0.17156475 0.80636845 0.62108621 0.26617422] [0.3501731  0.08999861 0.36142551 0.65312843 0.62470633 0.26532168] 
127 [0.46897996 0.80706123 0.65633123 0.46707477 0.58990207 0.01227561] [0.17727402 0.09600962 0.17024855 0.36576871 1.03918651 0.31747167] 
128 [0.25498612 0.71263987 0.23643789 0.84890578 0.57859052 0.15613591] [0.89992407 0.79442731 0.28759065 0.34186126 0.06395836 0.1868024 ] 
129 [0.37634726 0.48298769 0.28183301 0.95907152 0.28071067 0.88974272] [0.73686399 0.34987161 0.2719583  0.37395156 0.67117752 0.62172368] 
130 [0.24124689 0.42435994 0.03181466 0.41069167 0.14595938 0.97648   ] [0.03616783 0.6076197  0.945861   0.7089324  0.00444848 0.22735934] 
131 [0.22244882 0.74098619 0.83634177 0.81705268 0.30262246 0.57973215] [0.78516365 0.01877204 0.11073082 1.21347041 0.47142187 0.22343477] 
132 [0.48078531 0.2803512  0.56192285 0.04959724 0.2868344  0.5862654 ] [-0.03516678  0.055603    0.41301966  0.19095636  0.29089261  0.80641969] 
133 [0.37817099 0.69435158 0.95676759 0.15274512 0.03236594 0.60274881] [0.0807077  0.87218522 0.05617464 0.378015   0.32658328 0.40506701] 
134 [ 0.66169447  1.0929054   0.14150056 -0.00646012  0.5436114   0.62617136] [-0.0144895   0.64963164  0.71328736  0.89750898  0.39784862  0.33051272] 
135 [0.4068559  0.12884726 0.68177102 0.84049771 0.39219895 0.91232372] [0.6492592  0.41806637 0.39194973 0.81813321 0.76838214 0.83583959] 
136 [1.04259374 0.32420751 0.43040171 0.5061684  0.21929042 0.7688597 ] [ 0.02941739 -0.04880515  0.25748477  0.47737927  0.37606112  0.18552435] 
137 [0.01977397 0.19729039 0.33774608 0.70305024 1.02016739 0.6825078 ] [0.30677544 0.78657106 0.1055291  0.11042416 0.31932866 1.02309665] 
138 [1.03558749 0.60783789 0.31232586 0.28256985 0.39103416 0.45814714] [0.53628225 0.55903178 0.48516247 0.65634855 0.25982513 0.67255358] 
139 [0.97042026 0.95175674 0.73559477 0.19546648 0.04565769 0.75191514] [0.85436131 0.6991414  0.01142716 0.19204075 0.47424218 0.48151539] 
140 [0.88131954 0.38123624 0.87126933 0.4366715  0.12534282 0.34489372] [0.3147429  0.77649249 0.92912953 0.97490105 0.28169411 0.90086114] 
141 [ 0.38308305  0.73064754  0.22579698  0.70044507  0.32546778 -0.06262884] [0.40660569 0.00827233 0.03007281 0.90536781 0.30242742 0.8766266 ] 
142 [0.33596587 0.99837658 1.02128035 0.11843152 0.4593694  0.43880648] [ 0.93384313  0.30461961 -0.00974994  0.07845615  0.66885692  0.88870731] 
143 [0.28203793 0.30728253 0.81977835 0.83910107 0.67428713 0.3555674 ] [0.81062172 0.38682238 0.43229394 0.94726453 0.75208265 0.17601539] 
144 [0.37276514 0.36790722 0.99336937 0.27858216 0.80838881 0.80438856] [0.68189213 0.18991175 0.91546784 0.77756898 0.13323653 0.72563185] 
145 [0.50986367 0.20947268 0.4716007  0.46072132 0.65756052 0.15505146] [0.36725784 0.31137647 0.95401953 0.96897282 0.04075576 0.53175475] 
146 [ 0.2650635   0.32693415  0.36436182  0.25898463 -0.07450044 -0.095258  ] [0.60353722 0.52000662 0.69762219 0.61314173 0.4919558  0.16649918] 
147 [0.19157279 0.5665055  0.91082054 0.51912315 0.54054725 0.09614671] [ 0.82784952  0.11378235  0.11627117 -0.00774003  0.47100476  0.13968843] 
148 [0.95996772 0.30302575 0.07524676 0.29428941 0.44914722 0.07940557] [0.88837639 0.49705578 0.87673453 0.2744929  0.97027922 0.65557386] 
149 [ 0.24298087  0.07692125 -0.00663258  0.60346093  1.02135653  0.78573541] [0.35233205 0.5688248  0.87821811 0.63664129 0.74531771 0.2405356 ] 
150 [0.93685052 0.94247035 0.29085568 0.45077704 0.68474902 0.36387898] [0.66288337 0.83797547 0.19370648 0.84404027 0.91263486 0.94873707] 
151 [0.2412324  0.58008924 0.71150072 0.34985058 0.9320873  0.13707832] [ 0.96205443  0.94074435 -0.04602143  0.04289784  0.54165313  0.06966368] 
152 [0.85708732 0.69926381 0.80521196 0.54214373 0.80690096 0.19106408] [0.8350999  0.90127224 0.20226101 0.71713506 0.38843509 0.91813381] 
153 [0.67431385 0.6596928  0.23001867 0.99881735 0.06151511 0.3852187 ] [0.73729072 0.90927745 0.91890237 0.07433957 0.50856926 0.10162684] 
154 [0.14945494 0.24531565 0.50542844 0.20280317 0.62880636 0.92571137] [ 0.76239426  0.67561961 -0.11549749  1.12278432  0.35564117  0.27524202] 
155 [0.89029708 0.54344536 0.868407   0.51205435 0.82728559 0.41723485] [0.78579335 0.24478245 0.91253741 0.88085964 0.83982624 0.14331336] 
156 [0.36977234 0.45598098 0.45314625 0.33695155 0.27198504 0.05186795] [0.4433822  0.36074351 0.19430991 0.68551329 0.35345286 0.84763079] 
157 [0.30687933 0.42787357 0.22849779 0.85067251 0.0172417  0.01289825] [0.55237092 0.41424983 0.13187908 0.98071086 0.05685553 0.72485369] 
158 [1.00723455 0.38928446 0.33551665 0.69232912 0.17889682 0.39584945] [0.3416614  1.01218236 0.26041057 0.7134412  0.44267035 0.55342387] 
159 [0.26639015 0.29717894 0.71604085 0.51939329 0.48265708 0.43609543] [ 0.06865769  0.58200668  0.87550387  0.93876085 -0.0240856   0.52471245] 
160 [0.81247706 0.05772879 0.86987004 0.66487441 0.11559103 0.50763368] [0.49158504 0.4598719  0.70425921 0.70072619 0.24778379 0.10055045] 
161 [0.77426466 0.58951547 0.44964752 0.35607984 0.31052539 0.12234932] [ 0.32817131  0.95172737  0.06823654 -0.00200741 -0.06528494  0.66750372] 
162 [0.68256803 0.06852606 0.93671128 0.68234456 0.58717648 0.5688423 ] [0.37306586 0.26809523 0.35135864 0.59995037 1.05110948 0.6613718 ] 
163 [0.13584761 0.58627436 0.25231869 0.95611081 0.53019139 0.92157775] [0.82534903 0.64855848 0.1646077  0.80727423 0.41655235 0.09694234] 
164 [0.584753   0.61087253 0.10698889 0.26061648 0.68165838 0.45273953] [0.46952214 0.84966835 0.06445775 0.99635606 0.94513236 0.91749818] 
165 [0.89960013 0.45700378 0.29145991 0.69587376 0.58874669 0.44634646] [0.68544011 0.12511854 1.01899082 0.63233751 0.47260068 0.71780929] 
166 [0.16434436 0.19565428 0.18742094 0.53031944 0.75238665 0.78974565] [ 0.44285459  0.15918446  0.34781033  0.3353055   0.90615415 -0.03067781] 
167 [0.89150282 0.58440631 0.25519432 0.69914247 0.6300492  0.749047  ] [0.54891187 0.04810885 0.03402269 0.20654313 0.82949791 0.46528349] 
168 [ 0.83495235  0.73105257  0.52920301 -0.10501448  0.50845727 -0.03943093] [0.01762335 0.12975034 0.73593558 0.80424524 0.4954595  0.7522881 ] 
169 [0.85879358 0.39353115 0.38139496 0.72351182 0.73358237 0.06952697] [0.73692582 1.01962463 0.28789363 0.40161557 0.70225954 0.06012888] 
170 [ 0.23277642  0.64682536  0.71286289 -0.00320466  0.88191359  0.32104219] [1.03508691 0.31881751 0.87271682 0.59417373 0.03221433 0.12724507] 
171 [0.46851707 0.364263   0.44156451 0.37657844 0.1252029  0.14236544] [-0.12503208  0.12292316  1.38728762  0.84200065  0.87503734  0.31877408] 
172 [0.01777053 0.28210176 0.50332876 0.63798322 0.77369644 0.87149408] [0.50015269 0.7523104  0.79202251 0.69636053 0.00790936 0.64425466] 
173 [0.75504111 0.19053916 0.05617525 0.86785476 0.82100273 0.77822526] [0.44055508 0.64389042 0.66256135 0.26242183 0.56683947 0.48362621] 
174 [0.41537996 0.70056104 0.22052615 0.3877779  0.095848   0.01599691] [ 0.63859049 -0.00555641  0.89410263  0.62844611  0.54214064 -0.0674428 ] 
175 [0.85796618 0.36494161 0.92637481 0.69786936 0.2267561  0.81407295] [0.9122855  0.59159353 0.60347314 0.82078461 0.92097185 0.44978972] 
176 [0.8583246  0.61139046 0.86984153 0.33653729 0.7505193  0.49855498] [0.19465867 0.96588511 0.77703748 0.32804808 0.21610883 0.11411067] 
177 [0.93254849 0.17523725 0.64893949 0.88601522 0.80425255 0.62398033] [0.29256748 0.80271914 0.40512802 0.64517607 0.42926721 0.20977156] 
178 [0.16056609 0.38417981 0.55490291 0.88460845 1.14013921 0.56932155] [0.76573404 0.51010259 0.26123622 0.44829668 0.04162682 0.58184139] 
179 [ 0.239768    0.32898213  0.50471366  0.25387527 -0.08833499  0.17937167] [1.03750003 0.03395499 0.54087298 0.41268217 0.64489548 0.1645765 ] 
180 [0.22811179 0.27787245 0.34533169 0.41823208 0.60880959 0.75953957] [ 0.86534739  0.39825382  0.94877591 -0.03631931 -0.02479901  0.4569372 ] 
181 [0.32199955 0.83932938 0.57656527 0.41160493 0.69538748 0.70040988] [0.41823399 1.02183456 0.97376761 0.2281961  0.75236987 0.53904481] 
182 [ 0.71401428 -0.06633609  0.70281068  0.05967869  0.44505469  0.42277625] [0.6227931  0.43038067 0.61042541 0.2461667  0.46181442 0.5329856 ] 
183 [0.57271784 0.12374782 0.40193969 0.53340226 0.68437851 0.85981688] [1.03340418 0.11975921 0.26292835 0.50106581 0.09000733 0.70713538] 
184 [0.61829861 0.20696621 0.6891483  0.88551931 0.40762829 0.36346064] [0.49752414 1.01068559 0.68745736 0.62578071 0.5932012  0.47962835] 
185 [0.25911431 1.04923756 0.56074944 0.48141398 0.93096876 0.47439364] [-0.07483964  0.00832486  0.35638909  0.70759945  0.25336871  0.13676084] 
186 [ 0.19264809 -0.05608735  0.26359389  1.14526068  0.55799184  0.37112099] [0.09349785 0.55703575 0.75245683 0.24709932 0.70058782 1.15157001] 
187 [ 0.69951872  0.54393487  0.8044711  -0.01818455  0.56205653  0.75155499] [0.98340601 0.35208743 0.86323219 0.21398435 0.39413019 0.9013777 ] 
188 [0.94394994 0.84405488 0.39467083 0.38212521 0.13406609 0.0815009 ] [0.68151921 0.55911834 0.34714817 0.31864224 0.99011913 0.77265946] 
189 [0.22003968 0.87291016 0.83523062 0.40337828 0.69581318 0.52607156] [-0.13224706  0.00388145  0.42419571  0.76574639  0.08584376  0.22223108] 
190 [0.94440853 0.0111789  0.89272661 0.93549145 0.33009914 0.94939776] [0.50791229 0.39143735 0.67822464 0.19244635 0.82562606 0.41894317] 
191 [0.43767832 0.53054157 0.76003184 0.24069237 0.27434186 0.71546321] [0.42008484 0.06012705 0.85001559 0.13363841 0.82391304 0.08595561] 
192 [0.39660041 0.60149033 0.69972705 0.81512015 0.05316108 0.62539065] [0.36538582 0.23675371 0.35609991 0.1063358  0.19418551 1.3057641 ] 
193 [0.25854094 0.49771411 0.64988157 0.98226969 0.65316505 0.64808794] [ 1.12023849 -0.00754874  1.39392411  0.09977104  0.323645    0.11257959] 
194 [0.65352977 0.71877083 0.58302069 0.39609221 0.21645301 0.60741885] [0.11155475 0.65691383 0.58117552 0.34125828 0.71175865 0.84885848] 
195 [ 0.49196935  0.85813054 -0.0106097   0.19120749  0.77761754  0.42547189] [0.45925726 0.76776566 0.4105972  0.57385965 0.60207428 0.19077497] 
196 [0.21545051 0.55715122 0.33506124 0.09625496 0.60236171 0.7365006 ] [0.03391478 0.29876674 0.14617632 0.9218665  0.3205793  0.59842879] 
197 [0.86509153 0.59713027 0.7354573  0.91418708 0.4330847  0.39068361] [0.4654884  0.48693069 0.42902788 0.6521668  0.38965848 0.55781199] 
198 [0.27057392 0.7742129  0.92119637 0.45589464 0.65353492 0.35338441] [ 0.82994831  1.02975236 -0.16353262  0.38806857 -0.04114188  0.29956007] 
199 [0.61459854 0.59584897 0.24216828 0.42485135 0.73935533 0.50808462] [0.44246358 0.73649948 0.86368177 0.34996452 0.68428133 0.46923806] 
