0 [0.407272   0.1927595  0.73169794 0.03444375 0.76165335 0.42990797] [0.54637805 0.31102005 0.83775477 0.70589184 0.23218049 0.3758103 ] [0.38535106 0.20226797 0.72737846 0.01063722 0.76283538 0.43180865] [0.55484971 0.31732011 0.83831097 0.70602199 0.20355843 0.38229601] [ 0.34301809  0.29428697  0.68848523 -0.0395989   0.78192689  0.47569977] [0.57639247 0.46212211 0.84264407 0.70550075 0.04724378 0.40050011] 
1 [ 0.51773192  0.23037491 -0.0690368   0.04355703  0.94085388  0.64467286] [-0.02545937  0.98269333  0.1294314   0.51198292  1.16675977  0.06896418] [ 0.24928195  0.2002123  -0.09778711  0.00889063  1.11417936  0.65557555] [-0.32989253  0.90921105  0.06562468  0.43587216  1.51041674 -0.06557259] [ 0.18235798  0.44159555 -0.09393354 -0.01880901  1.12995798  0.56734987] [-0.50178723  0.89420359  0.03991478  0.40207948  1.53148616 -0.08285369] 
2 [0.82402579 0.83141684 0.26700829 0.13278322 0.37990922 0.03939668] [0.76247191 0.03403199 0.3555198  0.31061904 0.36512419 0.25794315] [0.85927551 0.8211912  0.25654357 0.1404015  0.39800769 0.03554803] [0.79189167 0.06791357 0.37932965 0.31345632 0.39547896 0.29148435] [0.87778153 0.80747141 0.24368793 0.1480553  0.41600704 0.02929058] [0.80130842 0.09341878 0.38844477 0.29920183 0.41180185 0.30999624] 
3 [0.29249081 0.8647364  0.46792112 0.03040083 0.68723562 0.29453049] [0.50611181 0.9013971  0.79874858 0.13504449 0.06765984 0.58271198] [ 0.34937341  0.8461362   0.16739945 -0.0113776   0.66191854  0.27259414] [ 0.56709915  0.91956403  0.71785462  0.05550173 -0.05897571  0.7064962 ] [ 0.35045428  0.85194329  0.14559306 -0.01496259  0.65828805  0.27322822] [ 0.56841466  0.90858403  0.71817785  0.05381323 -0.06688326  0.71785753] 
4 [0.73744428 0.65583071 0.14980756 0.19844035 0.93034348 0.04166616] [0.9683172  0.09762353 0.7332157  0.36441559 0.03659396 0.18924717] [ 0.27240275  0.61527648 -0.08425566  0.01926956  0.82779048 -0.06817753] [1.12456935 0.28099096 0.95270274 0.47091408 0.01519822 0.16677449] [ 0.25731707  0.62360635 -0.09573294  0.00239476  0.82156603 -0.07586861] [1.10544717 0.29914232 0.9555766  0.46971596 0.00862103 0.15721281] 
5 [0.36941648 0.90928254 0.69070931 0.94083758 0.58005944 0.23833207] [0.16362779 0.6307233  0.39169706 0.72780493 0.37936555 0.04711159] [0.38193509 0.90820324 0.66163473 0.91829991 0.5719579  0.23352902] [0.13394379 0.62885339 0.40928114 0.77530007 0.408114   0.04310873] [0.39358552 0.90870244 0.64629682 0.90175111 0.55921426 0.22988485] [0.12625387 0.63606974 0.41840727 0.79845794 0.43742749 0.03844659] 
6 [0.75072753 0.6697248  0.2520624  0.18934395 0.69068751 0.11454704] [ 0.11157225 -0.02828286  0.24749793  0.24034038  0.39123866  1.0753817 ] [0.73718637 0.67039738 0.25177817 0.18704838 0.69323877 0.11768813] [ 0.09150884 -0.04148027  0.23643162  0.23207343  0.38981749  1.09148849] [0.72579124 0.67347026 0.25335107 0.18294055 0.69743325 0.12047483] [ 0.08428634 -0.04830974  0.23196735  0.23060664  0.3846117   1.10508671] 
7 [0.62271143 0.40614238 0.90041821 0.95067353 0.95185521 0.76412787] [0.44001794 0.35096337 0.04123852 0.5225089  0.8831814  0.65663398] [0.62620159 0.41753212 0.90183737 0.95420329 0.96157447 0.77792377] [0.43027226 0.36080432 0.02574217 0.52370585 0.9078143  0.64863147] [0.62984257 0.42568557 0.89786216 0.95139932 0.96787658 0.79040451] [0.4099368  0.3665029  0.01083032 0.52451723 0.92471062 0.62582568] 
8 [0.14530868 0.06711633 0.40874899 0.05092253 0.89654081 0.30123833] [0.59307962 0.27781499 0.14385339 0.17060029 0.19974284 0.80949454] [0.18552733 0.1030846  0.30493318 0.02417782 0.91450058 0.33505115] [ 0.50557882  0.30562512  0.11838963  0.1181297  -0.15517574  0.82081962] [0.19192584 0.14030457 0.38420106 0.11801403 0.99885991 0.43640835] [0.77263066 0.44305498 0.19475873 0.12917248 0.36421281 1.29896552] 
9 [-0.00175945  0.41813223  0.91899471 -0.06966344  0.27442107  0.91480201] [0.11878109 0.17580424 0.90650691 0.50302926 0.32960469 0.43204162] [-0.00823902  0.41078309  0.88933647 -0.08131002  0.27036642  0.94604009] [0.08761046 0.1722915  0.89438834 0.5036892  0.31647431 0.47332124] [-0.00957098  0.40924359  0.85482453 -0.08152061  0.25324924  0.9791834 ] [0.05693    0.1793235  0.87991465 0.5060714  0.29884914 0.49367698] 
10 [0.96629511 0.73314351 0.53466555 0.59938117 0.43483574 0.40074664] [0.64441481 0.18291162 0.72002168 0.29506169 0.21169314 0.64354448] [0.97232188 0.72833624 0.52845989 0.59752906 0.45549078 0.41734384] [0.61046765 0.20979285 0.74262472 0.29409035 0.19557447 0.66394628] [0.98482453 0.72499791 0.52263793 0.58531159 0.47671954 0.43134617] [0.59848687 0.22850967 0.76001823 0.28145023 0.17266753 0.67175031] 
11 [1.18175792 0.90759997 0.61907261 0.47530319 0.0941562  0.64667794] [ 1.29198063 -0.05489505  0.00565681  0.89728863  0.60672605  0.54602131] [1.20218506 0.91143594 0.61589054 0.47049168 0.0608966  0.63694995] [ 1.34979718 -0.06915875  0.03373446  0.90980629  0.60488354  0.52730403] [1.21809371 0.91559561 0.6142495  0.46774856 0.04307177 0.62833902] [ 1.37745035 -0.07595149  0.04962269  0.91796565  0.60040175  0.52241878] 
12 [0.75509368 0.61249363 0.38843605 1.12732572 0.34804013 0.08896717] [ 0.0694148   0.05383424  0.42526882 -0.12207789  0.91585281  0.84323618] [0.73592078 0.61305022 0.38699295 1.13016501 0.36221373 0.04614164] [ 0.05208469 -0.00977765  0.42414802 -0.1913952   0.90094073  0.83331295] [0.72927384 0.61500119 0.38836057 1.12520966 0.36302727 0.02802425] [ 0.0488496  -0.02739984  0.43126315 -0.21750775  0.89657665  0.83150484] 
13 [0.3820747  0.908698   0.08132036 0.36487026 0.70908005 0.5282937 ] [0.66865369 0.57931723 0.73162359 0.87802879 0.16690878 0.03059409] [0.34642969 0.9799555  0.037545   0.42867817 0.71395702 0.56119196] [ 0.71544156  0.59124696  0.75075422  0.72455988  0.02200389 -0.191376  ] [0.34447462 0.98331653 0.03523019 0.4395342  0.74006591 0.58653445] [ 0.72521301  0.59689157  0.75432228  0.72107898  0.00183687 -0.22772751] 
14 [0.22813667 0.20092046 0.49363323 0.38170806 0.49759796 1.15259019] [0.28763459 0.35334796 0.2806548  0.1811804  0.97448812 0.17005951] [0.19926281 0.32086117 0.44214575 0.35808291 0.59642003 1.35075156] [0.54178519 0.38418322 0.22517632 0.23108912 1.00838132 0.24711732] [0.14068975 0.24805368 0.35921901 0.59630495 0.69224577 1.58048699] [0.9635114  0.59799451 0.22690918 0.17796167 0.9612973  0.2725048 ] 
15 [0.93304866 0.04684063 0.97154394 0.41823028 0.75136223 0.34805933] [-0.09630324  0.11017583  0.40598748  0.85490481 -0.06718391  0.35276401] [0.92946282 0.05005115 0.96626272 0.42854756 0.81447587 0.39307337] [-0.10535945  0.10848065  0.3731276   0.80794428  0.01563979  0.2678799 ] [0.99625361 0.1709853  0.99936959 0.2871468  0.98398383 0.58709933] [-0.13671098  0.150223    0.47468381  0.63253203  0.05912203  0.24236129] 
16 [0.41217629 0.87498148 0.84033467 0.71022795 0.99525656 0.79190342] [0.12771035 0.9230305  0.16263124 0.62886001 0.58337097 0.52788643] [0.40404349 0.85978849 0.83432751 0.69933668 1.00391855 0.79162682] [0.12939032 0.9575245  0.17600885 0.63296212 0.61298147 0.53546821] [0.40441458 0.84932936 0.82158045 0.67947811 1.0096732  0.78798559] [0.12957926 0.97623131 0.18953467 0.63619612 0.64629189 0.54879443] 
17 [0.06203261 0.99738913 0.07659098 0.66871154 0.18256082 0.97485534] [-0.08265076  0.11956318 -0.1030229   0.05583837  0.95430545  0.92779916] [0.0646269  1.00000476 0.07826646 0.67102045 0.18427409 0.99015367] [-0.08612248  0.10679678 -0.11415705  0.04619319  0.94931792  0.94658456] [0.06682636 1.00298259 0.07895434 0.67310699 0.18553143 1.00354574] [-0.08199398  0.10004608 -0.11750716  0.0340593   0.94512949  0.95729533] 
18 [ 0.88624565 -0.0186      0.85766714  0.9932427   0.49175362  0.08830763] [1.00987123 0.55847205 0.98247388 0.09368422 0.28927679 0.858016  ] [ 0.95268724 -0.0067544   0.84582898  1.0003274   0.50428131  0.07540689] [1.0134884  0.55753538 0.96736738 0.06963685 0.3013649  0.89192833] [ 0.98037098 -0.00344585  0.8396304   1.00220206  0.50596996  0.06909755] [1.01502453 0.55661678 0.96413103 0.06521843 0.30651878 0.90474395] 
19 [0.50089205 1.06185879 0.08321235 0.45710302 0.96532435 0.57961464] [0.3564304  0.5870858  0.17223852 0.15003262 0.66291856 0.60147887] [0.45959834 1.09232698 0.0851911  0.4468747  0.96333648 0.56926852] [0.2848223  0.59764012 0.19463434 0.1368686  0.68476449 0.62289628] [0.43353331 1.1191069  0.0901399  0.44510119 0.96305285 0.55673929] [0.24865359 0.59801698 0.20207729 0.11682273 0.68873389 0.64456933] 
20 [0.89585187 0.69050641 0.66844031 0.36904549 0.06864801 0.76610478] [0.66521041 0.15539443 0.73525068 0.41880767 0.72735143 0.4695274 ] [0.78456638 0.72523798 0.72970606 0.33695306 0.06228275 0.76818483] [0.16643614 0.05546603 0.73909939 0.44331199 0.74646682 0.58384022] [0.72318303 0.70680709 0.72263041 0.3757095  0.0311305  0.71413419] [ 0.02746023 -0.02682355  0.81309465  0.51018563  0.84258831  0.75354219] 
21 [-0.00959865 -0.05515263  0.43111291  0.75538791  0.97988653  0.4209074 ] [-0.10131005  0.11528419  0.82920092  0.85966385  0.86346113  0.68214229] [-0.02706876 -0.07065523  0.41311517  0.76363415  0.98249814  0.42629646] [-0.1102516   0.07600294  0.83222962  0.90942512  0.86424603  0.63975195] [-0.17997237 -0.2120127   0.55429258  0.69387559  0.91198101  0.59565556] [ 0.03506594 -0.20775727  0.76879701  1.14035241  0.40845284  0.24072926] 
22 [0.45806351 0.39981753 0.52376402 0.9162452  0.61771741 0.23172657] [0.2567732  0.95452543 0.84277086 0.35765202 0.17167444 0.12510044] [0.44931562 0.41316136 0.52637258 0.90294434 0.62834898 0.23426385] [0.32487404 0.95920093 0.866366   0.33297863 0.16034094 0.13734008] [0.20517047 0.27438499 0.47279881 0.91440267 0.63186426 0.16218778] [ 7.87885218e-01  7.13862850e-01  1.16391338e+00 -2.62192647e-04
  1.55480501e-01  1.95988191e-01] 
23 [ 0.26306192  0.52063442  0.12999211 -0.03079965  0.0498917   0.61712136] [ 1.0815363  -0.01225837  0.43557907  0.8949512   0.46075024  0.1721541 ] [ 0.25449163  0.51486784  0.12709206 -0.05838364  0.0120261   0.61981929] [ 1.07802779 -0.0282124   0.442126    0.89816525  0.46159498  0.17027341] [ 0.24916441  0.51258898  0.12883716 -0.06581698 -0.00148519  0.62054005] [ 1.07439289 -0.03736784  0.44052111  0.89958975  0.47161522  0.16594306] 
24 [0.70208719 0.19278798 0.56513466 0.66808225 0.08777317 0.84680521] [0.3040222  0.33155825 0.60628301 0.42255347 0.76152892 0.99383013] [0.70895546 0.20311875 0.57979404 0.67718826 0.0821568  0.84053132] [0.32329406 0.34357822 0.58101055 0.40786126 0.75032246 1.03490941] [0.63939326 0.24030177 0.58565796 0.67102528 0.05935986 0.82637265] [0.30942935 0.25724604 0.4694633  0.29704954 0.61877492 1.35970848] 
25 [-0.15766245 -0.16085182  0.60054415  0.6840061   0.50422224  0.21848072] [-0.14226214  0.86009894  0.2695993   0.831935    0.84760111  0.7850118 ] [-0.1981144  -0.3241158   0.67346292  0.79825801  0.40650748 -0.02701535] [-0.68408356  0.92708295  0.09391736  0.77822733  1.00624587  0.88872652] [-0.20734361 -0.32396819  0.69857074  0.82421664  0.39030664 -0.03674427] [-0.70882774  0.91613416  0.08848953  0.76520743  0.99993738  0.9019741 ] 
26 [0.46530778 0.54906417 0.68964965 0.96401511 0.4129794  0.93868062] [0.50426032 0.7573381  0.20562618 0.72546547 0.61043867 0.42797847] [0.35850078 0.48803744 0.74486182 1.00791964 0.23598926 0.86276151] [0.45659048 0.50316435 0.11149426 0.94742483 0.72834157 0.13181943] [0.33954034 0.47729181 0.76848592 1.01330998 0.20758106 0.8701911 ] [0.46051499 0.48160295 0.09110897 0.95091796 0.70860817 0.09846982] 
27 [0.06246051 0.03862551 0.22533464 0.65672023 0.06204552 0.14872826] [0.3472855  0.48480395 0.80022896 0.48443299 0.24728038 0.23056564] [0.07867663 0.04356809 0.23620776 0.67161557 0.04201554 0.13032822] [0.35904673 0.52162277 0.76407927 0.47754383 0.24271384 0.20394174] [0.13476784 0.03656084 0.1966632  0.68067674 0.03533734 0.06860346] [ 0.8884842  -0.07513441  0.75364219  0.4865682   0.27332013  0.14860915] 
28 [0.16111668 0.73829107 0.78316084 0.93582024 0.29833064 0.82778462] [ 0.70385242 -0.04298858  0.09639189  0.6826404   0.20896584  0.21050759] [0.12952105 0.74652198 0.78794684 0.92904931 0.34128534 0.83441179] [ 0.75684461 -0.05629944  0.06072211  0.67757434  0.23795419  0.19859111] [0.1218024  0.75273818 0.79363831 0.92974144 0.35939517 0.83562378] [ 0.77680551 -0.06120291  0.05022353  0.6748914   0.24680215  0.19204821] 
29 [0.86753676 0.93185826 0.63347017 0.72134758 0.71986779 0.90357437] [0.15745557 0.70050712 0.52277018 0.78962725 0.98198267 0.6723257 ] [0.85429119 0.91504917 0.61928734 0.7355894  0.75025908 0.87686558] [0.16838156 0.69219366 0.51130473 0.83300325 0.99650075 0.66312071] [0.84300431 0.90486777 0.6080324  0.75195748 0.78020816 0.84146535] [0.15144673 0.68743074 0.50098507 0.88045339 0.99109441 0.65282878] 
30 [ 0.23521523  0.32224942  0.93274926 -0.03761034  0.47240666  0.69050417] [0.59649051 0.42925733 0.49632715 0.63078748 0.076533   0.27232064] [ 0.25059096  0.32361164  0.90311268 -0.04550002  0.50807944  0.73619512] [0.65541607 0.44986278 0.50330663 0.65855336 0.05825718 0.27632454] [ 0.25635101  0.32616675  0.87938136 -0.04159631  0.5548909   0.79452345] [0.69646364 0.43131708 0.493453   0.67785921 0.03331333 0.29737103] 
31 [ 0.18317498  0.33377731  0.31228227  0.79899853 -0.18834086  0.66245824] [0.82642114 0.44501953 0.24786879 0.60306544 1.25821557 0.25607467] [ 0.18495324  0.31996447  0.31997891  0.82995173 -0.20193196  0.66573069] [0.86458546 0.44235533 0.25872161 0.61777163 1.27752261 0.25334181] [ 0.18975172  0.29900709  0.32343245  0.86340471 -0.21588334  0.66166498] [0.88514872 0.43812519 0.28049441 0.61648036 1.28929147 0.25060419] 
32 [0.97435937 0.82352472 0.13139175 0.44191555 0.30528074 0.60449428] [0.14149601 0.8720928  0.67086372 0.89940312 0.32809541 0.810033  ] [0.96488713 0.81841227 0.12854584 0.44044874 0.30611382 0.61429992] [0.12214344 0.8732557  0.66346797 0.89602702 0.32401943 0.83209936] [ 0.82381608  0.69322362 -0.04763936  0.39895967  0.59009128  0.54223792] [0.03114736 0.85216974 0.5747781  0.65516554 0.14060085 1.41806911] 
33 [0.26725516 0.66879644 0.01100604 0.07285006 0.65469359 0.37311768] [ 1.08187298  0.33560052  0.93181722  0.52196365  0.16473739 -0.01339398] [ 0.24233217  0.64359446 -0.06856673 -0.00708737  0.63651347  0.38099516] [1.07869162 0.34128681 0.9275175  0.50722521 0.16643402 0.05208046] [ 0.23594718  0.63972015 -0.0801443  -0.01529667  0.63186218  0.38961089] [1.07565762 0.34258781 0.92724403 0.50432626 0.16021369 0.06684076] 
34 [1.06887336 0.96289712 0.93298132 0.24135524 0.93646285 0.82681524] [0.59860203 0.21256991 0.3369213  0.0599787  0.24741964 0.84622233] [1.09469785 0.98261784 0.93034841 0.26024882 0.95358307 0.81769143] [0.58386395 0.25753357 0.35186077 0.07322148 0.25471977 0.8652455 ] [1.10280321 1.01729067 0.89301939 0.30241245 0.98561306 0.78173637] [0.53955676 0.31019787 0.38409235 0.08924255 0.29582686 0.85817983] 
35 [0.88908593 0.36739631 0.52704376 0.92775951 0.37710865 0.51701278] [ 8.28755173e-01  7.55495671e-01 -1.15644843e-03  7.25945581e-01
 -5.89834957e-04  9.61333684e-01] [0.88092643 0.36441439 0.5172033  0.91704263 0.37008422 0.50947151] [ 0.8209084   0.74077058 -0.0388534   0.74656773 -0.02197103  0.93076191] [0.92519726 0.39892468 0.54736173 0.94979907 0.39382731 0.51994673] [ 0.64306705  0.46746829 -0.15561141  0.91622911 -0.00630229  0.78376294] 
36 [-0.24192195  0.84469259  0.31084608  0.32450883  0.0650554   0.84447407] [0.48866461 1.29372399 0.28868052 0.96074496 0.56026095 0.0101754 ] [-0.24687963  0.85894206  0.31335919  0.32567263  0.0476385   0.84541158] [ 0.47724191  1.3211379   0.25228272  0.96746939  0.56114542 -0.00842939] [-0.24993026  0.86643846  0.31787641  0.32490281  0.03939112  0.8481203 ] [ 0.47326304  1.33758622  0.23433621  0.96944672  0.55955034 -0.01822241] 
37 [-0.03062479  0.8269105   0.55209527  0.47110002  0.16985644  0.65109948] [0.6093729  0.38185599 0.64990645 0.18794104 0.21919439 0.49344139] [-0.04432615  0.84926879  0.55310826  0.46623812  0.17549389  0.66049472] [0.54075502 0.46542855 0.64727005 0.20545631 0.21614406 0.49308093] [-0.05064749  0.85975577  0.55171299  0.45988768  0.1775815   0.66435075] [0.52039315 0.50219223 0.64531201 0.21429611 0.21182507 0.4987318 ] 
38 [0.31387382 0.66232046 0.43934075 0.50138471 0.61431981 0.49165647] [0.16129424 0.49956947 0.96427888 0.49142953 0.77328427 0.34076356] [0.30432349 0.66060854 0.45074855 0.49376856 0.67346138 0.48131565] [0.12306154 0.4666633  0.91998449 0.50366404 0.79566499 0.44545219] [0.35516114 0.8752684  0.2279065  0.49955415 0.82252596 0.46701247] [0.22620826 0.23260427 1.18486205 0.32958024 0.98982592 0.8300805 ] 
39 [0.60584322 0.55783947 0.5987659  0.85517484 0.77716681 0.32322669] [0.16171988 0.3097637  0.13533753 0.97180378 0.71505897 0.16530425] [0.58905659 0.57512794 0.66253093 0.51840756 0.47531463 0.63464673] [-0.10192762  0.02894057  0.22790211  0.75443691  0.30815543  0.21238259] [0.59296063 0.58164658 0.6676463  0.53042537 0.43011598 0.67641489] [-0.08186772  0.03025734  0.19250181  0.65511957  0.26242485  0.19447529] 
40 [0.35117016 0.5639008  0.97659179 0.5424192  1.00776442 0.30011685] [0.04586158 0.02822071 0.73938092 0.16275669 0.35734143 1.13575188] [0.35420068 0.56137175 0.97961834 0.52052563 0.99780828 0.32939144] [0.07177316 0.03892098 0.65866972 0.10557727 0.35340702 1.19523025] [0.3563232  0.55767939 0.98042299 0.51244233 0.99595957 0.33957338] [0.07810735 0.04307572 0.61862105 0.08324963 0.34848995 1.21459267] 
41 [0.85189367 0.60389879 0.53469385 0.60786598 0.51366144 0.18597881] [1.03240041 0.35825495 0.36472428 0.14703978 0.29224052 0.8202825 ] [0.83506192 0.6006682  0.55159414 0.60030467 0.50281782 0.20380634] [1.03385658 0.31916381 0.3534696  0.11861889 0.29465898 0.76807501] [0.78225727 0.5708343  0.60114638 0.5684354  0.47723228 0.23739871] [0.98207866 0.36228414 0.33752413 0.07438528 0.33281841 0.64161385] 
42 [0.21702501 0.70048402 0.34904617 0.90016909 0.31573106 0.82884667] [ 0.93475463  0.74393664  1.14057545 -0.00739002  0.13457683  0.42874735] [0.24256314 0.76400282 0.28253889 0.96692765 0.3765389  0.89992904] [1.0569256  0.32299443 1.45916592 0.0034663  0.01471799 0.11811202] [0.24325289 0.76095126 0.277473   0.97040838 0.38067744 0.90417908] [ 1.0629346   0.29414654  1.46755381 -0.00793462  0.0170453   0.10653394] 
43 [0.52599941 0.16599633 0.21624943 0.82016984 0.20884143 0.80075799] [ 0.62919135  0.78722927  0.15098597  0.82278247 -0.00875266  0.79352477] [0.52754381 0.14663623 0.199873   0.80862517 0.21676372 0.8084038 ] [ 0.61949106  0.77670581  0.12952888  0.83519771 -0.00687197  0.78055766] [0.76880103 0.02127921 0.3019208  0.88578173 0.32380475 0.84284996] [ 0.6281968   0.86236468 -0.09802784  0.92747088  0.24005881  0.22372291] 
44 [ 0.12692646  0.2075924  -0.08446681  0.82725731  0.01650393  0.93322535] [-0.22882582  0.97018817  0.23283611  0.88945734  0.83572632  0.0172596 ] [ 0.15715661  0.31056064 -0.13850364  0.74142487 -0.04456646  0.9180753 ] [-0.39525144  1.01621032  0.27962129  0.87069109  0.82497804  0.07354041] [ 0.1741059   0.43106466 -0.14458734  0.67910449 -0.03721027  0.91091758] [-0.52027627  1.03164258  0.2764751   0.84205163  0.83480044  0.09923643] 
45 [0.13879944 0.35519065 0.72905626 0.04775147 0.32276589 0.73171801] [-0.50228007  1.23359935  1.02346269  0.70405397  0.06277992 -0.04257836] [0.16657588 0.37589785 0.6903336  0.00573932 0.35118621 0.74129976] [-0.49430213  1.27353331  1.02688559  0.70754191  0.07901685 -0.03389469] [ 0.17855732  0.3942825   0.65332411 -0.0107313   0.38606386  0.74762154] [-0.49922359  1.29574466  1.03273979  0.70537105  0.09788465 -0.01484712] 
46 [0.22311478 0.0014555  0.60856636 0.04053756 0.73798706 0.3152324 ] [0.71332101 0.70434669 0.37091829 0.52001967 0.90167509 0.56988199] [ 0.29304523 -0.06124479  0.67871435  0.03168461  0.61648739  0.00671251] [0.54712052 0.52099609 0.00761397 0.19223554 1.05330319 0.39867379] [ 0.31235288 -0.07386763  0.68716154  0.0359356   0.59640007  0.00155146] [ 5.50294362e-01  5.26030301e-01 -5.84875575e-04  1.90487561e-01
  1.05789933e+00  3.92123970e-01] 
47 [ 0.14410226  0.40892376  0.49018299  0.82379505  0.77426244 -0.01157077] [0.74869408 0.33873772 0.27097082 0.30497666 0.86856824 0.86174747] [ 0.16087307  0.43903466  0.45540523  0.81956214  0.81630699 -0.02506593] [0.91676467 0.27386506 0.15158051 0.21094009 0.88957751 0.89297253] [ 0.16750612  0.4647298   0.43027831  0.81594685  0.82286465 -0.03385293] [0.99341698 0.24308283 0.09565115 0.16274538 0.89113354 0.90485698] 
48 [0.68017655 0.20574271 0.23094085 0.45196281 0.83720549 0.46768354] [0.19007898 0.11778302 0.26047077 0.46657866 0.24223998 0.30066616] [0.68928403 0.18561161 0.21698417 0.4482757  0.90871992 0.3618354 ] [-0.06690152  0.05088309 -0.03177276  0.1292529   0.46654591  0.23919554] [0.68837143 0.18562636 0.21704476 0.44629451 0.90646616 0.35328807] [-0.07563993  0.05613566 -0.03506815  0.12830704  0.47662244  0.24497717] 
49 [0.63299184 0.20195125 0.62658881 0.20647682 0.94823357 0.33060601] [0.33236495 0.60532737 0.77919362 0.8883575  0.54292262 0.61030552] [0.37057337 0.18885626 0.74175926 0.02264089 0.97000234 0.26867891] [0.51749092 0.45311612 0.68780322 0.88128372 0.18491407 0.39838791] [0.33895591 0.21450435 0.73406588 0.01798988 0.98057129 0.26910718] [0.54172087 0.45755078 0.69001314 0.87846485 0.14473863 0.41437794] 
50 [ 0.23836014  0.87684698 -0.00185628  0.27330913 -0.07219804 -0.01219773] [1.03153847 0.16397272 0.27543862 0.27644029 0.33644032 0.59687927] [ 2.46260299e-01  8.70768188e-01 -6.71348693e-04  2.71451911e-01
 -7.10731573e-02 -1.11149754e-02] [1.0624437  0.15532464 0.26683204 0.27810519 0.3414873  0.60374278] [ 0.25035161  0.86542501  0.00115612  0.27080969 -0.06844981 -0.00977545] [1.07606201 0.14720113 0.25853501 0.27837125 0.34651612 0.6117866 ] 
51 [0.31488785 0.49170233 0.93316273 0.14557997 0.37498218 0.46075441] [ 0.47907403  0.19764302  0.75192183 -0.00501102 -0.08915996  0.11607134] [0.32086902 0.5215398  0.93993168 0.14510347 0.35565948 0.46357381] [ 0.50405616  0.20282851  0.81969189 -0.08092813 -0.1460791   0.00940466] [0.33486571 0.54025381 0.95568066 0.17900475 0.32433701 0.46631215] [ 0.50471266  0.20727014  0.92452087 -0.22240482 -0.19206482 -0.0313892 ] 
52 [0.7809731  0.42879481 0.75206773 0.60289864 0.69112304 0.842882  ] [0.4979448  0.14268458 0.05840141 0.90004166 0.96180748 0.70318489] [0.77375276 0.50016522 0.83173228 0.66121816 0.85061213 0.85482402] [0.57147472 0.03546411 0.06002525 0.8666382  0.96180208 0.75655121] [0.77867564 0.50806809 0.83886341 0.66782237 0.87397411 0.85012223] [0.57044206 0.04226061 0.04365622 0.87447934 0.96383053 0.77199134] 
53 [0.86682864 0.1080121  0.64033001 0.40718202 0.70655047 0.83682503] [0.28064419 0.45248007 0.24094439 0.51683687 0.35930305 0.26460406] [0.89055569 0.12299267 0.6323208  0.39442788 0.73148516 0.84363391] [0.29781235 0.48431637 0.22051454 0.51335012 0.40586604 0.24728109] [0.90032285 0.12353503 0.61733678 0.34909258 0.78232826 0.8182743 ] [0.26603629 0.47443309 0.17805133 0.53591608 0.55699697 0.18786212] 
54 [ 0.25634113  0.01189967  0.64286769 -0.01306001  0.02959885  0.40065573] [0.94884707 0.12942339 0.4686367  0.94188355 0.34592917 0.14209684] [ 0.24308969 -0.00833468  0.65574101 -0.05515015 -0.01910732  0.45353148] [0.94419329 0.1253662  0.48075402 0.94513031 0.34796339 0.13182141] [ 0.2385491  -0.01924934  0.66399464 -0.06947312 -0.03073946  0.48383642] [0.93783731 0.12699731 0.4856248  0.94400578 0.35100798 0.1326112 ] 
55 [0.79629423 0.70742446 0.67181987 0.34625062 0.74599769 0.76438163] [0.88544395 0.30335496 0.99782606 0.39085212 0.52417679 0.94230925] [0.81955983 0.68137158 0.69475072 0.42266723 0.73629969 0.80258394] [0.85952616 0.14997973 0.93037314 0.36715859 0.69140704 0.92906911] [0.81768273 0.68038812 0.70615847 0.43372169 0.73573349 0.81195743] [0.87037848 0.12483142 0.90815327 0.36341181 0.71626392 0.93145766] 
56 [0.32238716 0.6326222  0.50272237 0.41353107 0.74806097 0.45665869] [0.85978289 0.26088847 0.75219533 0.71992747 0.57436954 1.08954333] [0.23817542 0.67762781 0.56029112 0.56698311 0.73675723 0.52917614] [0.99276057 0.39133634 1.18732913 1.24686903 0.18727351 1.48826117] [0.23740894 0.683892   0.50858296 0.60244667 0.69304631 0.53672076] [1.01220594 0.32885683 1.29086485 1.37921559 0.06381369 1.57144131] 
57 [0.29394386 0.64167874 0.26019499 0.277239   0.01180103 0.21742833] [-0.34159968  0.91816617  0.75757942  0.69014905  0.47940518  0.19446744] [ 0.21827464  0.59209639 -0.09247902  0.1793886  -0.05281569  0.10369891] [-0.5304214   0.84413634  0.65329091  0.7232498   0.54402676  0.18787354] [ 0.2081595   0.56655738 -0.09542128  0.1512907  -0.04609552  0.08661364] [-0.53511724  0.84041059  0.66398755  0.71813461  0.54043666  0.1676407 ] 
58 [0.99413342 0.74781502 0.28798432 0.76214462 0.62909241 0.57015349] [0.52911433 0.80805834 0.14139497 0.38712592 0.12237553 0.84313954] [1.01502524 0.74654783 0.27234209 0.75543615 0.61739277 0.56029201] [0.57470847 0.79972961 0.1304029  0.36108488 0.05974386 0.81447746] [1.13247662 0.73045224 0.2103229  0.72997501 0.62996732 0.57917336] [0.6413702  0.83698664 0.1510492  0.23386999 0.05101481 0.73493967] 
59 [-0.07469117  0.08278369  0.22860861  0.37306691  0.35149352  0.04292591] [1.13116253 0.87959145 0.73172204 0.88408506 1.07897945 0.16038248] [-0.05664156  0.10770604  0.19933429  0.30839988  0.3026304  -0.09882954] [1.5397962  0.81569156 0.84963835 1.02205477 1.09629648 0.25407236] [-0.05710892  0.09763813  0.18578293  0.29213522  0.27027739 -0.11551841] [1.63861238 0.83972545 0.87705716 1.07015992 1.06875182 0.30036053] 
60 [0.48555227 0.41552758 0.04375118 0.24201632 0.91123382 0.08248305] [0.7777466  0.97387303 0.93047154 0.58309733 0.30364728 0.32843963] [ 0.14986468  0.31510023 -0.32952266  0.18788234  0.7119163   0.06936497] [0.99588792 1.13568967 1.18873709 0.30052704 0.13020327 0.04652342] [ 0.13711407  0.31349011 -0.34571649  0.18663325  0.70026102  0.07141313] [1.02030342 1.14327513 1.23110811 0.28430727 0.13200884 0.04609513] 
61 [ 0.58828452  0.68034393  0.83592341  0.75479881 -0.0565389   1.07753737] [0.12772274 0.04865501 0.8358836  0.50531719 0.82992179 0.35230769] [ 0.59552095  0.67966967  0.83640205  0.77565349 -0.05194797  1.09854371] [0.08991634 0.02779327 0.86084984 0.50308884 0.84246432 0.34503302] [ 0.60322765  0.67614914  0.83372789  0.78133454 -0.04741619  1.11605848] [0.06728732 0.01618813 0.8768455  0.49224788 0.84843159 0.33974677] 
62 [0.5211456  0.19682713 0.03926639 0.78261414 0.78261628 0.16647419] [0.19657458 0.09335466 0.43547995 0.98729332 0.81046791 0.99874665] [0.49846252 0.12287832 0.07986423 0.87859424 0.77279798 0.04236186] [0.38919459 0.25931571 0.51535966 0.62872143 0.94096748 1.17676738] [ 0.18927979  0.15659851  0.23569714  0.93502145  0.77287268 -0.16111665] [0.63388399 0.3416339  0.53487355 0.38050493 0.58916647 1.09282757] 
63 [0.83010564 0.02217181 0.43603644 0.43577421 0.16373043 0.10328038] [ 0.72584624  0.92315343 -0.0211437   0.05362915  0.58347857  0.4232276 ] [0.82843802 0.00634735 0.43588027 0.4369699  0.16484308 0.09926495] [ 0.71440308  0.9105978  -0.02353328  0.05784748  0.58990546  0.42901536] [ 0.82558015 -0.00117734  0.43404065  0.43711273  0.16514707  0.09507899] [ 0.70734086  0.90024416 -0.02528602  0.06028436  0.5929273   0.43090985] 
64 [0.56170924 0.7021951  1.01157478 0.25565636 0.55700914 0.01774525] [0.82336309 0.52406201 0.47465126 0.97123118 0.18772873 0.84434221] [0.53354815 0.68668033 1.0276874  0.26573936 0.56386129 0.01924716] [0.83010717 0.54964676 0.47385585 0.98127061 0.18142873 0.83938175] [2.82173152e-01 6.53424303e-01 1.02929910e+00 1.66691903e-01
 5.74324632e-01 4.89344012e-04] [0.8461886  0.98516797 0.39716833 1.13349496 0.22952622 0.88968319] 
65 [0.24911429 0.66957832 0.02692418 0.1811102  0.5497628  0.54808077] [1.05581756 0.86405557 0.7985153  0.23298135 0.20143351 0.09074534] [ 0.22293104  0.59675204 -0.06556696  0.14892597  0.55071111  0.56043884] [1.0509742  0.88434754 0.81492937 0.1573554  0.17856578 0.10178663] [ 0.21646231  0.58391188 -0.07527105  0.14782393  0.55461951  0.56348917] [1.04132048 0.89117952 0.81899797 0.14580636 0.17349404 0.11112009] 
66 [0.79781594 0.82792154 0.5471196  0.4195082  0.3268026  0.4242345 ] [0.68227356 0.48607927 0.23356149 0.73578541 0.68290051 0.64141468] [0.80942817 0.80186158 0.54780249 0.40179532 0.37173798 0.38547045] [0.69518794 0.48638373 0.24029376 0.68982093 0.71648802 0.63888767] [0.71637346 0.75538103 0.69836667 0.20467133 0.52730712 0.01198713] [0.02840549 0.02823063 0.26675735 0.2825673  0.80503851 0.56626573] 
67 [0.32408063 0.81834719 0.1534884  0.78896002 0.26990491 0.91386946] [ 0.86844694  0.02203916  0.08673442  0.37284909  1.1470705  -0.10147217] [0.28891303 0.81324739 0.15562422 0.8104753  0.20140173 0.86769293] [ 0.8910807   0.04645254  0.03337328  0.37168095  1.18308072 -0.13314571] [0.26397543 0.80623738 0.15684014 0.81820548 0.158352   0.8299264 ] [ 0.92295988  0.06448513 -0.00383075  0.37710732  1.20168775 -0.15913654] 
68 [0.94087892 0.02219642 0.52344215 0.41598792 0.14559948 0.24201838] [ 0.858045    0.72337854 -0.02948013  0.18470197  0.75022782  0.24718724] [0.93598465 0.00327674 0.52694711 0.41992801 0.15132186 0.25371399] [ 0.85704399  0.72318742 -0.02971576  0.19147454  0.73671127  0.2506658 ] [ 0.9347254  -0.00664587  0.53288825  0.42602208  0.15733506  0.2680038 ] [ 0.85373251  0.71938555 -0.03145177  0.19615544  0.73047903  0.24974229] 
69 [0.391703   0.16207194 0.46503013 0.28555267 0.64059837 0.1128547 ] [0.74686024 0.85239781 0.17932926 0.72802314 0.13816494 0.84489664] [ 0.16010163  0.18024681  0.34495528  0.40561046  0.46006838 -0.13308015] [0.77222012 0.5248179  0.24804257 0.61641077 0.26689256 0.99219075] [ 0.15403046  0.16979034  0.3400859   0.41671116  0.45688435 -0.13306876] [0.76667811 0.50262723 0.25952213 0.60717433 0.27426458 0.99750621] 
70 [0.22204546 0.16267282 0.86340154 0.04020405 0.07246849 0.53082684] [0.3741325  0.39043987 0.49319251 0.49499523 0.5011111  0.6791604 ] [0.2299423  0.20757537 0.8441337  0.05324775 0.03347141 0.52931964] [0.46179083 0.43118895 0.49372647 0.50120296 0.50636857 0.64955111] [0.22266047 0.2618273  0.81365528 0.08643814 0.00084977 0.533314  ] [0.56797846 0.46774453 0.48942547 0.50993304 0.50915979 0.66486157] 
71 [ 0.2062123   0.34622781  1.01289939  0.55553571 -0.06031764  1.0208091 ] [0.72293421 0.64799941 0.52826159 0.44690988 0.95602485 0.18179431] [ 0.21263309  0.33613483  1.01190167  0.55824899 -0.07322408  1.04543326] [0.73361432 0.64611113 0.53215259 0.44936979 0.96123352 0.16469187] [ 0.21703504  0.33318982  1.0087381   0.56138226 -0.07933581  1.07910236] [0.74351962 0.64698654 0.53544777 0.44440972 0.96540633 0.15718956] 
72 [0.87164678 0.58676827 1.01413677 0.75620478 0.31658179 0.89474179] [ 0.44749475  0.86255329  0.25802308 -0.00823914  0.21427317  0.34878649] [0.87460405 0.60178796 1.02299329 0.74463787 0.31000259 0.89292279] [ 0.45033173  0.90568276  0.28590585 -0.05336406  0.21974418  0.3794766 ] [0.87495441 0.60540478 1.02759575 0.73351792 0.30988661 0.89536925] [ 0.43634005  0.93184898  0.30387763 -0.09331938  0.23004142  0.4032965 ] 
73 [0.72161888 0.26546088 0.70885455 0.88326469 0.63103255 0.88558419] [-0.01228408  0.14550335  0.3539667   0.28521623  0.16528301  0.42417186] [0.70025177 0.25623587 0.72711224 0.81096134 0.63685888 0.89890034] [-0.07650035  0.06486691  0.17019703  0.41590456  0.07237542  0.20401125] [0.6987228  0.25650559 0.72620621 0.80461555 0.62056799 0.89871709] [-0.08553216  0.06440186  0.16461836  0.44494668  0.08885256  0.16998832] 
74 [0.7439832  0.80352025 1.02265476 0.59480457 1.01972519 0.18709561] [ 0.51977502  0.80195067  0.18651811  0.05894335 -0.09684184  0.57164429] [0.84357076 0.72640013 1.05596955 0.62401914 1.05329402 0.21537011] [ 0.44449718  0.85529765  0.19408235 -0.13645225 -0.19876413  0.52035798] [0.84545744 0.70886711 1.05763052 0.6154643  1.05221288 0.21580799] [ 0.41220669  0.88419558  0.20628457 -0.17263017 -0.22122774  0.5090973 ] 
75 [0.16670917 0.18524414 0.53207165 0.09394923 0.81181666 0.85032165] [0.71737998 0.52553722 0.10226028 1.03585522 0.31711535 0.26953916] [0.15895726 0.24203758 0.56531162 0.05133897 0.81753497 0.78457006] [0.7561992  0.6357     0.06258186 1.06392788 0.22399327 0.22295901] [0.20475719 0.26520186 0.46938196 0.00364965 0.84587326 0.75321942] [0.78086617 0.72132795 0.08395717 1.12231685 0.00581437 0.34937849] 
76 [0.88650198 1.04116628 0.70803413 0.68138312 0.28228563 0.40891825] [0.17826656 0.51264497 0.03803967 0.99061025 0.04470454 0.04916133] [0.87144403 1.09500338 0.68658327 0.5928413  0.27124873 0.39994605] [ 0.09634698  0.82709743  0.08883275  1.07932887 -0.01980418 -0.0847485 ] [0.86106926 1.10097518 0.70013931 0.5809297  0.26428959 0.39108271] [ 0.09501496  0.86167609  0.09384408  1.09508279 -0.02143352 -0.11029777] 
77 [0.4903742  0.99164242 0.26680383 0.28524953 0.58783857 0.85141282] [0.11401918 0.96889977 0.00753301 0.62942237 0.780703   1.1466644 ] [0.48193367 1.02851177 0.26588077 0.28580934 0.59028522 0.85040319] [0.16755944 0.96423974 0.02995914 0.57959851 0.83644049 1.25160088] [0.37666063 1.24696744 0.22882798 0.26769109 0.55344133 0.89081661] [0.33156195 1.00954178 0.0425065  0.38062317 0.89821921 1.34124832] 
78 [0.30765014 0.70268863 0.65445784 0.43382727 0.61352683 0.33172756] [0.7456608  1.04423857 0.3947074  0.86116316 0.04066431 1.18055817] [0.30089523 0.70333413 0.65259957 0.42342146 0.57686514 0.297557  ] [0.75558086 1.06303437 0.37813585 0.85834956 0.05847982 1.23074153] [0.29961055 0.69963607 0.65091447 0.41167525 0.54011671 0.2730027 ] [0.75904746 1.06881036 0.37475525 0.8537442  0.08567305 1.25142121] 
79 [0.97297426 0.49221188 0.23623022 0.17225676 0.39113138 0.81475009] [0.65872686 0.94535252 0.78136346 0.22765338 0.9064905  0.02737287] [0.99295596 0.46545053 0.32605116 0.29663959 0.43156466 0.81138561] [ 0.74105471  0.95801712  0.81064746  0.31443628  1.03649758 -0.07770629] [1.00327232 0.46886619 0.32515107 0.31741829 0.43443864 0.81123642] [ 0.76891445  0.97330254  0.80266252  0.32044711  1.04262406 -0.09356014] 
80 [ 0.31798942 -0.07910355  0.28933997  0.43363058  0.51555075  0.64920533] [ 0.34050777  0.64262028  0.0261528   0.33298344  1.31835559 -0.14594671] [ 0.32432043 -0.07951329  0.28844341  0.43061067  0.51250504  0.64860124] [ 0.3620018   0.65837941 -0.01041604  0.26982432  1.37373848 -0.12273165] [ 0.33036173 -0.08048846  0.29045173  0.42760545  0.51630003  0.65179912] [ 0.37654638  0.6697791  -0.03141043  0.24159893  1.40272767 -0.10410259] 
81 [0.14912255 0.27636173 0.52844164 0.10746655 0.81483396 0.41959764] [0.72687523 0.83778059 1.09367505 0.20851472 0.06010158 0.31176936] [0.15479247 0.2739176  0.52165512 0.0989403  0.82256598 0.4247194 ] [0.75073761 0.83942099 1.10978442 0.21086992 0.0425377  0.30537948] [0.16247416 0.26939763 0.51165514 0.08897621 0.83261569 0.43008498] [0.76340463 0.84381373 1.12409658 0.20910351 0.03168676 0.30627604] 
82 [0.75032322 0.22240402 0.1138204  0.91815383 0.93231211 0.667592  ] [0.71240619 0.55686868 0.39236784 0.90518432 0.91830063 0.89566482] [0.69860858 0.32983308 0.1062932  0.8964323  0.89661154 0.66917604] [0.67507568 0.57217734 0.4464068  0.77208209 0.93501682 0.89512592] [0.69417157 0.33738576 0.11602664 0.89184223 0.88776057 0.67138788] [0.67226217 0.56688362 0.43729406 0.73249509 0.94063584 0.89324292] 
83 [ 0.64577205  0.33460428  0.77828153 -0.00239683  0.67510576  0.73870771] [0.77194756 0.58192713 0.58629538 0.83718346 0.79016515 0.43050371] [0.74121176 0.12863376 0.69521335 0.02689052 0.59985688 0.75559663] [1.10063338 0.48577888 0.60321637 0.85055094 0.78492567 0.22614933] [0.74568634 0.04583595 0.87106997 0.03642263 0.60842378 0.81666671] [1.20107341 0.45408228 0.65551111 0.92493275 0.67884697 0.2907483 ] 
84 [0.70207451 0.19579995 0.20483104 0.72109193 0.83195288 0.66185102] [0.20211134 0.35876178 0.10104264 0.22855912 0.11617919 0.44691988] [0.72018493 0.18548375 0.19648905 0.71369779 0.82212463 0.65152781] [0.17626824 0.35546081 0.09095027 0.22898849 0.11626358 0.44324578] [0.70165845 0.15165022 0.10662692 0.62759606 0.84954445 0.3952889 ] [-0.15190927  0.16245289 -0.06658443  0.12261684  0.49689941  0.23074184] 
85 [0.48048831 0.6389863  0.50953084 0.9259848  0.3521982  0.01479795] [0.43698459 0.19271798 0.14153381 0.46843952 0.87469557 0.62323522] [0.34437503 0.64047254 0.53902324 0.93731065 0.4349042  0.0178425 ] [ 0.30446038 -0.05151957  0.03649909  0.57905898  0.8456851   0.6001507 ] [0.31529142 0.63027836 0.54398969 0.94390989 0.47892427 0.01683478] [ 0.27088539 -0.05966998  0.03142864  0.5844259   0.83649234  0.59967052] 
86 [0.9647239  0.58484931 0.76162346 0.80442279 0.7200725  0.93509112] [0.93532905 0.7612022  0.67775248 0.00305673 0.10414681 0.52310831] [1.01876076 0.58548646 0.73794784 0.82777491 0.74247594 0.96402444] [0.87682444 0.76672868 0.6395174  0.01444188 0.11355176 0.56434618] [1.04150367 0.60771033 0.73397088 0.84649589 0.75944751 0.98746232] [0.84646716 0.77495475 0.59238623 0.03308204 0.13144052 0.62146211] 
87 [0.29185524 0.7260501  0.36514784 0.54374835 0.49812715 0.35072332] [0.90012224 0.86222521 0.23516358 0.53173124 0.43619324 0.27914324] [0.27964903 0.72914318 0.35544391 0.55323678 0.48674819 0.37181931] [0.90001642 0.85471374 0.2394882  0.51772154 0.40750676 0.25285485] [0.27404079 0.72756507 0.34082609 0.59612915 0.49398146 0.39879806] [0.9120229  0.823964   0.25691795 0.47628948 0.3444465  0.1956919 ] 
88 [0.19148363 0.14500728 0.12340609 1.06743449 0.45776218 0.88410589] [0.75873526 0.01113008 0.48486255 0.43561357 0.55592457 0.87964468] [0.16845023 0.15609093 0.13192222 1.08488874 0.42932501 0.88968906] [0.74361698 0.07507515 0.52632767 0.32846655 0.45668865 0.94113855] [0.11699245 0.18960072 0.1284544  0.80196325 0.39413505 0.95801679] [ 0.87669501  0.18664868  0.6991792   0.22014253 -0.08864232  1.2959105 ] 
89 [0.93276465 0.95287581 0.78075408 0.01846791 0.90252155 0.69540791] [0.04379263 0.86159395 0.71504474 0.58143426 0.49048478 0.38293701] [ 0.9893907   1.01552208  0.81197618 -0.03984044  0.93138243  0.68066658] [0.02360701 0.92109753 0.70764574 0.59215342 0.38374082 0.17042411] [ 1.00200412  1.030447    0.7876553  -0.03700521  0.94505353  0.66421561] [0.03026736 0.92469812 0.70661142 0.60618805 0.34709184 0.14021189] 
90 [0.18237069 0.05491292 0.02445057 0.73666835 0.20257855 0.52691363] [ 0.20677638 -0.01908837  0.78716664  0.78911286  0.14882132  0.34527148] [ 0.11601368  0.07191416  0.02901231  0.65079239 -0.01747691  0.6008564 ] [0.2490331  0.02312424 0.88020142 1.23090405 0.59476777 0.18123087] [ 0.15379881  0.04313881  0.01401576  0.65155528 -0.04087502  0.59813385] [0.22015664 0.00552177 0.8726175  1.22621773 0.6057888  0.17070361] 
91 [0.67958673 0.18004153 0.31279335 0.25493337 0.2745643  0.75429337] [0.64721159 0.28102568 0.40029703 0.50620651 0.68216926 0.54861843] [0.72418202 0.11713112 0.33008629 0.25090162 0.28036849 0.90596685] [0.76244147 0.30491052 0.36745974 0.50697425 0.64573091 0.65668393] [0.7550024  0.11048101 0.32823958 0.25684824 0.27474076 0.94839606] [0.77880947 0.32057135 0.37994759 0.50468178 0.67410833 0.66787332] 
92 [ 1.00463596 -0.02146806  0.13628993  0.72339459  0.83042438  0.85399726] [ 0.47264468  0.78967264  0.36779149  0.57524084 -0.06507424  0.99196265] [ 1.01948083 -0.0238569   0.12061354  0.71463013  0.84434517  0.86797674] [ 0.47852587  0.79110258  0.3492514   0.60427288 -0.0759509   1.00610058] [ 1.03110355 -0.02306591  0.11162295  0.7087389   0.85047392  0.87465107] [ 0.48350464  0.79344311  0.33770964  0.61386384 -0.08043181  1.01560025] 
93 [ 0.89731251  0.42793087  0.69870143  0.90830393  0.16849898 -0.0087761 ] [0.87482338 0.12528843 0.81332877 0.86999317 0.65242682 0.42430439] [ 0.90778139  0.4411829   0.72898193  0.90700789  0.16017557 -0.03125966] [0.88631398 0.13981834 0.82974657 0.86744461 0.65976499 0.4332847 ] [ 0.91169781  0.44465362  0.7467862   0.90561183  0.15477403 -0.04453289] [0.87904081 0.14244011 0.83882846 0.86619716 0.66586407 0.44134768] 
94 [ 0.19275794 -0.02062005  0.26641907  0.53702314  0.90548953  0.07581818] [0.68572769 0.27366654 0.05905949 0.15330763 1.0531549  0.71168222] [ 0.23247855 -0.05361145  0.26944215  0.54108018  0.9496808   0.06542645] [ 0.71110829  0.30442103 -0.03017581  0.12856748  1.019743    0.68383379] [ 0.25759645 -0.07015597  0.27395907  0.54412198  0.98106933  0.06069303] [ 0.72137027  0.32344095 -0.05935291  0.13638423  1.00395079  0.66881817] 
95 [0.22639425 0.54898404 0.09989012 0.87613454 0.2329329  0.82759629] [ 0.89247098  0.0315169   0.11808728  0.15026695 -0.06768943  0.53947957] [0.20631064 0.54944185 0.0994609  0.88372908 0.22980617 0.82392773] [ 0.90363362  0.01825186  0.10133729  0.13044698 -0.07323337  0.5442464 ] [0.35860894 0.51518697 0.12894383 0.87112602 0.48356657 1.00817896] [ 1.61283076 -0.13532772  0.07927187  0.33701065 -0.27663423 -0.15202184] 
96 [ 0.21480707  0.3316003   0.99885135  0.30833174 -0.07353244  0.88854762] [ 0.7425012   0.59446541  0.57427239  0.88081773  0.36817219 -0.16282024] [ 0.20819097  0.33024982  1.03569879  0.29040065 -0.09105552  0.86592516] [ 0.77856321  0.6039292   0.62045422  0.86521612  0.34839648 -0.18682356] [ 0.20693456  0.32790123  1.04540393  0.28311912 -0.10150083  0.86742146] [ 0.79013307  0.6057951   0.64507099  0.85777848  0.33690089 -0.19756409] 
97 [0.48494317 0.9838753  0.26005425 0.06520811 0.16444421 0.11437598] [0.41976459 0.82948393 0.02220955 0.51347585 0.38418018 0.0376496 ] [0.46252602 1.02267097 0.28880029 0.09140762 0.15785321 0.11421018] [ 0.40301532  0.95796759 -0.04684954  0.42338731  0.3358799  -0.02801478] [0.44385548 1.03463112 0.30751905 0.10558054 0.16228228 0.11507178] [ 0.42337423  1.02218135 -0.07340778  0.37977885  0.31069422 -0.05180444] 
98 [0.24824367 0.26277731 0.37746516 0.82661764 0.86744551 0.94471351] [0.98988478 0.07813653 0.18563252 0.22146535 1.55261978 0.27635156] [0.22432619 0.28197212 0.4007541  0.82726202 0.83542928 0.96973087] [1.00423022 0.03585631 0.19790621 0.14829123 1.61446193 0.23467168] [0.21891872 0.28480195 0.40473401 0.8281576  0.82536204 0.97268119] [1.01672628 0.03035968 0.19819183 0.1245164  1.62545018 0.22272941] 
99 [0.67560731 0.66219822 0.98143212 0.55838685 0.53485598 0.70033593] [0.98112049 0.79286374 0.56432786 0.40307655 0.00098163 0.32593338] [0.66588189 0.68496351 0.99540179 0.52733649 0.51557401 0.68159482] [0.98260467 0.75754455 0.58799849 0.44463441 0.01619792 0.33193517] [0.66556792 0.6933266  1.00109121 0.51300988 0.50767841 0.67493866] [0.98647822 0.74116885 0.60224856 0.46832892 0.02640208 0.34494124] 
100 [0.37455225 0.44063545 0.4879403  0.20598411 0.33332794 0.90444491] [-0.04957402  0.63800835  0.48605039  0.27841705  0.28103257  0.13531659] [0.36436573 0.43578957 0.48292488 0.20338206 0.30918609 0.89738844] [-0.0656935   0.58181881  0.46987398  0.29013483  0.30372853  0.18597292] [0.35863399 0.43583889 0.4818325  0.20930734 0.30455831 0.895421  ] [-0.06716325  0.54738099  0.4577265   0.29246072  0.30993743  0.23030591] 
101 [0.68383882 0.68864198 0.89296844 0.61104588 0.59466829 0.91305019] [0.51132386 0.96537017 0.84110683 0.80700651 0.58464966 0.47412045] [0.68669306 0.74020105 1.04122477 0.66377547 0.60912949 0.94039721] [0.73291137 0.90433258 0.68047542 0.91267895 0.5076021  0.49035287] [0.65106572 0.73476016 1.06098184 0.68386111 0.52820869 1.05839468] [0.79182798 0.85711812 0.6413901  0.96711793 0.51526846 0.44672616] 
102 [0.76048774 0.30989822 0.42014894 0.47427975 0.91131723 0.08562257] [ 0.0122202  -0.04967301  0.09332405  1.01066441  0.78005939  0.19089347] [0.76402847 0.31377319 0.42378822 0.47856688 0.92050041 0.08020389] [ 0.01539128 -0.05752276  0.06441961  1.00078517  0.7884313   0.19630819] [0.76590024 0.31602006 0.42707187 0.48256969 0.93221069 0.07354259] [ 0.01624429 -0.05924812  0.0459002   0.98878734  0.79120434  0.19464918] 
103 [0.17519828 0.62352186 0.56416217 0.51064875 0.49490677 0.40234803] [ 9.00454006e-01  3.04715574e-01 -7.38687984e-04 -1.97010513e-02
  8.75290535e-02  5.58880420e-01] [0.16982125 0.59288078 0.58119713 0.5284933  0.504755   0.37979396] [ 0.94586147  0.24308317  0.01147167 -0.02276976  0.05835353  0.58109227] [0.11654672 0.6440759  0.76800071 0.75569845 0.43645339 0.49971803] [ 0.55989498 -0.04795457 -0.02864087 -0.68452448  0.4067287   0.24444446] 
104 [0.96659744 0.90587517 0.13191625 0.78629135 0.21041926 0.33224475] [0.92184867 0.69204457 0.06780058 0.4484711  0.56587654 0.76084873] [1.01146083 0.90700759 0.12877054 0.77857881 0.26733854 0.39185508] [0.91066248 0.71515031 0.09199569 0.42482384 0.5189326  0.64986092] [1.02737936 0.90095715 0.10612553 0.75726831 0.31783385 0.43832911] [0.8630023  0.68664356 0.04166476 0.41391426 0.50094171 0.54652492] 
105 [ 0.23028578 -0.03362404 -0.2018743   0.55951003  0.51724735  0.28182306] [0.80179881 0.57683598 0.83753585 1.12473005 0.34758878 1.30614382] [ 0.20217682 -0.04688684 -0.21040025  0.55252669  0.53422646  0.28704567] [0.81439836 0.58983699 0.80569105 1.13733427 0.32104586 1.34647315] [ 0.13586027 -0.10638241 -0.21927545  0.48725135  0.5307592   0.33312977] [0.86582709 0.67613653 0.47885724 1.21528758 0.24133984 1.42124828] 
106 [0.3042354  0.78926048 0.54860228 0.63780062 0.79690195 0.76713143] [0.57402819 0.18209812 0.94434381 0.85154514 0.98823641 0.91673365] [0.31929457 0.78745785 0.56464768 0.60753707 0.78273396 0.74646756] [0.58984327 0.19148385 0.98771537 0.80799975 1.02559327 0.91585082] [0.35662119 0.78309541 0.58944183 0.55600949 0.70105914 0.65532412] [0.67532361 0.2759681  1.08854097 0.76644476 0.98886465 0.88172281] 
107 [0.39604038 0.26683901 0.75914852 0.84382527 0.92222795 0.22701496] [0.87401277 0.07919909 0.74207766 0.84057818 0.23457273 0.38898942] [0.3814625  0.26804981 0.76644284 0.82890667 0.93168256 0.23221018] [0.88108016 0.02682021 0.74408056 0.85783266 0.24080899 0.39945855] [0.31531387 0.29235885 0.78214519 0.82830966 0.98409511 0.25555357] [ 0.87796229 -0.06004661  0.60883228  0.80917602  0.22451778  0.42511772] 
108 [0.41776822 0.38314289 0.09508736 0.2737348  0.69815765 0.95784207] [0.19788362 0.77675725 0.50505172 0.51371526 0.72444947 0.42072943] [0.43659617 0.40187904 0.08605393 0.27990604 0.70395416 0.96118694] [0.18170087 0.78306815 0.50942527 0.50732043 0.73318042 0.42603257] [ 0.45590983  0.52729104 -0.0459266   0.35625779  0.94648728  0.85957161] [0.10297411 0.85567222 0.63887954 0.12528366 0.63550382 0.30700455] 
109 [-0.2577514   0.87700057  0.04505391 -0.0483307   0.1539914  -0.04367932] [0.49745548 0.2014808  0.08170553 0.94606531 0.96630926 0.85591299] [-0.26345833  0.88254035  0.02824823 -0.07123045  0.1702703  -0.0413177 ] [0.46757969 0.20324678 0.08809673 0.94394276 0.95692395 0.85419627] [-0.26540441  0.88881244  0.01342086 -0.09283999  0.18877275 -0.04017967] [0.43943494 0.21489488 0.10097936 0.94173502 0.93812027 0.84233178] 
110 [0.23663448 0.5608767  1.10137999 0.95478716 0.07796889 0.81957809] [0.87975146 0.24151635 0.24490131 0.60337685 1.11061552 0.05721802] [0.21641481 0.56973031 1.10804032 0.95360765 0.05219846 0.82035252] [0.9364997  0.25486986 0.18505464 0.6140523  1.12004968 0.03933773] [0.2041212  0.57978364 1.09823364 0.93450536 0.02774472 0.81688426] [0.97725938 0.25197808 0.14979612 0.62530485 1.12137361 0.04463775] 
111 [0.82102424 0.75039439 0.10875244 0.83015817 0.61060017 0.07268938] [0.06554826 0.82656614 0.87113121 0.2312914  0.57163852 0.81697925] [ 0.9445248   0.8961255   0.13480344  0.83942828  0.58210462 -0.00179496] [0.01770443 0.67890683 0.68293431 0.10381998 0.5651473  0.83408638] [ 0.94926786  0.90755122  0.13461632  0.84462735  0.57248318 -0.00281309] [0.0171821  0.6921392  0.64635291 0.10223121 0.55591114 0.83923106] 
112 [0.1238139  1.07005318 0.65052857 0.722038   0.10125123 0.11266787] [ 1.40722    -0.0147163   0.37218212  0.55125748  0.90955371  0.18311624] [0.13005263 1.07167331 0.64981498 0.71783536 0.09138522 0.10589731] [ 1.37734073 -0.01253912  0.30638029  0.55154251  0.93744519  0.19302824] [ 0.22927027  1.07311635  0.63773698  0.66563947 -0.09641462  0.19901189] [ 1.06458085 -0.05486272  0.06378675  0.58657383  0.98197782  0.18226504] 
113 [0.64681637 0.61174619 0.17505597 0.97438099 0.33977499 0.72303387] [0.16913982 0.34479509 0.68602389 0.23113065 0.30981702 0.23961348] [0.67500943 0.63042769 0.24375197 0.98735574 0.310279   0.76099675] [0.19431077 0.32036602 0.68027728 0.21211545 0.31652609 0.3412075 ] [0.65216396 0.63343382 0.28859081 0.99306952 0.28499241 0.79296163] [0.18103514 0.30240044 0.71184476 0.21366775 0.32864166 0.40250085] 
114 [ 0.40471972  0.48576282  0.36059322  0.35841391  0.5084714  -0.11879364] [0.52051534 0.28259312 0.12207694 0.5526448  0.59347937 0.58623553] [ 0.38740632  0.48015188  0.36676222  0.37467427  0.49829192 -0.13850282] [0.49542724 0.26051927 0.11768906 0.51396877 0.60725152 0.60582898] [ 0.37563949  0.47297698  0.36770249  0.38255934  0.49274582 -0.14388048] [0.47658767 0.24699137 0.11562904 0.49076284 0.61255791 0.613247  ] 
115 [0.415323   0.08994523 0.23651803 0.20392009 0.10080417 0.07101535] [0.06541092 0.54762447 0.38596852 0.46475145 0.17978579 0.71444259] [ 0.25961877 -0.1526547   0.38572112 -0.05119509  0.34147201 -0.075379  ] [0.2860149  0.66798168 0.66666814 0.62793424 0.38927967 1.00823203] [ 0.28861537 -0.15325971  0.42416403 -0.09049823  0.4512679  -0.08906263] [0.33523286 0.62991888 0.62555465 0.64726216 0.44024467 0.95082314] 
116 [0.40270696 0.67870226 0.80565349 0.54105355 0.94646856 0.68985603] [ 0.47121017  0.25990233  0.8909666  -0.08925743  0.34865511 -0.1449883 ] [0.37506371 0.63644359 0.838243   0.51824879 0.95073431 0.67793504] [ 0.46231919  0.25723531  0.83491932 -0.07783747  0.30115628 -0.1646502 ] [0.3660855  0.62589021 0.85203481 0.5099211  0.96124418 0.67258066] [ 0.46280733  0.25134607  0.81211783 -0.07189768  0.28252749 -0.17576261] 
117 [0.81526859 1.04000435 0.1676782  0.4908432  0.71773674 0.50004515] [ 0.01910141  0.72972559  1.03693847 -0.02227884  0.11953683  0.1761461 ] [0.82094059 1.04537057 0.17911172 0.48227989 0.7088099  0.48304083] [-0.00312738  0.71976127  1.0283686  -0.01820229  0.12039162  0.18531102] [0.82483944 1.04989883 0.18563633 0.47404725 0.70027864 0.46790246] [-0.01002803  0.71009823  1.01942647 -0.01390244  0.11377306  0.20141725] 
118 [ 0.43715946  0.62446694  0.0552144  -0.05982527  0.94717547  0.38056723] [ 0.11527882  0.68648177  0.2315482   0.60824965 -0.13702365  0.42473043] [ 0.46998192  0.64453908  0.07090722 -0.06168086  0.94460763  0.39792902] [ 0.13931138  0.7036734   0.26239659  0.62928687 -0.34354671  0.40687135] [ 0.50660062  0.66351638  0.08630665 -0.0746423   0.94771996  0.41947463] [ 0.17474821  0.69079687  0.27579413  0.62826951 -0.40199419  0.40934898] 
119 [0.35727118 0.05806191 0.38771815 0.96934559 0.67369892 0.03489584] [0.52341688 0.04325384 0.56442117 0.01624781 0.85973211 0.66935405] [0.33965348 0.05512576 0.38246395 0.9677172  0.67225869 0.03484906] [0.52047658 0.04470929 0.5682091  0.02966476 0.86170522 0.66691503] [ 0.19484621  0.08820067  0.27232719  1.02308771  0.37870825 -0.05400416] [0.59498983 0.25523341 0.60660924 0.57606322 0.72252036 0.54549746] 
120 [ 0.42580625 -0.12572564  0.685177    0.35452567  0.12001104 -0.00432945] [0.41006953 0.74662957 0.08136013 0.23295471 1.0646112  0.2135911 ] [ 0.40391149 -0.116925    0.67988258  0.34578597  0.11515118 -0.01078875] [0.39378467 0.73375908 0.09913319 0.23275153 1.06762846 0.21710488] [ 0.3864774  -0.1080342   0.67902699  0.33805531  0.11490855 -0.01737575] [0.38449155 0.72579036 0.11323272 0.23180112 1.06714637 0.21747797] 
121 [ 0.43747405  0.75226901  0.1244042   0.87343141 -0.10937332  0.43293995] [0.46621263 0.28296825 0.14142688 0.59527833 0.87859284 0.48735735] [ 0.44112598  0.73560576  0.1887664   0.85264298 -0.22822557  0.46437083] [0.47391452 0.19395575 0.12887433 0.65226348 0.9589315  0.15786264] [ 0.26787987  0.70231753  0.34640205  0.98309242 -0.13237824  0.59121556] [ 0.34049887  0.07237195 -0.02658182  1.23480965  1.1020686   0.22448309] 
122 [0.13282463 0.31553987 0.38456039 0.68166421 0.66272644 0.58455147] [ 0.72609594  0.57929588  0.13682886  1.1446702  -0.00874164  0.26118286] [0.15590868 0.27066891 0.38892909 0.61788402 0.78356382 0.70571968] [ 0.67338159  0.61441126  0.26496     1.16326763 -0.029171    0.30748716] [0.17058023 0.26676987 0.38742253 0.60700871 0.80802202 0.73289018] [ 0.68465778  0.62048838  0.28478439  1.14502863 -0.03397559  0.32121824] 
123 [0.27549439 0.67465411 0.09843256 0.09874235 0.56879461 0.89798169] [0.3771649  0.17668807 0.7666881  0.89083714 1.0862313  1.2601422 ] [0.30400146 0.63900987 0.11234205 0.06884627 0.57922417 0.88365172] [0.35811271 0.18820851 0.76515293 0.86020572 1.138762   1.31053167] [0.32375072 0.60723571 0.13812006 0.02979581 0.59208255 0.85335182] [0.34251655 0.19614921 0.7613212  0.84252188 1.17706291 1.3255897 ] 
124 [0.04626541 0.27120961 0.79444088 0.64250192 0.3462963  0.77973484] [0.95072043 0.55237857 0.85835375 0.03472722 0.71501397 0.86264969] [0.03374836 0.26251695 0.78993058 0.66070073 0.36527827 0.77281402] [0.97469718 0.55118903 0.86566125 0.02368778 0.71189342 0.86621095] [0.02333908 0.25882116 0.78623105 0.67113192 0.37611276 0.76167953] [0.9858038  0.55202669 0.86463038 0.01875079 0.71562253 0.87352705] 
125 [ 0.61033501  0.88120462 -0.02370429  0.38603129  0.82092963  0.10115468] [ 0.1824872   0.32851878 -0.14952185  0.13788554  0.56336163  1.05391477] [ 0.54507683  0.82130523 -0.03759159  0.30874534  0.71068733  0.01278543] [ 0.12433856  0.2015476  -0.2265439   0.15848495  0.6655293   1.19991801] [ 0.42333309  0.81523271 -0.07844846  0.36268184  0.82003964 -0.06768165] [ 0.11216088  0.2298109  -0.22446393  0.00492095  0.76973122  1.27252185] 
126 [0.87365985 0.04891287 0.17156475 0.80636845 0.62108621 0.26617422] [0.3501731  0.08999861 0.36142551 0.65312843 0.62470633 0.26532168] [0.90570721 0.02692203 0.14644843 0.83139953 0.67185645 0.24340297] [0.32947271 0.07587186 0.32269675 0.67883052 0.62003731 0.28409056] [0.92217743 0.01357473 0.13006968 0.84782469 0.69687893 0.22789073] [0.3275511  0.07707794 0.30917396 0.68391994 0.62401337 0.29414543] 
127 [0.46897996 0.80706123 0.65633123 0.46707477 0.58990207 0.01227561] [0.17727402 0.09600962 0.17024855 0.36576871 1.03918651 0.31747167] [0.47264917 0.82001965 0.65763606 0.42697067 0.59143062 0.00870541] [0.13196481 0.06309305 0.0931959  0.40788838 1.04806857 0.32560037] [0.47136488 0.83872516 0.66522228 0.39667217 0.60416599 0.01384148] [0.11357162 0.05553469 0.05733816 0.4377385  1.05191422 0.32862423] 
128 [0.25498612 0.71263987 0.23643789 0.84890578 0.57859052 0.15613591] [0.89992407 0.79442731 0.28759065 0.34186126 0.06395836 0.1868024 ] [0.26095904 0.70944403 0.23568912 0.85287214 0.57427677 0.15429447] [0.92996527 0.76951817 0.29028803 0.32150195 0.05523821 0.16596599] [0.26288775 0.70493923 0.23703612 0.86126197 0.5702755  0.15248457] [0.94359476 0.74807792 0.30031093 0.29950891 0.05183755 0.15088083] 
129 [0.37634726 0.48298769 0.28183301 0.95907152 0.28071067 0.88974272] [0.73686399 0.34987161 0.2719583  0.37395156 0.67117752 0.62172368] [0.35656689 0.49128396 0.29871246 0.97020291 0.26293164 0.89031969] [0.72703957 0.33461695 0.26332637 0.36317349 0.68894659 0.63454688] [0.14947562 0.25492368 0.70565745 1.02278819 0.34913958 0.59111443] [0.77158618 0.47443999 0.22414355 0.02943622 0.26319415 1.06303935] 
130 [0.24124689 0.42435994 0.03181466 0.41069167 0.14595938 0.97648   ] [0.03616783 0.6076197  0.945861   0.7089324  0.00444848 0.22735934] [0.27816108 0.45842228 0.08406386 0.44588654 0.12732326 0.95673044] [0.33745864 0.46081783 0.84437463 0.74601705 0.06159076 0.03600055] [0.21886777 0.36625186 0.34916196 0.22653745 0.46801116 1.25155517] [ 0.83014613  0.4106995   1.20805116  0.92085234  0.12292674 -0.34328386] 
131 [0.22244882 0.74098619 0.83634177 0.81705268 0.30262246 0.57973215] [0.78516365 0.01877204 0.11073082 1.21347041 0.47142187 0.22343477] [0.21521727 0.74411443 0.83888204 0.80731794 0.26223421 0.59177324] [0.8355289  0.02648989 0.10431396 1.28513372 0.45128646 0.21869084] [0.20662669 0.74478301 0.83856564 0.80364099 0.23297721 0.59700628] [0.87832259 0.0304539  0.09169396 1.3380549  0.41600967 0.21205288] 
132 [0.48078531 0.2803512  0.56192285 0.04959724 0.2868344  0.5862654 ] [-0.03516678  0.055603    0.41301966  0.19095636  0.29089261  0.80641969] [0.51633012 0.32487403 0.61625312 0.03453033 0.25839865 0.40508581] [0.00416885 0.0312567  0.37769363 0.16588082 0.42516978 0.79767825] [0.52366601 0.33331792 0.62559803 0.02962014 0.25220739 0.39269738] [0.03227258 0.0163792  0.37620891 0.16514636 0.42559573 0.8111746 ] 
133 [0.37817099 0.69435158 0.95676759 0.15274512 0.03236594 0.60274881] [0.0807077  0.87218522 0.05617464 0.378015   0.32658328 0.40506701] [0.392735   0.70990723 0.96421614 0.16012719 0.05406007 0.64207018] [0.05419494 0.86078399 0.03276477 0.35354763 0.29545139 0.46100767] [0.39603963 0.7152469  0.96651086 0.16096632 0.05960394 0.67825954] [0.02541724 0.85753616 0.02242045 0.36300449 0.29489935 0.52444487] 
134 [ 0.66169447  1.0929054   0.14150056 -0.00646012  0.5436114   0.62617136] [-0.0144895   0.64963164  0.71328736  0.89750898  0.39784862  0.33051272] [ 0.76150989  1.17025262  0.17644022 -0.14491087  0.30724954  0.54229379] [0.05405269 0.49089003 0.77490465 1.20768534 0.31458383 0.21106635] [ 0.76803576  1.16418039  0.1731082  -0.15818423  0.31473732  0.53743626] [0.05401797 0.49541224 0.7820776  1.24116785 0.28273658 0.20159761] 
135 [0.4068559  0.12884726 0.68177102 0.84049771 0.39219895 0.91232372] [0.6492592  0.41806637 0.39194973 0.81813321 0.76838214 0.83583959] [0.20530491 0.22831784 0.59006665 0.99054147 0.19582183 0.87671743] [ 0.67999962  0.32958633  0.13047954  0.52852691  1.22319538 -0.16212969] [0.18811157 0.20184786 0.58777225 1.00209641 0.16642716 0.80718188] [ 0.72220708  0.2601397   0.09539759  0.4842827   1.22710815 -0.20028055] 
136 [1.04259374 0.32420751 0.43040171 0.5061684  0.21929042 0.7688597 ] [ 0.02941739 -0.04880515  0.25748477  0.47737927  0.37606112  0.18552435] [1.05489579 0.33079892 0.43507151 0.54030053 0.27922451 0.80967421] [4.18638858e-04 1.44087530e-02 1.68340032e-01 5.21188311e-01
 3.21429167e-01 1.70681896e-01] [1.05737226 0.33323607 0.43972544 0.5556549  0.30689785 0.82156766] [-0.00840507  0.03357661  0.13926321  0.53884959  0.30288769  0.15994526] 
137 [0.01977397 0.19729039 0.33774608 0.70305024 1.02016739 0.6825078 ] [0.30677544 0.78657106 0.1055291  0.11042416 0.31932866 1.02309665] [0.00373936 0.1798904  0.31331252 0.70010455 1.06097198 0.69645686] [0.33026038 0.73103154 0.07283911 0.11860235 0.29418006 1.05489676] [0.0847549  0.14211316 0.48593197 0.87995473 1.13311417 0.55624721] [-0.27256991  1.22112771  0.12811463  0.05737026  0.27552637  1.41591658] 
138 [1.03558749 0.60783789 0.31232586 0.28256985 0.39103416 0.45814714] [0.53628225 0.55903178 0.48516247 0.65634855 0.25982513 0.67255358] [1.04557537 0.61302525 0.31954755 0.29588945 0.40415486 0.46197154] [0.51843644 0.5587203  0.45599934 0.647642   0.23428907 0.69442591] [1.0522962  0.62095051 0.32468026 0.29889079 0.41220544 0.46434083] [0.50875878 0.5558807  0.44276966 0.65019151 0.21605465 0.71467204] 
139 [0.97042026 0.95175674 0.73559477 0.19546648 0.04565769 0.75191514] [0.85436131 0.6991414  0.01142716 0.19204075 0.47424218 0.48151539] [0.98849079 0.953144   0.73332235 0.19287394 0.03487118 0.73511985] [ 0.84101968  0.70314251 -0.00367447  0.19771699  0.48357236  0.47061383] [1.01399995 0.95904808 0.73751953 0.19775837 0.027074   0.71117341] [ 0.8273181   0.68990204 -0.03402285  0.19462928  0.48524573  0.45596178] 
140 [0.88131954 0.38123624 0.87126933 0.4366715  0.12534282 0.34489372] [0.3147429  0.77649249 0.92912953 0.97490105 0.28169411 0.90086114] [0.8545642  0.3830179  0.8525264  0.44926313 0.13538063 0.35291486] [0.28091287 0.78299724 0.95162201 0.99163835 0.29899254 0.91138631] [0.83294653 0.38830627 0.84479549 0.45515895 0.14066489 0.35381676] [0.25808052 0.78822362 0.9595466  1.00357227 0.31568886 0.91851441] 
141 [ 0.38308305  0.73064754  0.22579698  0.70044507  0.32546778 -0.06262884] [0.40660569 0.00827233 0.03007281 0.90536781 0.30242742 0.8766266 ] [ 0.3390332   0.73642617  0.23541488  0.70952368  0.30868816 -0.06999741] [3.99353551e-01 1.78178065e-02 7.27760851e-04 9.53365292e-01
 2.58772355e-01 8.48546686e-01] [ 0.3102951   0.73705102  0.24141454  0.71602742  0.30002113 -0.0745178 ] [ 0.4003219   0.02503445 -0.01292532  0.98895746  0.23191107  0.83134786] 
142 [0.33596587 0.99837658 1.02128035 0.11843152 0.4593694  0.43880648] [ 0.93384313  0.30461961 -0.00974994  0.07845615  0.66885692  0.88870731] [0.2673604  1.01252371 1.08352736 0.21270512 0.48214071 0.10671533] [ 1.13253091 -0.05418677 -0.11844406  0.15431501  0.54247882  1.01468585] [0.26375839 1.02166273 1.08921664 0.22876088 0.47811075 0.09957299] [ 1.13279079 -0.07448632 -0.12461556  0.17811645  0.53001022  1.02107039] 
143 [0.28203793 0.30728253 0.81977835 0.83910107 0.67428713 0.3555674 ] [0.81062172 0.38682238 0.43229394 0.94726453 0.75208265 0.17601539] [0.18245987 0.35111529 1.08700818 0.81293516 0.56246916 0.47662941] [0.89397237 0.56225345 0.3599429  1.30570574 0.47074035 0.14677604] [0.26408054 0.50806869 1.09720397 0.63673381 0.63835056 0.50560327] [ 1.03779058  0.2109085   0.24514267  1.44097775 -0.01158959  0.22516798] 
144 [0.37276514 0.36790722 0.99336937 0.27858216 0.80838881 0.80438856] [0.68189213 0.18991175 0.91546784 0.77756898 0.13323653 0.72563185] [0.19917307 0.33754027 1.23656373 0.29620458 0.89418169 0.84329701] [0.76447558 0.40823476 0.99299038 0.78903362 0.18255597 0.73103559] [0.19217203 0.34337049 1.24752259 0.29188445 0.90439412 0.84343502] [0.78044788 0.41677142 0.99613769 0.78157414 0.1835676  0.7351963 ] 
145 [0.50986367 0.20947268 0.4716007  0.46072132 0.65756052 0.15505146] [0.36725784 0.31137647 0.95401953 0.96897282 0.04075576 0.53175475] [0.46576719 0.21515049 0.54905929 0.49309319 0.70250037 0.20422616] [0.38089831 0.20232766 0.90035169 0.93493194 0.08378099 0.55020944] [0.46249939 0.20991252 0.56312328 0.49316247 0.7090108  0.21070034] [0.39099429 0.18856779 0.90826704 0.93551678 0.09512455 0.55864913] 
146 [ 0.2650635   0.32693415  0.36436182  0.25898463 -0.07450044 -0.095258  ] [0.60353722 0.52000662 0.69762219 0.61314173 0.4919558  0.16649918] [ 0.23642744  0.32923946  0.37060234  0.31196154 -0.0636252  -0.10598832] [0.62031437 0.55628746 0.71864435 0.63470429 0.48824058 0.17234926] [ 0.21979168  0.33353609  0.37145908  0.33701532 -0.05860625 -0.11034333] [0.6370225  0.57917349 0.73063156 0.6441898  0.48554962 0.17279667] 
147 [0.19157279 0.5665055  0.91082054 0.51912315 0.54054725 0.09614671] [ 0.82784952  0.11378235  0.11627117 -0.00774003  0.47100476  0.13968843] [0.1829526  0.62503773 0.93999093 0.50586761 0.47575382 0.29570891] [ 0.87835005  0.04678342  0.05195879 -0.1726054   0.41305097  0.23523522] [0.17773666 0.53799539 1.07954165 0.58777563 0.50426878 0.52021309] [ 0.35719601 -0.04493363  0.00164202 -0.75936896  0.32803167  0.21413966] 
148 [0.95996772 0.30302575 0.07524676 0.29428941 0.44914722 0.07940557] [0.88837639 0.49705578 0.87673453 0.2744929  0.97027922 0.65557386] [0.96691238 0.29947061 0.07152622 0.29252193 0.44755109 0.08330609] [0.88621124 0.51399407 0.89280166 0.29782197 0.98343206 0.6728673 ] [0.96915797 0.29782737 0.07266519 0.29050514 0.44588612 0.0887697 ] [0.88675988 0.5234165  0.90256046 0.31313056 0.99279347 0.6865195 ] 
149 [ 0.24298087  0.07692125 -0.00663258  0.60346093  1.02135653  0.78573541] [0.35233205 0.5688248  0.87821811 0.63664129 0.74531771 0.2405356 ] [ 0.42367738  0.02240183 -0.27143074  0.49197786  1.38997064  0.58917644] [0.69264422 0.88473699 1.13381867 0.15449468 0.907217   0.23517606] [ 0.49150009  0.05025533 -0.1932985   0.54813446  1.43038548  0.62896941] [ 0.75146732  1.12829187  1.14653521 -0.00581993  0.70735204  0.21870957] 
150 [0.93685052 0.94247035 0.29085568 0.45077704 0.68474902 0.36387898] [0.66288337 0.83797547 0.19370648 0.84404027 0.91263486 0.94873707] [0.94213277 0.96163286 0.31020551 0.46144397 0.68441706 0.3619382 ] [0.68034601 0.81271018 0.21006927 0.83065601 0.91754798 0.94260237] [0.95369807 0.97385991 0.32292529 0.46649257 0.68409558 0.35814525] [0.69124247 0.79308938 0.21824442 0.82970345 0.91944783 0.93582593] 
151 [0.2412324  0.58008924 0.71150072 0.34985058 0.9320873  0.13707832] [ 0.96205443  0.94074435 -0.04602143  0.04289784  0.54165313  0.06966368] [0.21863727 0.55232613 0.72099419 0.35962983 0.94125154 0.10464249] [ 0.94441666  0.86259831 -0.05135455  0.041359    0.65099043  0.05441772] [0.20883755 0.52891139 0.7247761  0.36492365 0.94588491 0.0815448 ] [ 0.94068329  0.80143543 -0.04439929  0.0421433   0.72804337  0.03470956] 
152 [0.85708732 0.69926381 0.80521196 0.54214373 0.80690096 0.19106408] [0.8350999  0.90127224 0.20226101 0.71713506 0.38843509 0.91813381] [0.7024347  0.67213362 0.80517272 0.5418015  0.8675103  0.20424089] [0.81109511 0.97493304 0.40205386 0.69312468 0.3808937  0.91219055] [0.68518838 0.66955447 0.80062532 0.53850503 0.87635748 0.20689539] [0.78868916 0.97722485 0.41366692 0.70571995 0.3861288  0.91461019] 
153 [0.67431385 0.6596928  0.23001867 0.99881735 0.06151511 0.3852187 ] [0.73729072 0.90927745 0.91890237 0.07433957 0.50856926 0.10162684] [0.59530779 0.61996243 0.1493328  1.02312157 0.08683711 0.37674652] [0.80031769 0.88843435 0.91922948 0.0337672  0.46493873 0.11268545] [ 0.19164293  0.53698409 -0.0741458   0.92270091 -0.04572147  0.4427632 ] [ 1.02559541  0.80754094  0.96157991 -0.13725067  0.26797266  0.11199867] 
154 [0.14945494 0.24531565 0.50542844 0.20280317 0.62880636 0.92571137] [ 0.76239426  0.67561961 -0.11549749  1.12278432  0.35564117  0.27524202] [0.14819465 0.25851321 0.50107654 0.2098837  0.61591134 0.89924521] [ 0.77002611  0.66937936 -0.15376405  1.13326251  0.32672356  0.24842149] [0.14986124 0.26528101 0.50458755 0.21226028 0.60323366 0.87452517] [ 0.7844919   0.6566712  -0.18184901  1.14141305  0.31593841  0.23768742] 
155 [0.89029708 0.54344536 0.868407   0.51205435 0.82728559 0.41723485] [0.78579335 0.24478245 0.91253741 0.88085964 0.83982624 0.14331336] [0.8562527  0.54514524 0.86314933 0.49702956 0.81325339 0.42092775] [0.81846809 0.28628734 0.88119175 0.87480635 0.82172326 0.13852299] [0.82602089 0.55252181 0.85390719 0.49654307 0.793096   0.43024368] [0.83387816 0.3152823  0.84867261 0.85876927 0.80817679 0.12352914] 
156 [0.36977234 0.45598098 0.45314625 0.33695155 0.27198504 0.05186795] [0.4433822  0.36074351 0.19430991 0.68551329 0.35345286 0.84763079] [ 0.22112496  0.33728325  0.63804632  0.42102464  0.42292157 -0.07409699] [0.75471692 0.62780153 0.13974885 0.69238902 0.37502271 0.89883485] [ 0.2135655   0.3397331   0.64890671  0.41141922  0.42830087 -0.08341552] [0.76620657 0.63319939 0.13744935 0.71694513 0.38050521 0.88784796] 
157 [0.30687933 0.42787357 0.22849779 0.85067251 0.0172417  0.01289825] [0.55237092 0.41424983 0.13187908 0.98071086 0.05685553 0.72485369] [0.30378282 0.41472739 0.23194554 0.85052913 0.02079108 0.0149203 ] [0.56417764 0.40910364 0.13766796 0.9817523  0.0587331  0.72742064] [ 2.06852832e-01  3.71744148e-01  4.08698936e-01  9.66114208e-01
  7.86143270e-02 -6.02447127e-04] [ 1.00896519 -0.02068871  0.12211172  0.88238548  0.06955723  0.77189243] 
158 [1.00723455 0.38928446 0.33551665 0.69232912 0.17889682 0.39584945] [0.3416614  1.01218236 0.26041057 0.7134412  0.44267035 0.55342387] [1.0597571  0.36743293 0.35570161 0.71171266 0.18589255 0.34122774] [0.28943073 1.02530355 0.25397255 0.68894893 0.458994   0.60796971] [ 1.27687009  0.24036438  0.39568208  0.82112217  0.15485774 -0.06379755] [-0.04625059  1.4854584   0.60307621  0.53909893  0.55822042  0.49098356] 
159 [0.26639015 0.29717894 0.71604085 0.51939329 0.48265708 0.43609543] [ 0.06865769  0.58200668  0.87550387  0.93876085 -0.0240856   0.52471245] [0.25738852 0.29087508 0.7113606  0.50239163 0.4802533  0.43481626] [ 0.0520533   0.54571671  0.89746139  0.92931713 -0.01476611  0.54688984] [0.25006616 0.28501875 0.71518018 0.4931543  0.4795022  0.43489349] [0.04778051 0.52285577 0.91316271 0.92404455 0.00322656 0.57653981] 
160 [0.81247706 0.05772879 0.86987004 0.66487441 0.11559103 0.50763368] [0.49158504 0.4598719  0.70425921 0.70072619 0.24778379 0.10055045] [0.85748809 0.05558374 0.90112953 0.67770659 0.11367352 0.51046453] [0.44815324 0.41258589 0.66819244 0.74649807 0.29936738 0.1236246 ] [0.88994403 0.04592276 0.92104863 0.67844694 0.12214028 0.50685075] [0.42259882 0.38527234 0.67657437 0.75712968 0.31872026 0.15561062] 
161 [0.77426466 0.58951547 0.44964752 0.35607984 0.31052539 0.12234932] [ 0.32817131  0.95172737  0.06823654 -0.00200741 -0.06528494  0.66750372] [0.82796767 0.63790613 0.44187868 0.3472402  0.29488118 0.12600534] [ 0.31667302  0.94027426 -0.00225489 -0.12537001 -0.13247127  0.64325105] [0.83674931 0.6563929  0.44255092 0.34860509 0.28795623 0.13115856] [ 0.30972711  0.93423128 -0.01755005 -0.15081211 -0.13954735  0.65706044] 
162 [0.68256803 0.06852606 0.93671128 0.68234456 0.58717648 0.5688423 ] [0.37306586 0.26809523 0.35135864 0.59995037 1.05110948 0.6613718 ] [0.63884814 0.03902667 0.94926596 0.69973068 0.57513732 0.54683996] [0.35291703 0.22617756 0.30840274 0.6411252  1.10755449 0.60456763] [ 0.34390039 -0.15158172  1.01089576  0.84309674  0.49535157  0.27578475] [0.46395625 0.44345507 0.05436461 0.19282451 1.32565578 0.25549537] 
163 [0.13584761 0.58627436 0.25231869 0.95611081 0.53019139 0.92157775] [0.82534903 0.64855848 0.1646077  0.80727423 0.41655235 0.09694234] [0.14041995 0.57521563 0.26264714 0.96309565 0.51845788 0.92433585] [0.92454134 0.65802683 0.17768774 0.82092001 0.4143212  0.10673256] [0.14368982 0.23962311 0.30076194 0.93419915 0.59282728 1.03342263] [ 0.91200761  0.68534005  0.2064327   1.04604424 -0.09667479  0.31885049] 
164 [0.584753   0.61087253 0.10698889 0.26061648 0.68165838 0.45273953] [0.46952214 0.84966835 0.06445775 0.99635606 0.94513236 0.91749818] [0.60633327 0.64756517 0.05909322 0.21758946 0.72738431 0.46752452] [0.44752136 0.85407455 0.03852046 0.9306575  1.03149898 1.06518465] [0.60691282 0.65016904 0.04949071 0.20835919 0.72662287 0.47606431] [0.44138347 0.86362612 0.04108476 0.91502775 1.04082819 1.1045186 ] 
165 [0.89960013 0.45700378 0.29145991 0.69587376 0.58874669 0.44634646] [0.68544011 0.12511854 1.01899082 0.63233751 0.47260068 0.71780929] [0.93000383 0.47380698 0.30175773 0.67777918 0.59568535 0.43031218] [0.68878858 0.12441505 1.06186107 0.6341477  0.4918275  0.70974742] [0.94774245 0.47901132 0.30309878 0.6675131  0.60644703 0.42299942] [0.68783693 0.11914595 1.08990654 0.64518646 0.51385217 0.6959078 ] 
166 [0.16434436 0.19565428 0.18742094 0.53031944 0.75238665 0.78974565] [ 0.44285459  0.15918446  0.34781033  0.3353055   0.90615415 -0.03067781] [0.169886   0.19376236 0.20336319 0.52319001 0.7405634  0.77748994] [ 0.49188684  0.16231032  0.32288304  0.29063228  0.88879585 -0.06017014] [0.15681277 0.26679305 0.37567194 0.97819573 0.40503424 0.52331874] [ 0.89945397  0.48955043  0.31788056  0.39381482  1.18895417 -0.23172853] 
167 [0.89150282 0.58440631 0.25519432 0.69914247 0.6300492  0.749047  ] [0.54891187 0.04810885 0.03402269 0.20654313 0.82949791 0.46528349] [0.86284926 0.62268608 0.2537486  0.69213788 0.33062642 0.61240521] [-0.0411825   0.07778988  0.03842067  0.49957973  0.33903494  0.14574764] [0.86175717 0.62539938 0.25224951 0.69204789 0.32939411 0.61029771] [-0.044844    0.07568302  0.04463957  0.50127441  0.31812253  0.13575233] 
168 [ 0.83495235  0.73105257  0.52920301 -0.10501448  0.50845727 -0.03943093] [0.01762335 0.12975034 0.73593558 0.80424524 0.4954595  0.7522881 ] [ 0.85365991  0.74915867  0.57021124 -0.14946959  0.50490137 -0.04129921] [-0.0034628   0.07601378  0.76417163  0.90840896  0.52965368  0.79460146] [ 0.85585527  0.75145653  0.59765458 -0.16500869  0.51659062 -0.04330691] [-0.01322652  0.07936775  0.79689082  0.97043592  0.53771067  0.8050289 ] 
169 [0.85879358 0.39353115 0.38139496 0.72351182 0.73358237 0.06952697] [0.73692582 1.01962463 0.28789363 0.40161557 0.70225954 0.06012888] [0.84109581 0.31345895 0.40015325 0.76025065 0.79250748 0.06961446] [0.80468689 1.12287211 0.09874561 0.35374814 0.66813184 0.03134867] [ 0.5993012   0.09661739  0.32163575  0.67410044  0.69253709 -0.01215612] [ 0.60696592  1.13597643 -0.03325834 -0.00914696  0.76445429  0.0955962 ] 
170 [ 0.23277642  0.64682536  0.71286289 -0.00320466  0.88191359  0.32104219] [1.03508691 0.31881751 0.87271682 0.59417373 0.03221433 0.12724507] [ 0.23088391  0.64372067  0.6935933  -0.00905616  0.88355767  0.32073083] [1.05551733e+00 2.78326152e-01 8.75079761e-01 5.94124933e-01
 6.63289921e-04 1.24799590e-01] [ 0.23157538  0.6451347   0.673362   -0.00986483  0.8842524   0.31943698] [ 1.06588339  0.25493571  0.87615905  0.59084134 -0.0181193   0.12279265] 
171 [0.46851707 0.364263   0.44156451 0.37657844 0.1252029  0.14236544] [-0.12503208  0.12292316  1.38728762  0.84200065  0.87503734  0.31877408] [0.44041606 0.37136623 0.46328022 0.40366321 0.11633731 0.11132833] [-0.14076599  0.09722982  1.44097633  0.85112101  0.84747645  0.28896389] [ 0.19478962  0.45001549  0.61131561  0.5444259   0.01788353 -0.02708823] [-0.53209478 -0.25167499  1.37666759  0.82848067  0.72412288  0.14833419] 
172 [0.01777053 0.28210176 0.50332876 0.63798322 0.77369644 0.87149408] [0.50015269 0.7523104  0.79202251 0.69636053 0.00790936 0.64425466] [-0.0166279   0.19949415  0.27640845  0.49716929  0.8363322   0.95328384] [ 0.33315602  0.81284527  0.6928942   0.98730807 -0.03782367  0.4392494 ] [-0.00522176  0.19595982  0.27133216  0.48777388  0.82474529  0.94926118] [ 0.31523068  0.80071148  0.67127954  1.02552151 -0.03979407  0.41785596] 
173 [0.75504111 0.19053916 0.05617525 0.86785476 0.82100273 0.77822526] [0.44055508 0.64389042 0.66256135 0.26242183 0.56683947 0.48362621] [0.74919639 0.18995338 0.03498409 0.86544667 0.82706525 0.78773737] [0.43893377 0.63667553 0.66030067 0.26951871 0.56263476 0.4770337 ] [0.73964196 0.18544718 0.00716145 0.85901718 0.82826582 0.80133931] [0.44797544 0.6352867  0.66316153 0.28172064 0.55111149 0.46397377] 
174 [0.41537996 0.70056104 0.22052615 0.3877779  0.095848   0.01599691] [ 0.63859049 -0.00555641  0.89410263  0.62844611  0.54214064 -0.0674428 ] [ 0.25360292  0.6975577   0.19236025  0.16208501 -0.08848781  0.00283834] [ 1.07988632  0.02724959  0.59605171  0.56661848  0.54302792 -0.06031951] [ 0.25160432  0.69844803  0.18873104  0.15394547 -0.0799134  -0.00238906] [ 1.08460825  0.03905339  0.56078088  0.56795989  0.55508119 -0.04898218] 
175 [0.85796618 0.36494161 0.92637481 0.69786936 0.2267561  0.81407295] [0.9122855  0.59159353 0.60347314 0.82078461 0.92097185 0.44978972] [0.90413796 0.3558123  0.89930801 0.75773509 0.20618469 0.83050072] [0.95989935 0.62053402 0.6129114  0.84090449 0.99273523 0.44912027] [ 1.0732209   0.03222006  1.06893418  1.01602099 -0.01335701  0.79410337] [1.21665102 0.36430115 0.58822184 0.62568121 0.94145864 0.42723256] 
176 [0.8583246  0.61139046 0.86984153 0.33653729 0.7505193  0.49855498] [0.19465867 0.96588511 0.77703748 0.32804808 0.21610883 0.11411067] [1.01361833 0.76918658 1.15260575 0.18193893 0.86527192 0.48376587] [0.02601891 0.59633617 1.24092262 0.1032857  0.24054446 0.11533078] [1.01614773 0.77213464 1.16036521 0.18207001 0.87479613 0.47917506] [0.01976001 0.58318264 1.26140597 0.0808482  0.25036317 0.11542555] 
177 [0.93254849 0.17523725 0.64893949 0.88601522 0.80425255 0.62398033] [0.29256748 0.80271914 0.40512802 0.64517607 0.42926721 0.20977156] [0.92451413 0.14775428 0.68427831 0.93360096 0.846849   0.65743592] [0.21937509 0.71391691 0.47538655 0.64542238 0.45502683 0.19456527] [0.93193642 0.14481242 0.70053644 0.9472406  0.85111108 0.67009773] [0.20964062 0.69843658 0.4997991  0.62872261 0.48188915 0.17594472] 
178 [0.16056609 0.38417981 0.55490291 0.88460845 1.14013921 0.56932155] [0.76573404 0.51010259 0.26123622 0.44829668 0.04162682 0.58184139] [0.16896137 0.37426161 0.55328108 0.86979516 1.13983864 0.56648752] [0.7459687  0.48045009 0.26078798 0.47209228 0.06955617 0.55816476] [0.21018058 0.37699097 0.56966781 0.79722328 1.07708974 0.45695976] [0.5958123  0.37613508 0.25035736 0.84868951 0.04475546 0.24195775] 
179 [ 0.239768    0.32898213  0.50471366  0.25387527 -0.08833499  0.17937167] [1.03750003 0.03395499 0.54087298 0.41268217 0.64489548 0.1645765 ] [ 0.24809884  0.33690782  0.51244256  0.24771777 -0.10038353  0.17236125] [1.05991781 0.00927278 0.51728955 0.42528835 0.64849066 0.14045468] [ 0.25300623  0.33931522  0.51509207  0.24349506 -0.1024972   0.16901967] [ 1.07339727 -0.0078852   0.50067762  0.43641266  0.65371364  0.12587319] 
180 [0.22811179 0.27787245 0.34533169 0.41823208 0.60880959 0.75953957] [ 0.86534739  0.39825382  0.94877591 -0.03631931 -0.02479901  0.4569372 ] [0.20806379 0.28368247 0.38599687 0.43385327 0.60560122 0.76201701] [ 0.86389552  0.50717794  0.98361645 -0.06565178 -0.01562858  0.40749647] [0.14149514 0.31279492 0.30497429 0.50712765 0.54557171 0.70326063] [ 0.92326738  0.83681777  1.24913724 -0.14375879  0.00288564  0.28879671] 
181 [0.32199955 0.83932938 0.57656527 0.41160493 0.69538748 0.70040988] [0.41823399 1.02183456 0.97376761 0.2281961  0.75236987 0.53904481] [0.32442282 0.85418369 0.55831058 0.41718386 0.71269354 0.71453746] [0.47138001 1.05309684 0.95621854 0.25894885 0.71801468 0.50557616] [0.33514499 0.86616065 0.55967254 0.41757841 0.7189013  0.72792404] [0.50994312 1.08041201 0.90869867 0.2950466  0.68177892 0.47344872] 
182 [ 0.71401428 -0.06633609  0.70281068  0.05967869  0.44505469  0.42277625] [0.6227931  0.43038067 0.61042541 0.2461667  0.46181442 0.5329856 ] [ 0.34394063 -0.0931843   0.81484781  0.06506295  0.03332401  0.39781652] [0.51783612 0.55806759 0.39370326 0.2976879  1.031724   0.10281155] [ 0.34559584 -0.09713044  0.80379109  0.06341494  0.00365131  0.42574355] [0.52269435 0.55891411 0.40215228 0.32177348 1.01788408 0.09898662] 
183 [0.57271784 0.12374782 0.40193969 0.53340226 0.68437851 0.85981688] [1.03340418 0.11975921 0.26292835 0.50106581 0.09000733 0.70713538] [0.58915896 0.06660232 0.38895818 0.54098039 0.70909635 0.90259197] [1.12117495 0.12375266 0.15903125 0.49177962 0.03867622 0.75061688] [8.34640519e-01 4.95074814e-05 3.72969579e-01 5.28812869e-01
 8.02893480e-01 1.00560968e+00] [1.28509571 0.24724226 0.02977588 0.67598335 0.02782394 0.73301099] 
184 [0.61829861 0.20696621 0.6891483  0.88551931 0.40762829 0.36346064] [0.49752414 1.01068559 0.68745736 0.62578071 0.5932012  0.47962835] [0.55064635 0.38172294 0.65366823 0.80004164 0.46816313 0.25976826] [0.62958198 1.10074218 0.6948323  0.87546911 0.66423571 0.53205045] [0.5373337  0.39719452 0.6546105  0.79017978 0.47405642 0.25494516] [0.65506555 1.09982077 0.67204112 0.90955693 0.66233589 0.52148654] 
185 [0.25911431 1.04923756 0.56074944 0.48141398 0.93096876 0.47439364] [-0.07483964  0.00832486  0.35638909  0.70759945  0.25336871  0.13676084] [0.27075246 1.05916931 0.56937843 0.46713555 0.94060797 0.48720037] [-0.04665641  0.02399988  0.34074901  0.70994325  0.20120438  0.14887796] [0.37481659 1.24337004 0.70146638 0.32913064 0.92862624 0.52132922] [-0.08741498  0.12110469  0.5343407   0.40183131  0.16090888  0.18447028] 
186 [ 0.19264809 -0.05608735  0.26359389  1.14526068  0.55799184  0.37112099] [0.09349785 0.55703575 0.75245683 0.24709932 0.70058782 1.15157001] [ 0.1749633  -0.07565151  0.28798986  1.1954878   0.59337613  0.27794176] [0.17624514 0.67487842 0.71294709 0.03540716 0.49920181 1.26431227] [ 0.17183511 -0.07559095  0.28881876  1.19435062  0.59948684  0.26703887] [0.17496049 0.67260019 0.72807276 0.01089221 0.47630802 1.25822393] 
187 [ 0.69951872  0.54393487  0.8044711  -0.01818455  0.56205653  0.75155499] [0.98340601 0.35208743 0.86323219 0.21398435 0.39413019 0.9013777 ] [ 0.72574639  0.5324604   0.81479162 -0.03311827  0.55326486  0.75420884] [1.00059191 0.36787835 0.86096021 0.21240952 0.39755807 0.86614371] [ 0.7497815   0.5272267   0.82636467 -0.0460763   0.54703016  0.75514268] [1.00624781 0.37374774 0.85699981 0.20999015 0.39618454 0.83914846] 
188 [0.94394994 0.84405488 0.39467083 0.38212521 0.13406609 0.0815009 ] [0.68151921 0.55911834 0.34714817 0.31864224 0.99011913 0.77265946] [0.9839371  0.83430565 0.39656701 0.46857104 0.17372944 0.12280662] [0.74076306 0.69714569 0.51864543 0.32781958 1.06836834 0.88360904] [1.01950137 0.83233513 0.39725674 0.48797521 0.17744661 0.13666962] [0.73066105 0.72045811 0.53686395 0.32070339 1.08538342 0.91419547] 
189 [0.22003968 0.87291016 0.83523062 0.40337828 0.69581318 0.52607156] [-0.13224706  0.00388145  0.42419571  0.76574639  0.08584376  0.22223108] [0.23439432 0.8823538  0.8372705  0.38629105 0.69693994 0.53082228] [-0.13320052  0.01084238  0.41618657  0.75986989  0.11916028  0.21646461] [0.26465051 0.89537947 0.83125426 0.35293008 0.69356679 0.53932877] [-0.15861513  0.02693649  0.43927615  0.75863019  0.15779821  0.20249311] 
190 [0.94440853 0.0111789  0.89272661 0.93549145 0.33009914 0.94939776] [0.50791229 0.39143735 0.67822464 0.19244635 0.82562606 0.41894317] [0.97774746 0.10477309 0.82260786 0.96883676 0.35050476 0.92164538] [ 0.59942044  0.51843223  0.68821652 -0.01080026  0.85788264  0.49350438] [0.95850583 0.1363846  0.81232599 0.97128181 0.35505179 0.92671709] [ 0.61426991  0.53396207  0.67654653 -0.10297855  0.87162305  0.58663344] 
191 [0.43767832 0.53054157 0.76003184 0.24069237 0.27434186 0.71546321] [0.42008484 0.06012705 0.85001559 0.13363841 0.82391304 0.08595561] [0.38204892 0.55056572 0.76294758 0.22820806 0.25438141 0.7050657 ] [0.37458436 0.07740315 0.86677876 0.14251969 0.85334968 0.07959374] [0.26742606 0.73421474 0.93710005 0.08462126 0.08793778 0.70010186] [ 0.40043753  0.05348964  0.94388396  0.10924524  0.95454965 -0.12985772] 
192 [0.39660041 0.60149033 0.69972705 0.81512015 0.05316108 0.62539065] [0.36538582 0.23675371 0.35609991 0.1063358  0.19418551 1.3057641 ] [0.36784627 0.61220549 0.70662949 0.80245636 0.05038619 0.62256114] [0.34769072 0.21998261 0.33611711 0.10503116 0.18737772 1.34214016] [0.34512739 0.61830707 0.71393931 0.78911193 0.04914419 0.62383813] [0.3304157  0.19821912 0.32187932 0.10588561 0.18156614 1.35260045] 
193 [0.25854094 0.49771411 0.64988157 0.98226969 0.65316505 0.64808794] [ 1.12023849 -0.00754874  1.39392411  0.09977104  0.323645    0.11257959] [0.25991631 0.49765429 0.6497117  0.98510001 0.64272354 0.64940463] [ 1.1254136  -0.00840917  1.43640763  0.09753328  0.28132347  0.09790534] [0.25939064 0.49803462 0.6498832  0.98832739 0.63353606 0.64901504] [ 1.12828405 -0.00370906  1.45662017  0.09625443  0.25861866  0.09255618] 
194 [0.65352977 0.71877083 0.58302069 0.39609221 0.21645301 0.60741885] [0.11155475 0.65691383 0.58117552 0.34125828 0.71175865 0.84885848] [0.65049649 0.72352579 0.57031959 0.40101461 0.19708965 0.61191866] [0.07330424 0.61932943 0.55150117 0.33844404 0.73135698 0.84178175] [0.65197193 0.73127411 0.64145033 0.36058664 0.13195937 0.62785747] [-0.00365512  0.42982738  0.60868836  0.31968257  0.80842834  0.82126617] 
195 [ 0.49196935  0.85813054 -0.0106097   0.19120749  0.77761754  0.42547189] [0.45925726 0.76776566 0.4105972  0.57385965 0.60207428 0.19077497] [ 0.45602808  0.87312725 -0.01617769  0.18482777  0.79493873  0.42985036] [0.45949252 0.75410287 0.3972846  0.55740784 0.59596599 0.18398606] [ 0.40814569  0.88445638 -0.00345364  0.17476893  0.82850575  0.43167752] [0.4820884  0.7359247  0.37899143 0.54743413 0.60695355 0.16105474] 
196 [0.21545051 0.55715122 0.33506124 0.09625496 0.60236171 0.7365006 ] [0.03391478 0.29876674 0.14617632 0.9218665  0.3205793  0.59842879] [0.25096128 0.59691409 0.39591762 0.16313866 0.58053876 0.73620423] [-0.0213351   0.45710283 -0.01934741  0.72207538  0.362401    0.53504002] [0.25117167 0.59890057 0.39450645 0.15995595 0.57817268 0.74498799] [-0.02540075  0.48834723 -0.02196304  0.70715985  0.36028954  0.53498739] 
197 [0.86509153 0.59713027 0.7354573  0.91418708 0.4330847  0.39068361] [0.4654884  0.48693069 0.42902788 0.6521668  0.38965848 0.55781199] [0.87925604 0.62048618 0.72226328 0.90339891 0.44075645 0.38273411] [0.4803693  0.47995603 0.4276358  0.64856608 0.36424351 0.57267403] [0.89217435 0.732606   0.72169612 0.86742267 0.44668602 0.3216402 ] [0.45496929 0.41407796 0.45504612 0.6069454  0.29804756 0.64430069] 
198 [0.27057392 0.7742129  0.92119637 0.45589464 0.65353492 0.35338441] [ 0.82994831  1.02975236 -0.16353262  0.38806857 -0.04114188  0.29956007] [0.29037279 0.79051501 0.92123379 0.45988348 0.64670871 0.34035119] [ 0.85227215  0.98409327 -0.20059247  0.42160562 -0.05239184  0.22017733] [0.29379685 0.79577675 0.92848379 0.4589529  0.64376661 0.33282356] [ 0.85592967  0.95355664 -0.20692347  0.43581969 -0.04720973  0.1738395 ] 
199 [0.61459854 0.59584897 0.24216828 0.42485135 0.73935533 0.50808462] [0.44246358 0.73649948 0.86368177 0.34996452 0.68428133 0.46923806] [0.59783928 0.63505535 0.22508023 0.4110026  0.74640988 0.49234658] [0.49236812 0.7399685  0.83980679 0.32917486 0.72155907 0.49074699] [0.36215749 0.77217652 0.15596482 0.3630208  0.70887017 0.53455357] [0.54228279 0.76825587 0.75822957 0.34452392 0.95653361 0.5078903 ] 
