0 [ 6.52972328  9.52851155 -3.80042533  0.70349808  2.87352883  6.51352259] [  3.58513925 -13.03322011   2.35182527  -1.17318106  -2.58845584
  -0.60173605] [ -5.0272915    3.84134679  -0.86562143  -7.87533405 -11.87419831
   5.29709228] [50.45005165 -4.971706   -5.79534571  6.22668664 -1.61208901 -5.61447739] 
1 [ -1.9646885    3.47114131 -10.48559375  -1.32897059  -8.61932113
 -11.55523876] [-0.56133022  7.86863109  7.87893881 -7.13570723 -1.43457083  4.74646178] [ -8.30996343 -15.36847288   8.85362463   9.98438158  -0.31617863
   2.05041258] [-2.20216778e+00 -2.24317679e+00 -4.16206379e+00  6.49389915e+00
 -5.80828069e-03 -3.54949712e+00] 
2 [ 0.90166282 13.87155415 -2.8270109   0.02997077  8.1090007   0.65544694] [  3.37429485 -26.96405214   3.55467953  -8.71388876  -1.71016755
  22.81662714] [ 6.98946755 -6.40384053  1.88816086 -4.45315254 -6.38516403 -2.02453774] [-0.49296382  4.12690578  4.77034026 -6.93468419  5.06824856  3.11270942] 
3 [ 12.4716616    0.89891184 -11.07292693 -10.22621148  11.36131466
  14.11641092] [ -6.82503237  10.62792862  -4.6185902    1.80332421 -20.90950582
   2.41091727] [ 3.15328253 -3.16841659  5.21483431 -8.71335367  0.26277872  2.15058098] [  3.87366381   3.9040151    5.18184683  -8.50171778 -13.03402061
   2.601424  ] 
4 [-7.26433879  6.76812444  6.21145588  6.69031538  2.73226058 -8.46553464] [ 0.46228053  9.53868384 -2.18307115 -6.25951819 -1.50895335  0.44277431] [ 20.46100802  -7.08173438 -10.09510494  -3.05929364   3.91608316
  -9.23159194] [  1.14141574 -17.73137976   6.56849415 -26.2051223    1.28490038
  30.38601216] 
5 [ 4.06593524 14.84875705  2.5091637  -4.83443989 -2.45509121 -1.32601968] [ -3.37424059   3.82732833 -18.83768273   4.15121631 -10.23507167
  -2.0451912 ] [ 3.74970341 12.45834071 -1.18364882 -5.26384966  1.50776171 -6.80808642] [ 5.34678580e+00 -9.20134253e+00  4.41992886e+00 -1.47591064e+00
  7.55817879e-04 -5.27227732e+00] 
6 [ 2.78057287  3.09774481 -3.68156177  7.31969397 -4.61950557 -3.77346013] [-13.46751886  -0.4644315    2.54849551   7.3753166    4.02166762
  -2.02268113] [ -3.54628995  14.11857436 -10.56227196  -0.20284717 -14.8229386
  -7.80784993] [  5.75615135  14.89436029  33.30983515 -18.86237403 -14.73629796
  -5.60138247] 
7 [ 0.52355003  6.26948623 -5.70268751 -1.90623243  5.0513921   1.15480369] [ 8.42640779 22.24339593  9.27532321 25.32307799  4.42291975  1.05717805] [ 0.15891859  1.7365536  -0.49572371  2.03202442  0.04663446  1.57937848] [ 1.14002146  0.26151153 -0.11623002  0.35623162  1.32599956 -0.14513359] 
8 [ 7.03112437 16.99074319  4.79461753 -1.44391     8.88142767  1.34022043] [ -0.63126515   3.1833449  -16.07899257   1.92723722 -12.58971844
   8.6124531 ] [14.92331006 12.82350708 13.07455059  7.69171085 -1.73318791 -1.99609905] [ -5.90443057 -17.30780169   5.93382888   3.50991039 -13.02621213
   0.21400632] 
9 [13.18106525 -2.83895646 -1.50693646 -7.95594671  9.47498658  3.05215306] [ 22.33498084   0.8654512   -6.04506254 -20.39732738 -13.83407821
  -2.28189185] [-1.28776205 -9.94308049 -2.17320767  7.3085973  -7.34076146 -8.81370958] [ 23.09973341   1.91272982 -15.36265842  -4.856962    -0.43512075
  -3.2758512 ] 
10 [-1.84230432  0.12882061  6.11111816 -8.78121858 -8.65836065 -0.49001902] [ 0.79653907 -0.07867793  8.35997059  5.7760745   4.30747607 -0.17528602] [-2.25014331  1.0869672  -1.09606301  1.66469987  3.90796001  4.24670428] [16.77889775 -4.7211397   2.46675333 20.256586    2.67219974  5.27095952] 
11 [  0.99502505 -13.93921769   2.56781095   2.63211535  -0.07464749
  -6.73295622] [ -8.04633893  13.36088428 -17.5553869   16.84701557  -1.31193585
  -8.45045872] [-5.88724722  2.99711593 -0.47865598 -3.46508552 10.31156929 -4.97682356] [ 32.18887911 -11.89382661   7.78150745   6.70449244   3.13684799
 -16.18140503] 
12 [  2.06712165  -7.69575448  -0.35863581 -11.79903385  -4.65435659
   2.22890596] [ 2.12197285  4.07999546  2.04692161  0.09472047  4.20918915 -4.09451625] [ -5.9378785  -26.03145519  -0.64168178   0.46822142 -10.97936548
  -6.88800973] [  8.83878818  -5.49761672  10.45470268   6.23086369 -18.35778938
  17.28760678] 
13 [-3.38671213 -3.32170783  5.06516401  4.46839212 -3.83906674  1.82517417] [-12.0288529   -6.05373168  -4.46328362   5.57733747  -0.49993453
   6.19324404] [ 2.05322412e-01 -2.77860953e+00 -1.46281123e-02 -9.12700110e+00
  1.21311753e+01  1.54913956e+01] [ 17.52608191 -13.95711228  -3.59893708   0.08825091   9.53380146
  -9.34372708] 
14 [-10.39772508 -24.60160408  -4.47426738  -7.25850709  -7.17449666
  -4.78896742] [ 28.11084045  23.36231363  -7.38088487   1.37577498  -9.54816614
 -25.40659842] [ 7.22841082 -4.81090302 11.7083183  11.1795959   0.34544248  1.8305389 ] [-4.53312687 -0.15710563  9.52126182 12.76064395 17.31492546 -6.32921289] 
15 [  5.09454084 -12.11958803 -26.76233268 -11.60282313  -2.95593301
   8.2154041 ] [-18.30569121 -23.65016393  14.66265094   1.65819167   1.06338648
 -11.92659602] [ -5.55346462 -38.31516804  -6.19126373  -6.5331996   -7.76593765
   3.74458834] [-28.62072972 -44.41413749 -30.16638332  -4.17787043 -13.7911496
   2.4083289 ] 
16 [ 2.93800877  3.99367437 -1.89725958 16.38687963 -4.33080371 -6.95349881] [ 0.87242283  4.79288296  5.1466611  -8.62917289  6.20510563 14.77848136] [ 6.03182827  3.25229644  4.24490687  4.02038667  2.25343226 -2.62001106] [-7.40500414 -2.96848926  0.20768963 -4.30356898  0.24820894  0.07799461] 
17 [10.5905724   1.64997121 -4.83891916 -0.40476321 -9.2146551  -6.16052341] [  4.81915082  13.27176292 -12.76085101   1.71037652   3.17138329
  18.70259227] [ 2.38090062  1.4796022   1.79861139  6.39215987  1.15982235 13.03904319] [-12.85969819  -8.39863951   8.35662877  -3.14784537   6.42899648
  10.49084777] 
18 [ 2.20192211 -3.44714973  3.05113078  4.3155315  -2.79130534  5.64130439] [ -4.21958317  -1.5241321  -11.07955898   5.12705448   1.7710221
  -2.89512432] [-19.88405839 -10.09488939 -10.37619401  -4.81696006  -0.28447404
   1.92060507] [15.77280136 -7.82904736  0.10885466 18.11039357 12.94040854 12.26624704] 
19 [ 0.68613968 12.4957469   6.52794666  4.95746744 -9.10614358 -9.10574863] [ 12.37778793 -18.17818895  -1.5560061    1.08097128   4.47754867
  -2.96079236] [-0.65539046  5.57569893  4.06869876 13.42940502  4.91634974  4.52201087] [ 26.48231185 -17.26335814   5.1127818  -18.92654216  16.07130178
  17.3552914 ] 
20 [ -4.71729796  -6.84446251 -15.61007802 -30.70113274  -5.93086863
  -2.02635293] [-18.91951469  15.05165474  -7.69626911   0.42626881  -5.17031273
   2.89946514] [10.94371171 16.63309916 16.84437408 16.76146377  6.74789391 -2.90779973] [ 12.1320973   28.14861508 -36.15393914  -7.4408697  -28.82764941
  17.09280476] 
21 [-6.09077706  1.90576405  8.69742694  6.71750054 -2.53245971 -1.60024417] [ 8.54233594 -1.38950868 -0.20896089 19.33242506  0.24038126  4.78546703] [ -2.46473035 -26.04438234  -7.33412649   6.11554195  -0.15631
   1.87432522] [-14.91647873 -13.9372705    3.79930536 -14.38444891  -5.13872058
  -0.81952346] 
22 [32.84866456 29.9679602   3.21460241  8.25786968  2.70645103  4.26324929] [ -1.77421889 -12.0283753   -6.02606191  -4.54479817 -21.71212045
  14.16409978] [-6.00327451  3.33402341 -0.50602011  2.99003864 -2.83839529  5.76314108] [-5.07123534 16.0616581   1.32374202 -3.25416606 18.9490167  -9.54993138] 
23 [-8.32150545 13.57426359  4.00529755 13.74570431  3.5125855  -1.18514493] [ 18.05279005  -1.00130217 -34.13640114   9.07193769   6.3299164
   2.79523612] [ 2.43087739  5.16059249  3.55601563  0.3221204  -2.59132496  2.9266551 ] [-28.1566387  -30.38938276  -0.13543962   2.16155497  -6.44208593
 -11.9457881 ] 
24 [-4.48813546 -3.65554236  5.41450685 12.64643352 11.55618229 -5.15837236] [ 13.88421646  -8.01382907 -14.42001262   4.27488417 -17.10774331
   3.54366914] [  4.49514114  -8.68846689  10.30640611  15.83746375 -11.85784307
   1.66126446] [ 11.11440388  18.3408553   -0.06846135  -8.14661684  -7.99625749
 -10.78863209] 
25 [ -4.43520711   2.30331339 -13.95947296   3.731858    -3.48476815
   3.88382543] [-7.83352592 -2.4399096  15.76305642  5.49501627 -7.63019887 -2.50669242] [-13.10848887  -3.61079045   2.57193146  -1.65532384  -8.84851776
   4.27770945] [ 10.8410404   -3.16686109 -14.53212982  22.60723085  12.82243395
   1.49098382] 
26 [-1.91249933 -3.57932315 -7.31688848 -2.98783642  3.72268819  0.80169577] [-2.29185247 -0.57129866  2.98407146 -0.25193175  1.23205455  1.55834652] [ 4.03326109  1.4110835   3.33266897 11.26424754  8.18077361 -0.60297135] [ 15.82424619  -8.33831538   1.81039412 -13.62610556  25.36800795
  12.31412501] 
27 [ -0.25231132   9.65814318 -12.55084409  -1.52374093 -11.04248424
  -4.02962445] [ 11.54314609   3.39165654  23.21398959 -17.16229184  12.59732347
   1.55529567] [  3.62790737  -6.76859822 -14.40176242   4.07300395  -4.74508428
  10.69641814] [-23.93075879 -21.05231216   2.18489112  -2.57491716   4.91963043
  16.22648911] 
28 [ -3.64242569   4.39357464 -19.86875211  -0.53943094   4.7831235
   7.40066992] [  9.26115785 -23.86871276 -13.45347546   8.68082026  -0.46095239
  -7.43041444] [ 6.46857936 15.82888052 -5.92204042  2.63708429  2.81806314  9.39114567] [ 19.44804791  22.27938324 -19.26909482  -8.9667995    1.99040589
   1.77567909] 
29 [-5.07976028  3.05459426  1.4399987   4.23573596 -7.13906903 -1.63363374] [14.21056014 13.65414659 -3.65389597 10.85194801 -5.89410946 -7.67661102] [0.77323892 0.93305934 0.58056803 0.84420182 0.74857776 0.83665164] [0.38048398 0.63623089 0.33108007 1.12452899 0.88316773 0.52469243] 
30 [10.47104842 -1.43938982  4.27704748 -2.46641046 -0.76632036 -0.36545996] [ 9.42145779 -9.5096925   4.95273105 15.9965222   1.30662558  0.5167711 ] [  4.16274284  -5.32879001 -11.4938524   -7.92081451 -10.45392029
   2.27441807] [ -6.57729469 -10.86131469 -12.18185714 -17.52470835 -12.59140755
  -4.88754904] 
31 [ -2.6371029   -8.69070826  -1.70439865  -1.99239147 -12.60406135
  -0.71871045] [ 1.71894498  0.49476654 -2.0777305  19.63459911 -3.57876873 -1.33914246] [ -4.43633479  14.38645778  11.30861456 -13.36474486  -2.24486554
  -2.40366065] [ -5.98624783 -15.73671812  11.76225288  26.83202295   8.01074139
  22.4713022 ] 
32 [-3.00244252  3.88047504 -2.33297514 11.92445627  3.72243508 -8.98388501] [12.32281919  3.21218272 20.35671058 -2.77395949 -2.89447089  6.68503223] [ 1.18062373  0.91187181 -0.83932139  0.68683606  0.86620086  0.89810314] [ 0.74260292  2.3555825   1.30245868  0.63334593 -1.15288807  1.5830629 ] 
33 [ 0.23688938  1.35480415  0.0732427  -2.42837359  1.65648926  3.05907585] [ 1.00860395 -0.02361447  1.72273013  0.25851263 -0.23135397 -0.0394168 ] [-10.92784673  -1.00774798  -1.33550769   6.27321135  -8.5739962
   6.50364661] [ -3.4788683   -2.50354056  -0.63555111  27.46928329   2.10800282
 -14.32705242] 
34 [ 1.14637307 -1.1818852  -6.1388367   3.73072238  5.80277568  2.14920043] [ 1.5830154   0.24189755  0.20798076  2.66188313 -2.97650096  1.42278897] [  4.98480279 -10.17362796   4.81548076 -10.52410253   2.50695975
  -1.14063724] [12.35670447 30.41313397 13.97211606 -5.00961968  3.12762828 -9.84960837] 
35 [  3.49243472  -6.58336416  -1.59722408   4.79842139 -19.4354151
  -4.64708925] [ 14.6089886    2.43780862 -16.25465274  11.81852728 -12.21646787
  -4.16093871] [ 0.77216628  0.40418824  3.19729595 -9.16930964 -5.59716609 -1.16924362] [-0.38441535  4.13292371 -0.28352933 -5.19157842 -1.06534639  0.34643226] 
36 [ -3.12408952 -15.07314337  -0.90709546   8.08792931  -8.76945582
  -7.24429509] [14.38112349 -2.34101997  1.41587149 -5.03803404  8.3754787  16.04413618] [ 9.79075495 10.04723064 -0.37839418  9.65055848  5.6607415   6.69399367] [ -7.99450642  -3.84750534 -21.65675197  -5.01993651   1.63978737
   2.82905366] 
37 [ -8.68188672   5.61744307 -15.75385748   5.03723903  -8.12241561
  -1.21936907] [ 1.33933543 -7.70664637  1.60526174  8.01368957  6.39755099 25.43419254] [  6.95371797  -8.60235924 -12.65198755   3.69801856  24.24453392
   1.72164475] [-2.05886054e-02  2.10929678e+01 -1.81012139e+01  1.86680254e+01
 -1.74628376e+01  1.38869562e+01] 
38 [-1.46322971  3.90415762  5.72999051  1.95471756  1.32757074  2.53992437] [-4.75404113 -6.4906325  -1.22948     6.69223947  2.96594315 -0.29652984] [10.31986792  0.08974904 24.79930738  1.65114717  8.93647941  8.5678025 ] [  0.53923191  20.73889968  13.68277053 -10.67987147  -8.0629389
  11.85856074] 
39 [-10.64218805   2.06805239  13.35741305  15.5332074  -10.59218155
  -6.53705759] [ 19.87081761  12.11172704   0.44906614 -12.9563213    4.93239567
  -1.21072683] [ 0.91836924  1.54924423  3.24693346 -9.62995212  4.54255068 -1.35718283] [-4.93617309 18.82726174 20.43640483 -7.3231207  11.09768024 -6.30788033] 
40 [-3.88710369  7.07415339 -0.43932836 17.66180143  2.22040509 -6.33300183] [16.32976722 -1.03395014 25.08341508  3.93460318 -2.74315363  7.10035221] [  8.94040592   8.04453265  -7.11145922 -17.56452023  -6.67359883
  -2.33179561] [12.26998606 17.41327318 44.34642841 -6.34296825 -6.98721231  2.15194803] 
41 [-6.5756051  -5.43012943 -6.66825728  9.30441866  2.48093476  1.52296927] [ 20.99949281 -14.4436085    6.49556593  12.1726815    3.69022576
  -1.04640809] [ 5.47489149 -4.55083024 -4.87024569  3.35051417  2.39852819  7.5851991 ] [-20.84135986  -3.62155951  13.12611126   4.11481218  -8.38585642
  -0.33060453] 
42 [ 0.22913535  0.72101096  0.4242698   0.66112094  0.69569784 -0.01329221] [ 1.05071866  0.24809058  1.40210502 -0.08349927  0.11654877 -0.11868515] [0.23244161 0.67624136 0.67363409 1.23600596 0.81666736 0.3965305 ] [ 1.04528752  0.20893934  1.40028747  0.03999154 -0.08599407 -0.14951994] 
43 [-4.59321808  1.97641669 10.64281089 11.7496942   4.10772689  7.00904732] [-23.62612465  -6.83695621  -4.61658009 -13.32328479  -2.39383219
  -6.74232982] [12.31107836  2.9460283  12.64897095 16.82089819 -8.78546379 -6.86069699] [-7.89024476 17.86386824  1.46455162 -0.9810652   2.67866552  9.85829121] 
44 [  8.26341752   9.06671347   2.03064292 -13.11399244  -6.93054784
  -9.12268607] [ 16.53170319   6.33000625 -23.26532081   4.59927508  10.52980831
   9.03268727] [  1.34890913  -6.11105964   2.50154704   8.14596005 -17.16809368
   8.37335803] [ 16.93014753 -37.83408152 -18.01998157 -32.16471187  13.59249824
   7.37839422] 
45 [-14.13096321 -12.53459968  -0.17910429  -6.59718119  12.33580161
   0.74710095] [-15.76893442   4.12158102  15.80385852  -5.82826253  -8.50025843
 -16.04629825] [ -0.72448437 -12.26248487  -3.38512183 -15.99765169   1.68169859
  -3.88972701] [-26.51675486  -0.06061423  39.65207115  -8.01576585  11.26596833
   3.37879962] 
46 [ 6.9581533   2.04036391 -1.21899841  1.62714365  3.28318696 -5.69060778] [-11.81213058  -1.33786257   5.94938381  -1.12611565   6.2776914
  -3.0764418 ] [  2.3219735   -5.93374765 -12.03704567  -1.37889317   4.51870123
  -8.72158689] [  5.64824473   2.86821601 -12.20357381  10.00356472  15.28201247
  -5.18863915] 
47 [ 4.41967822 -1.59276245  8.69551891  4.73093102 -7.65175005 -1.67340394] [ 16.52090798  -1.68587319 -23.16220256  -9.5236586    2.58575351
   0.3717975 ] [14.61819148 10.98943591 13.41936917 10.20190423  0.26107798 -9.77286341] [-19.02962908   7.82223777   4.90696627   3.35432529   8.35399492
   5.90318331] 
48 [  7.6030134  -13.52809388   2.77549897  -9.93524834   7.09224027
   5.1691503 ] [ 4.83804796  0.78403426 12.57904248  0.14554918  4.96130535 12.56111562] [-1.089833   -1.44438616  1.34857366  0.05968795 -8.80934917 -1.1825798 ] [ 24.42111865  12.18853877 -12.12736781 -11.43500229 -22.60041895
   8.71580075] 
49 [ 1.73357098  1.07937765 -2.5420884   1.81831146 -3.37974711 -1.24440869] [  6.61182907  18.91128459   6.46682451  10.71825196  -3.47567044
 -16.48162965] [-1.19266858  7.43929287  8.01175026 -1.36309292  1.4106947   1.56968945] [-4.70380958  3.84296753  1.45864519  2.78827889 -1.57086505 -3.31944294] 
50 [-7.6797649  -8.91019591 -1.05975671 -1.62764986 -1.72607753  2.33846501] [ 4.8209989  -3.29849351 -1.6571405   0.87728392 -7.50209202  1.55714701] [ -3.57294516  -2.83446022  -9.26785536 -15.97920718 -11.72437663
  -8.23154531] [ 18.7080637   23.90123047 -13.3996457    2.31185795  11.7996217
  11.38524564] 
51 [  2.9325157  -15.03215459  10.96504216  -4.03105687   3.25121798
   9.19821597] [-12.0981912   24.29206311  -4.99285072  -9.38420228  -3.4191942
  19.91325055] [ -5.30379472 -18.15608673 -11.20686831   7.26545851  -8.15651184
  -1.28161101] [ 21.28211097   4.70220762 -12.96333787 -16.62143387   1.91703412
  12.31485688] 
52 [ 0.94159234  4.02818497  6.17719344  2.88228701 -6.21781284  3.52183054] [-3.41033127  3.41007431 15.35089514  0.79309466  6.08487654 -0.31146591] [  2.87945763  -3.50409991 -11.01399718  -4.06251702  -9.92414173
  -9.12440383] [-22.93979047  19.02625924 -31.1774191    0.96472414   8.07909438
 -17.61424237] 
53 [-6.54422451  0.4348344   5.00877233 -5.55523078 -1.00923499 -1.16632759] [ 5.181303    9.44734051  2.82839486 -6.29415071 -4.57174613  0.03791842] [1.10865569 0.34722804 0.72953685 0.17861242 0.42305819 0.58526442] [ 1.58004161  0.07428224 -1.83945446  0.71165869  0.3755447   0.23472768] 
54 [-10.08112979  -0.22453165 -11.0806824   -6.40150488  -4.86313229
 -15.27852504] [-13.51997077   0.35283855 -17.89158108  -1.17762037   2.80271386
  -6.20283892] [  6.69501213   8.18813654   7.11657919 -10.96706229  -0.08979515
  -0.0912902 ] [ -4.6908319    2.25177754   1.86905533 -11.90005616  -5.49989559
 -15.88239202] 
55 [0.86996146 0.49293743 1.02504762 0.1747228  0.86499232 0.74889469] [ 0.80798422 -0.07114604  0.71568783  0.20951311  0.9642717   0.41287476] [0.86852549 0.47515064 1.03915314 0.16364432 0.88239298 0.74968194] [ 0.82195828 -0.07106887  0.68982248  0.21596285  0.97023601  0.43287813] 
56 [-14.12000722   7.34029718  -2.95747391  -2.90621945   9.58285097
 -13.78816245] [-15.34697679   6.91387938 -19.38546447   6.87801614  -5.62202785
  -6.15822837] [0.24006465 1.11718559 1.5611019  0.59780215 2.63386292 1.85677767] [1.07333825 1.55720173 0.16703035 0.17176226 1.61775522 1.70440105] 
57 [-5.50172695 -2.08344349  4.33780195  3.36004445  1.39366546 -3.40556268] [ 3.65936714 11.37545444 -0.47220105  0.67394251 -3.10752132 -1.62741984] [  5.59775084 -35.62439247   5.1973121   11.11014531  11.68020041
   6.24517432] [-9.46546028 -1.8027202  -8.99316841  1.321603    0.93384194  9.41269053] 
58 [ 6.89482787  3.28190318 -1.64582882 10.83832838 -4.60985054 -1.02183637] [  0.27738883  10.4261975    3.304918   -22.723379   -10.75409952
  11.4726057 ] [ 0.82831271  9.6123344  15.59905832 17.45738589  2.81253717 -1.87820348] [ 26.96746634 -15.12721042 -16.55368521  -9.44793993   2.06135398
   1.26739132] 
59 [ 6.64501761  9.68337659 -9.46654395 -4.58725387 -3.20531548  3.37373319] [ 16.20761827   9.92185017  -2.23122413 -17.60039447   0.14783148
  -4.03681085] [ 1.69679777 -6.72700686 12.73763316 14.93397702 25.89509774  5.25172987] [  8.43213705 -10.88342903  26.5806939   -2.07579619  -0.70223521
  14.39265812] 
60 [ 0.59830362  6.62246394 -7.348976    3.47372845 11.70202913  8.11031837] [-18.63182266  -0.04183112 -17.53061224   1.55179371  -7.85464797
  -6.11608405] [  2.60882028   6.8120912    0.97172694 -12.75548276  12.37008345
   2.17564368] [ -7.35805915   5.45800887  -4.48827963 -12.38996417   4.85003246
  -6.1844315 ] 
61 [-3.83398812 17.89107157 -7.40803956  4.01436225 -3.83076532  6.12170147] [ 6.93821321 -5.50352332 13.40948574 -5.74093659 -6.27262197 -1.17109024] [ 9.90083376 15.54200033  5.482167    8.33224735 14.3544268   8.79552382] [-29.73110596  17.76018454  -9.06329591   5.77169641 -23.25807402
   6.82645721] 
62 [-0.21085657  7.1607244  -2.52835205 -2.65926453 -8.90856069 -1.87001858] [  3.58373967 -17.51605708  -6.26253588  -4.88490058  -6.20849085
   0.04377083] [22.73544187 20.37496908 -7.4135245  10.34140152 13.84740219  9.03631543] [-6.06281823 24.05510055 17.35813588  2.15264487 21.3284269   1.10918309] 
63 [1.25483336 0.22796232 0.83082394 0.36426273 0.51233682 0.5429416 ] [ 1.53402792  0.0737646  -1.0356077   0.3554447   0.21995858  0.13087508] [ -8.57468442 -15.50348951 -28.2468795    8.78896412   9.90805751
   3.66887997] [ -3.03505132  44.20483802 -29.52039111   3.47460057  23.705295
 -10.36954078] 
64 [-4.07655539  0.90879519  2.6725252  -1.66723242 -2.27160528 -1.06436353] [  2.21262031   4.94370311 -17.11915693 -15.98583991  -4.88365689
  -4.82710142] [-22.82477653  -5.61451296   3.77685148   1.50750437  12.90996377
  -6.57419066] [10.69716991 11.50300007 11.14334965 -0.80041443 14.94174036 -1.43268943] 
65 [-10.32465178  -3.84428588 -22.54691075  -1.40580383   1.27700764
 -12.42726606] [-6.49610711 -0.84766511 -4.25664551  1.9680356  -1.94328328  7.14821788] [10.63881858 23.76080855  6.01020577 19.42416068 -6.66638243  0.65830368] [ 9.04275771  9.33081128 -8.68416851 19.5567649  -5.90105132  3.36689316] 
66 [-5.67876466 -6.87553889 -4.32610541 -5.30090786  4.18501372 -1.55980625] [14.22045932  1.60962857 -9.05895814 -9.9142178  12.02024907 -5.90334153] [ -9.88100001 -12.46446024 -11.85564195  -1.56585218  -1.83021709
   0.18455331] [ -4.9307694    1.04507619   4.12899302 -17.96892894  -9.95505481
  -3.26595737] 
67 [19.90200067 12.23415386  3.68532048  9.02772569  4.30772289  8.53541864] [  6.95266617 -15.76213507  17.87217701  18.55710598 -16.17432504
   9.28246294] [ 2.47631822 11.33746062  8.99523552 10.06953732 -6.71696819  3.1901087 ] [ 2.48294257  6.2122663  -9.31512188  1.6410232  -7.95964452 15.24086947] 
68 [1.06850783 0.23177017 0.97488693 0.33585074 0.47377035 0.53538521] [1.54670598 0.01303368 0.57953251 0.40121132 0.25841265 0.15869452] [17.12454084  8.6709605   5.18967086 -5.40346784  5.00400113  4.85109553] [ 10.82392628   7.9994006   -2.2655034   -2.84289892 -21.87121705
  10.75805558] 
69 [  0.40086378   5.47214312 -16.59698669  -0.73663127   2.85306225
  -0.51854952] [-11.92323229 -19.92795519 -28.07052533 -27.8540353   -5.61565159
  -9.9984107 ] [-8.9454201  -2.41363408 -4.7073263   0.6079815   2.30348196 -0.83233991] [-1.38039191  0.58995386 -2.04204131 -9.7142932  -3.22182281 11.11457593] 
70 [-10.23322266  14.70324534   8.69119865   3.36794422  -2.5665366
  -2.31478608] [ 17.04108094  31.94698786  16.3283607  -15.27925359 -23.5852209
  -1.8413167 ] [-2.98165089 -1.3746993   0.37979275 -5.65664551 15.17130573 17.95501766] [ 27.08950563  33.53607147   9.83509872 -15.70647848  17.4593507
   1.32282234] 
71 [ 9.59339123  6.20991945 18.31591084 15.05055513  7.86239991  8.51396812] [-31.22820898  16.86570584  -6.02911608 -13.62414873  18.99754525
  -5.65509661] [ 5.16876699  2.23024501 -5.20602268  4.42816398  0.03704892  1.28145629] [-7.45201996  3.47667665  6.50034933 -0.74181034 -9.77261989 -8.50188736] 
72 [ -9.48626612 -13.84352522  15.48646732   1.9332845    5.15906213
  -3.26177565] [  6.35147647  -5.6358499   14.87117787 -11.24276963 -15.76429964
   4.38662148] [ -2.00001438 -14.7861294  -17.58994954  18.61440049   2.55203508
   1.01515966] [ 15.1059365   -8.19706777  -1.68999776 -31.06280653   3.94196926
  -7.24437383] 
73 [-9.83034735 -5.99667821  0.852029   18.71741257 -6.96246382 -7.40833581] [ 9.7035142  -0.83184926 -0.6657083  -5.33011801 -9.29925047 -8.49479758] [ 3.88647359 -6.73965502  0.5058249  -7.03595813 -7.36723593  3.79557857] [-22.93305794  -8.87965785  16.37293753   6.10767649 -14.4940201
 -19.28084099] 
74 [ 1.02269519  3.95676698 -0.16597459  0.77403016  1.15588142  5.17330086] [-1.29083561  3.08575987 -3.4644601  -1.936325    0.1527634  -2.05229808] [  4.44261385   4.64316019  -8.28742881   6.74724318  -7.64590683
 -14.12061261] [-11.55308166 -22.02731677  28.21112742  17.48552664 -11.25977561
 -24.66162514] 
75 [ 1.4391648  -5.93231065 -3.89295416 -4.93167715 -2.01459558 -0.44388181] [ 8.2692721  -6.22569832  4.42493562  5.78167429 -3.33817418 -6.6609271 ] [ 8.84585236 22.0088298  -3.41054806  8.58183792 -4.98947536  9.18282922] [  9.58555707 -11.19549183  -0.08429204   6.21216586   7.83036351
 -13.6663587 ] 
76 [ -6.54959152  -4.36541993 -10.72311281   6.44083222  -6.43877375
  -4.5426993 ] [-14.87755607  -0.87867773  -8.10307197 -21.44387956   0.04611087
  -7.14689736] [ 0.96916753  5.29953927  1.08300537  1.03252301  1.64148322 10.83332695] [ 4.26403706 -4.85772078 -0.38354553  8.30937152 -3.53948209  9.78582974] 
77 [-1.26482402 14.39813296 17.43743091 20.73200883  2.81580115 -2.11907847] [  4.33509034  -0.66569208   2.48968696 -24.87227686  -1.52713166
   9.00176633] [  6.19834452  11.70714143 -28.85271973  16.78124828   4.43834916
  -6.51708633] [  9.47519958 -10.96835183   9.53130171  -7.89042124   3.38299347
   7.83533928] 
78 [ 0.23634134  0.34299962  1.03560534 -1.42296355 -0.91610181 -0.57912089] [1.01874316 1.69422101 0.2818519  3.05213988 0.27960089 0.20516785] [16.59131968  3.08717474 -0.76131186 -6.1657843  -4.67863902 -1.50166937] [  2.1981244    0.59107026  14.41271464  -5.94586077 -13.62536856
  17.58391987] 
79 [1.18368432 0.57631057 0.42201501 0.91941401 0.37776371 0.86940595] [ 0.62834136  1.02794696  0.59357249  0.66453497  0.56313361 -0.33974817] [1.17846972 0.58219093 0.41791431 0.91084011 0.37401623 0.88341603] [ 0.62532769  1.02162178  0.60197587  0.66526152  0.56944546 -0.34207325] 
80 [-6.07014707  5.53324581  2.84037865 17.44134603  3.09416507 -1.84007315] [11.53844749 -6.04899593  8.17512398  5.64633901 -4.27418283 -9.07549045] [ 3.57712958  2.77271936 -1.91849075 -5.1132795  -3.65782197  0.78422591] [12.52895662 -9.84800259  6.80134506 -3.00978017 -4.45739569  0.05580658] 
81 [ 3.2854831   3.16067291  0.30867753  0.45948138 -3.77432441  2.18616094] [ 4.68693362 -0.9731177   9.84073798 -2.92424262 -3.30229278  2.92908522] [ -9.00829532 -14.87673685 -10.64532173   0.15313594  -1.27431956
  -2.64798639] [ 3.33292586 12.92990556  9.50987814  1.21332776 -0.26231417 13.21743914] 
82 [0.82893462 0.38335843 0.01484226 0.8414774  0.92884276 0.59031168] [0.85258524 0.09357238 0.50290465 0.56081351 0.94162865 0.83495571] [0.8394578  0.36100925 0.03933363 0.85413893 0.90492636 0.60026851] [0.8590254  0.02978622 0.57492761 0.59803003 0.94847084 0.78933586] 
83 [ -5.84493803   8.25417733   7.91420047  -7.07843862 -15.80131979
   4.71989833] [25.91133577 14.98698139 -2.16733455 -1.57415787 -0.58556263 -5.53473214] [ 3.92016346  7.7882774   2.64828443 -5.56296268 -2.79920837 -0.40577878] [-14.76173612  -0.81699032  11.30158858  -4.21470986   7.89467147
   0.12725677] 
84 [0.24318859 0.72824356 0.62892232 2.38208762 1.73967548 2.18426947] [-8.38906626  3.32850624  1.44222366 -1.77699946 -0.17100956 -1.75003788] [  2.32998755 -15.95929129  20.38451524  14.03493677   6.52165868
   5.11626305] [ -7.37539231  26.66496787  10.85601399  26.66398777 -29.64702568
  12.78487137] 
85 [ 1.15845373 11.58748051 13.88775939  7.36855341  7.40134832  8.74989486] [-0.79374298 -1.70813915 12.3347672   6.86594481 -1.8578726  -0.98676997] [ 14.26605276   8.69584488 -14.24435023  -6.80240244   0.90391989
  -6.19240691] [-7.8234743   9.10453627  7.5176681  -5.04830815 -3.8093811   6.79605258] 
86 [1.11921024 0.49933568 0.44425981 0.94467707 0.77140418 1.24182935] [0.71491764 0.99421495 0.58382306 0.38620382 0.29000872 0.70224095] [1.105138   0.47916134 0.46003642 0.9582763  0.74308348 1.24701268] [0.70054877 0.99623254 0.58091606 0.34852521 0.28201708 0.70086245] 
87 [ 4.46049602  9.396103   -1.71287308  3.28752789  5.39914659  3.62389453] [12.42306488  1.20769313 -6.99326514 -9.63208975  0.14058398  2.16348542] [11.22331113 -7.14574289  2.03020939 15.59369058  2.39787945 -0.075168  ] [-11.14517062  -8.41467887 -10.21464483   4.56613393 -20.87396152
   8.27043028] 
88 [-7.78384819 -7.3028956  -1.42299468 -7.79090894  3.12643948 -2.77415353] [ -0.6065537   20.39542572  20.14210048   9.03906808 -11.49525591
   4.32850146] [ -0.43517928  28.53040396  -0.08816394   2.14841298 -13.07343497
  30.82292933] [ -3.15587312  16.23225028  21.34864673 -21.06890274  14.14535158
  33.12995848] 
89 [ -6.35406524 -22.32736758 -28.4379363  -19.58116007   1.71129926
 -11.23552777] [ -9.49732833 -21.91926694 -15.65524471  39.05076031   4.00867762
  13.40849702] [10.01755959 23.08880412 21.23594404  2.70158025  9.47818018  8.69355166] [  8.64267653  22.78351055 -19.41873492  20.80797035  17.46168514
  -1.18611468] 
90 [ 2.87780488  0.07378961 -0.08391539  2.09398002  3.96652795  0.19942221] [ 5.90068233  0.65155663 -2.78154185 -0.85358578 -2.5595602   1.18064682] [  7.84348803   7.56438658 -17.91092527  -1.50350108   3.06092232
   3.01017502] [-2.22068709 16.43758683  9.33280888 10.65991674 15.46673289  5.69642098] 
91 [-5.46472189 -7.4377876  -3.79089317 -7.26139881  3.22905269  6.9151108 ] [ -5.76698882 -17.07571745   3.46264604   5.37965097  -1.20850091
   3.83061171] [  5.75181004 -12.3948211   -1.3333539    5.19523079   4.69279668
   2.25659794] [-15.53368023  -0.2288147  -13.57238928  -4.98217413   4.79136281
   1.52440836] 
92 [-11.689682   -12.89204338  -9.79718962   0.41673326  -1.32033625
  12.68653899] [ 3.5292664  25.80713304 40.00183468  0.51460803  8.58162609 -2.29059391] [ 5.72515264  4.9706443   2.02708858 -2.47163097 -7.69118437 -1.63363979] [-14.33357629 -24.67893727   7.02906636 -12.9204381    8.32709746
  -2.04998323] 
93 [  7.41246451 -13.76543977  -4.83815152  -5.99003364   0.54151226
   3.48136297] [ 8.62450792  3.02545541 -7.23331124  0.8020921   4.07981518  6.5338866 ] [-0.18608294 -9.79219367  0.68681127  3.77505317 12.68724154  7.94047647] [-18.1904731  -21.94940098  -9.54018862 -10.89265753   2.30846463
  -7.7666763 ] 
94 [ 0.73863776  0.55764698 -1.20340801 -3.7763284   8.56501321 -2.97494411] [-3.68978456 -2.19067786 -7.31508015  3.44711869 -1.33176392 -2.41437499] [ -7.11982293 -13.00320605   1.15194923   0.51761151  -1.39970187
   1.25962417] [  0.91221754  -5.82693438  18.98162258   0.49144077 -15.87023564
  -2.9273717 ] 
95 [ 0.25982163 -6.26745118  6.69063143 -4.98450474 -6.18433018  1.07292363] [-1.85493354 -4.96513209 -0.14691447 -6.23188518 12.58335959  0.53012977] [ 6.9951025  -6.33631812 -2.52403018 -6.21982909 -6.20764669 -4.03182827] [ -8.12076284  17.39852762 -14.94232969   1.66500523   6.59778593
  -7.12407765] 
96 [ 7.46721969 -7.21072583 -4.80169252 -3.39871599  1.17067403  5.03349294] [-8.33796063  9.04349545  2.45908389 -2.8196163   0.96412824 -2.20372512] [ 15.67094002  -8.80496379  -6.8942422  -12.15856842  -4.99505734
  -3.22699049] [-22.60230899 -24.2732491    1.50012176  -2.01224538 -23.63546429
  -8.70587505] 
97 [-4.59258301  3.09329161  1.98025888  3.85817604 -2.45286916  5.02160202] [ 6.15212809  1.59736676 -1.11964529  2.84309635 -1.89291706 -1.93469994] [  7.09166378   1.92028882 -11.79478024  11.12227679  14.00444953
   0.30569119] [-22.57270341  -2.2545009  -25.4255172   20.83767391  -9.57398961
  -5.27609832] 
98 [ 4.49585147 -6.40019853 -1.60930078  2.37299367  1.67394327  5.26382178] [ 7.22662669 14.08288291 -1.96560756  3.87074698  2.25192171 -6.16677888] [-3.88284804  2.26773654 -4.39779302  8.09409977  9.09004726  6.33406667] [ -8.63515506 -45.96123358 -22.08370245  11.93053261 -14.25155807
  25.38144656] 
99 [0.75368976 0.66255104 0.90890158 0.43305241 0.55359021 0.61419468] [ 0.99597261  0.89501696  0.51562544  0.93062391 -0.35869256  0.6761585 ] [0.75244259 0.66416538 0.90605952 0.42967109 0.54908221 0.61204434] [ 0.99521566  0.89491168  0.52254207  0.9307739  -0.36050973  0.6791678 ] 
100 [-3.29755329  7.2974311   0.48069563  9.44543498  1.96087131 -2.43973107] [ -3.08061019  10.46866383 -10.96629588  -3.3245272    3.1548092
   1.70585347] [-8.64291249  5.02882686 12.82282879 15.10644785 18.11542914  4.66493427] [29.27250357 19.54515119 -7.00688078 -4.02101418  1.72919538  6.3179175 ] 
101 [0.87966449 0.85488312 1.30354358 0.59021982 0.80823477 0.52838388] [0.84662617 0.79016701 1.00753709 1.05459502 0.60530433 0.37136382] [0.89649599 0.85551566 1.3138007  0.60450667 0.80827737 0.5424085 ] [0.85084398 0.79017313 1.01023831 1.06549003 0.6006923  0.38077011] 
102 [ 0.96432129  0.80267497  1.31398355  0.00239157  1.14913613 -0.4789634 ] [ 0.8676232   1.55830026  0.32855576  0.04539265  0.59611942 -0.24426682] [ -0.39080417   2.31666726 -14.06574327  -3.46837967  -4.80884656
  -0.18296302] [ -6.39586725  -3.91770244  -2.82340686 -13.66976328   0.07433244
  -1.7751333 ] 
103 [  2.79181302  -7.56590088   2.54713199 -11.10315417  -4.22472978
  -4.9955106 ] [ 4.75394209 18.89111879  0.91785939 -1.53593254 11.34435383 -1.79250881] [ 7.40696327 -1.14831753 13.84061555  1.51702541 -4.28819415 -1.32275237] [ -0.41183701 -10.08963952  14.1522186  -12.25907817  -5.71073921
   1.70500621] 
104 [ -5.07865709   6.56439039 -14.61323476  -7.82077471  14.59215278
   2.3619978 ] [-14.29460411  -4.52226399  10.40573346   3.21807836   0.88452884
  -8.82226595] [  1.77912621   4.82065917 -17.81135639   0.08107106   5.80728062
   5.80459167] [ 9.47251961 -2.86206398  8.47624359  1.9158371  -4.20987292  0.01486262] 
105 [  3.815034   -11.36815255 -13.99281734 -13.26033863   1.0680886
  14.3321469 ] [  4.3990061  -19.60103989  26.12632227  14.6028116   -4.85345296
  -7.83503796] [-1.49871648 13.3611389  -4.25829516 -6.58366866 -7.2374592  -6.67017564] [-28.60851562   4.15180404  48.96668683 -11.32334494 -14.61906573
  -8.82443299] 
106 [ 1.90477138 12.8239001   2.78854103  0.19219601 -4.75849213 -3.40430657] [ 17.06414632   5.47031118 -13.66434206   4.83685955   9.86706558
 -12.74821601] [-10.07791126  -5.05438412  -5.5948713   -5.15730264  -7.45030155
   5.44047479] [12.73535177  5.44626824  1.16519572 -0.97826382  7.63373754  9.00230278] 
107 [-2.68428926  1.26231021 -4.49839581 -3.32499237 -5.44682069  1.93891485] [-40.50497859  -6.363381   -12.2951231   -7.28770853   4.73277595
  -1.83247896] [  3.37920315 -13.92670586  -2.50216512   3.61187773  -2.01778424
 -12.94570478] [-7.81070447 -2.07143176  3.34355844  3.00333328  1.31592603 -1.31058909] 
108 [-0.80742337 -7.93057162  8.12936329  7.45454372 -0.65643521 -6.8011234 ] [ -8.44850666 -11.29447281  -5.54603155   4.54499249  -7.40841028
   6.63436438] [ 10.76934624 -20.4136339   -2.34614642  -2.04576153  15.3937421
  23.78722147] [  5.31736551  -6.53772409 -12.77438981   4.72678913  10.88710508
  11.65522773] 
109 [ 14.34854234  -0.67201318   2.19593003   9.10261684 -15.49709185
  -9.33473058] [-4.22365141 -5.35190938  7.03054379  9.91883572 15.26204158  2.16891586] [-13.8961128    6.78521603   6.60362924  -7.30123428 -12.3089495
  -1.99878514] [ -0.77061446  16.29712831 -21.34483387  12.50865965  13.52690622
   0.4230712 ] 
110 [-7.57333551 -1.36531578 11.4876563   6.30595998 -4.01376145 -8.09801291] [ 5.99153794  9.52608642 -5.04378344  0.26132122  1.46631455 -3.12347972] [12.90012154 -0.14423151 -2.04052392  5.16636049  7.97383275 -8.68495905] [-7.39149319 12.67523228 -5.37935766  6.15544308 -3.5956485  -0.7800594 ] 
111 [-13.75606013  -9.7070647   -5.17854383   3.72624128  -2.29459016
  -2.21261349] [ 8.56781589 18.41529082  6.93269423 -9.27409027  6.61448792  5.95352112] [-4.38014225  4.77649541  8.25585139  9.64601775 -7.27302357 -3.39138873] [15.9751829  -2.12089006 -1.23306919 -1.14225909 -1.85237738 10.78307331] 
112 [ 5.33010778 -1.22633479 19.14291928 11.86361635  6.98715556 -5.93446935] [11.06594163  5.4993189   5.73847481  1.63448556 -8.88746843 -9.62357585] [ -3.03204821  24.59505418   2.80863222 -11.96619462  -2.82050409
  11.22173782] [ 11.44730634  21.62999297 -12.01283241  38.09841237   0.23903764
   7.21233329] 
113 [ 6.53768945 14.54331314 -0.27548588  9.42983063  9.87983526 -3.2970662 ] [-14.5074732    5.56224999 -10.88873795   1.05516075   3.19161671
  -0.13624301] [  3.2420852   11.23544383  -4.14771968 -17.84032463  -3.55213737
   2.88405515] [-14.92613518 -13.66907592 -13.91650944  -4.41241488   2.28550574
 -17.35477203] 
114 [ 3.09052190e+00 -4.53827445e-03 -5.03202114e+00  5.01378883e+00
  1.14570129e+01  7.33624257e+00] [14.27928452  0.49518045  4.74791969 -3.95144884 38.63897889 10.53969187] [  5.6759416   -3.13508746 -10.03692142 -11.2205446    1.94180582
   5.35133283] [-11.22940833  13.40326602  -6.27693119 -14.91027307  -8.35468645
  11.49671778] 
115 [ 0.57751657  6.06400751  8.33924463  2.63866665 -4.13557217 -0.72505019] [ 19.77074809   7.39320058 -14.83317284   6.51202308  -4.78752664
 -17.60242758] [-3.32559445  5.39277489  3.00747411  8.6145137  -1.33177592  1.58788664] [-1.80534718 -4.3855599   8.79677109 -6.67717395 -6.50777156 10.90682168] 
116 [-0.73133921  2.73792452  2.84006547  3.0947474   0.9359146   2.87935048] [14.80234103 -5.27615713 11.34775406 -3.06425325 -9.03045954 11.38668549] [ 9.43279227  1.383371   -5.0845384   2.80353675 -7.21010086 -9.51336725] [-27.67926221  11.92998827  -0.44800035 -15.75740002 -16.6212399
   9.01804802] 
117 [  5.39138786  22.41542494 -17.53746135  -3.81450005  -1.06702109
  -1.49392625] [ 26.41746215 -23.25060138 -14.07494664 -27.03859284 -14.89814511
  -4.93990089] [-1.33233669 -8.94321767 -8.87189269 -0.70542653  7.41014531 -0.86530274] [ 18.055026    -5.58260893  25.05284108  -2.98679998   2.20708537
 -10.35513793] 
118 [ 9.40130919 -1.04541082  5.23036697  5.04286615 -2.5958182   0.9399431 ] [-16.48625029  23.56069881  -8.62362    -18.40547662  -1.5097692
   3.58978654] [  7.17858354   7.8412173   -8.65003792  -4.99469383 -16.56161276
   3.03942688] [-15.58378776   4.59071387   0.60002972   1.48068273  -1.6905191
  21.57920525] 
119 [  6.81872771 -21.35951256  10.41138309  13.29277519   7.67809447
  -0.79082723] [ -1.32887373   8.1691227   11.74885469   4.83057615 -10.78499929
   6.17453984] [-0.06888512 -4.03683411 -3.58857947 -4.35023995 -3.48345907 -3.8781587 ] [-0.95647693 -9.28194528  0.09782031  2.81746821  5.51078474  7.43518951] 
120 [ -7.77377126 -14.26066845  -7.96261186   4.96536467   4.34507125
  -1.97643285] [12.03182003 -2.06754037  6.65187699 -3.84748186 -7.74034351 -4.3077527 ] [ 8.56083172  1.62198481 -9.27091314 -3.16980591 -5.44985162  6.73440089] [-21.05449227   2.66387637  -5.31104076 -15.25442325  -4.56324633
   1.65135971] 
121 [-0.14724432 -7.94855444  0.61344341 -0.08422752  7.93309613  4.70523594] [ -6.85046941   1.41895092  20.8134317  -17.59462013 -12.21370142
   4.47834257] [ -6.87198849  -7.17648589   2.51271165  -0.77043136  -5.00476694
 -10.46019251] [  1.41720723   6.64508385  13.82610121 -14.66817555   6.95771491
  -4.06189144] 
122 [ 12.25951396  21.51553953  -3.76891331  -7.82245503   1.44898883
 -11.16401265] [  0.06434757  -6.57620371   3.39760769   6.27526583 -12.67895421
   0.56724485] [  0.70390873  -4.77257871 -20.07995606  -8.81213204   4.40657528
  -7.42043948] [-52.54670565 -10.21989522   7.44835805 -12.57664853  16.74785063
   7.89246318] 
123 [ 5.02658074 -0.53143785 -0.42033329 10.00467068  3.10531339 -6.07098016] [ -8.63872107 -10.0325575    3.81433144   5.20464913  -1.95869877
   1.69063377] [-0.64917991 -1.35701978 -1.40521583 14.37518538  8.1474147   3.53287993] [-20.87952247  -2.38056202   2.39279686 -13.86228239  -3.53704306
   2.43266288] 
124 [ 9.49285991 17.58524598 -4.21150323  9.70001365  7.7384832  -2.33072361] [-23.60033154 -11.41995635   0.9295807    4.39633003  10.67644387
   3.73112874] [-9.81233919  8.19338051 25.92358096 14.36506978 -7.96642878  5.5484878 ] [ -5.23684887 -10.65982051  32.43023909  20.10718123 -27.39588417
  -7.60833298] 
125 [-5.66460421  8.12191013 12.42583124  2.55109475  8.298717   -0.9769415 ] [ 9.18410224 21.95197909 25.82870434  9.02083078 -3.25194042 -5.02443788] [-10.74956339   3.00905853 -10.69175845  -6.33914283  13.00878782
   0.68682025] [ 13.06545878 -16.74740937   7.84922944  -3.04040529   4.33937728
   9.18788828] 
126 [-2.19007973  0.09982328  4.28265274  3.76613947 12.2316746   1.35734432] [-27.02632473  -7.99276299  17.95936314 -15.53360578  10.84669409
  -7.68354803] [-3.39299131 -8.34963919  5.25638811 -5.42429181  9.0475672   7.4843568 ] [45.44420518 23.33605414  7.62308415 -2.60915323 14.11004238 23.88230783] 
127 [16.4763085   4.22291667 -0.65840357 10.72466135 14.37631531 -2.55970186] [-1.03350292 16.86378688 36.01439341  0.69307842 10.64547006  5.69621927] [-1.38724451 11.0180179  14.12878895  2.06531845 20.34132813 -2.22960624] [ -7.8741804    1.82569492  14.36514522 -17.27750839   5.29651504
  22.62506846] 
128 [ 7.61556866 13.82001789 -4.30586115 -0.23339697 -3.27298886  2.13061333] [  8.1757219   -8.28085978  -3.56983294  -2.76428855 -16.50794826
  -9.9773113 ] [  5.37819411   9.126693   -23.46072059 -14.96200468  -8.62707907
  -6.89133661] [  3.85193814 -14.46493951   2.75162553  19.62970354  -5.45782505
  10.10070128] 
129 [-3.12468005  9.65431457 -4.38772146  4.17220411  2.06178936 -4.12199524] [-2.09528697 25.61268192 28.30607113 -7.16962914 -8.02891772 -2.76478483] [ -3.33145998 -10.11246406  23.32254517   2.04101355  23.75105159
   7.15166253] [  4.07663023  13.31998175   8.79916462 -23.7880642   -4.72779657
  -1.78851928] 
130 [ 1.84591281 -4.02053049 16.04842922 -3.16278716  4.3999892   3.07711767] [30.99803559  1.56273738  4.64446246  6.83296482 10.30132418 -6.50703209] [-7.3790205  10.82113643 -5.09747772 -6.70400085  5.34788423  0.76763468] [22.05740908  1.26626674 10.3527429  -1.9369285   1.42650828  1.42407386] 
131 [ 8.04665153 -7.27243009 11.5429084  -1.20557417 -1.18562455  3.05940109] [ 17.44757043 -14.19665159   2.96404065   8.81269729  -6.32125127
  -1.84739024] [ 0.22400586  0.71846439  0.52825709  0.48763511 -0.08366234  1.04095131] [ 1.04231744  0.1536846  -0.13318997  1.72631724 -0.04385596 -0.11318306] 
132 [ 0.2262552  15.39620188  8.94029636 16.79361334  3.81582875  0.82016405] [15.87094915 29.92693268 -2.77065021  7.98320433 -4.82378036 -8.7117376 ] [  0.10458168  13.52091095  -7.50722299 -12.56051473  10.14798453
  -0.59610942] [ -1.361476    -1.1293689   -5.40740768 -16.04822685 -12.883206
  -4.26744998] 
133 [-3.30970474 -3.9829837   7.16885988 -6.25595429  0.81366524 -4.68515484] [ -3.18754183   7.83938068 -14.65373539   6.76839903  -4.76039092
   0.47810104] [ 0.28864998 -2.21241719 -5.27719025  1.69292785 -2.79677554  2.96991373] [-16.60747998   8.6374765   17.13839809  -0.05957483   3.13080943
  -3.23850929] 
134 [ 3.99022713  2.84409248 -0.19999328  3.45484487 -5.43344467 -5.67132975] [-16.06409124  -1.46344052  -3.14734216   7.84846683  14.40160873
  -9.24059968] [17.80956806  9.41430736  7.38450798 -0.3090657  -3.31198531 -9.42794319] [-37.61241309 -13.11813068 -25.3351499   11.42978826  -2.63215681
   1.96189372] 
135 [-1.91295338 -4.09477026  6.67151737 -4.11518291  2.03024391 -2.81567963] [ 1.41697535 -6.35029313 -7.38714522 -3.85540719  0.7995628  -0.69738371] [ 9.7910527   9.49821301  2.28836278 18.5452733   3.64979563  5.56470221] [ 2.35669953 -5.43179327  2.90294007 -7.65296546 -5.47368438  2.48393849] 
136 [ 9.23244662 -0.85990884  0.5450011   6.04743721  5.36196453  7.08220233] [ 3.96748836  9.16204867  6.69445921 -2.31812167 10.43639332  8.68096457] [ 1.94522205  6.56073878 -8.35777954 -0.15827084 -4.06919198  1.41389219] [ 1.56214836 -9.40502352  2.70598584 -0.35948308 -3.88308338 -4.80900266] 
137 [-6.83124256 -2.83277633  2.99980501  4.35962319 -4.25566347  0.1616528 ] [ 4.48110458 11.12442423  6.82595254 -3.41768591  6.97992062 22.42894187] [ -8.37735349  -4.20393302  -8.97012242  -6.59608717 -17.5601876
  -4.69705762] [  1.86353679   5.11310488  -6.61417005   2.21534499 -10.87886541
  18.87480331] 
138 [1.04792421 0.61264897 0.07550528 0.45777103 0.75065467 0.34170329] [0.80218226 0.42962993 0.52687763 0.83779639 0.18280528 0.64253704] [  2.96395596 -12.22542406  -2.83234844 -12.35566815  11.97181897
  -1.94716789] [ 3.33423776 -4.7668842   5.81855265 11.01976574 -1.05468005  4.07642679] 
139 [-1.9190935   7.08744592 -7.30092168  7.91477808 14.25175184  0.80845932] [ 14.87284948   6.071965     6.29959659  22.26066734 -13.3222355
 -20.66484154] [ 7.84504345 11.36589626 11.17388639  7.88338859 -3.39968034  7.55638664] [  7.10727525   8.14641463 -25.09550489  11.11564874  -1.8445734
  -0.03989627] 
140 [ 11.55467825   0.0696722  -16.73755138   3.29044805   1.87615779
   1.34769511] [ 3.33614404 -7.15252887  6.46851802 -8.76677501 -2.73996369 10.520466  ] [-11.41463955  -5.6687446   -6.62132517  -7.53261237   6.49501987
 -10.66941637] [-25.06548801  -1.93272672 -23.03951991   0.18339481   3.86840482
   4.06422394] 
141 [ 0.76856282 -3.07678721 -7.28611547  9.32876298 -6.38344271  1.75662175] [ -1.31035432 -14.83160955   6.50876666  -9.98111802 -10.05336927
   3.16964313] [-9.495989    2.50591817 -1.97398541 -2.91468055  3.28712229 -3.62882043] [-4.70388173 -0.09937679 -7.42962053  5.59979993  2.83336752 -3.11109989] 
142 [-10.26038781  -8.48117523  -3.41541911  -0.34128938  -9.93298921
   6.52779234] [-16.10190834  43.11126918  -2.48246661 -11.51787251  -1.36222909
  -0.50094926] [ 4.15229905  1.28588916 15.89186025 18.37582525 19.36845498  5.61271397] [ 3.07282436 24.03451305 -5.41271921  6.18171036 -3.81452431  6.01965353] 
143 [ 5.1930727  15.84850738 11.22763406 -2.07008414  5.22891576 -1.32341856] [-13.97989251   6.54618225  -4.67687169 -25.39503759   0.05504532
  -6.98048459] [ 4.43457537 -4.78467486  8.05870679  6.31018668  3.42939111 -0.7790131 ] [-5.57001502 -4.13293099  4.32670671  4.53646248 -2.79417835  1.78994685] 
144 [ 7.38966242 -1.32614231 20.48645771  5.75149159  3.71867128  8.20817511] [ 20.43314084  19.45042062 -26.29132907  -6.0680861  -12.59450276
 -15.57424401] [ 0.17431591  4.64160934  0.4795054   1.83306228 -0.33150798 -4.05352177] [-17.74663826  -0.29207779  -1.37893234   6.16506578   6.54086587
   3.32153268] 
145 [ 5.4250695   1.80793978 -4.35159218 -3.20875095  8.20269903 -3.1716796 ] [ -7.61633291  -2.82255759   7.62039317  18.678781   -15.28049843
  -3.04944712] [  0.83828932  13.29479142  -3.87776547 -10.07240315  19.81364898
  -5.3648392 ] [ 25.43848178 -36.52472581 -16.29724355  39.03402584 -43.60317542
 -14.49174844] 
146 [ 0.22187793  0.71334443 -0.05764882 -0.94359276 -0.57887972 -1.25063818] [ 1.03357227  0.28010077  1.45235958 -0.19734253 -0.18305444  0.02793089] [11.0892984   0.77428688  4.48531143  2.64343062  7.32364308  1.94202328] [ 4.77471219 -2.34718336 -3.7471826   2.00631896 -4.66682239  6.03997942] 
147 [ -5.74186733 -10.7228011  -12.33080324 -14.89856686   7.68327315
   7.07722263] [ -4.0075837   -5.29552666  -7.19704951 -25.5279895   12.98071894
  21.40369823] [ 9.33142396  3.13474598  5.64895993 -6.69071745  1.73846095 -2.32745075] [  5.15174622 -11.10623689 -11.89447958   8.94675786  -1.55086225
   2.38776475] 
148 [-5.51518739 14.92367615  2.76139433 -9.86128839  2.26433895  6.17913905] [ 0.80479457 16.00702078  6.31022234  2.16011461  7.24934675 -4.90161043] [  0.80741557  -6.36251896   2.53900947   5.32846564 -11.46080791
   7.74665202] [12.01196463 11.29496952 25.45221713  0.78161209  8.98603592  1.08679741] 
149 [  3.09393019  -1.33195059  -7.57661266 -11.16627856   3.28747762
   3.9785009 ] [  3.28690185   0.5684836   -1.94819795 -12.20245645   0.06879749
  -6.06737634] [ -7.90476684  20.68702348 -11.15683459 -21.75154697 -10.47260932
   3.3465701 ] [-10.96389397   8.64272256   4.37453373  16.25504108  -1.19642142
  -9.61204027] 
150 [1.17891611 1.07764938 0.54562553 0.63614841 0.6954128  0.60438708] [ 0.78266921  0.96842326 -0.42205371  0.57485801  0.82720792  0.42718417] [1.17245888 1.08855955 0.52053828 0.65975621 0.70196909 0.60507786] [ 0.78909775  0.99487044 -0.45011367  0.55310122  0.83773772  0.41858697] 
151 [ -6.22145367 -23.65124301 -10.96986704   8.87763533  10.41585009
  -3.80408162] [ -6.40377004 -16.28047762  -6.42848718   4.81516261  -2.20909695
 -12.65372005] [ -9.67663728 -10.88890446   7.08715837  17.11134564   7.48580944
  -3.28883186] [ 4.56047058 11.24214368  9.6653404  33.0242172   6.21277622  2.16479354] 
152 [  1.98594028 -12.74971198   3.73574819   2.32725545   3.24137806
   3.56628469] [ 4.01562549  6.44180093 -9.31866095  9.60005369 -6.89400928  1.2885475 ] [-13.97390375  -9.85901479 -13.25036887   1.61772271  13.22081289
   1.46880414] [-22.98506084  -0.15065359  -9.63501359  12.0211152   10.27814747
   4.6597624 ] 
153 [ 0.01796258  4.80491883  0.56223846 -3.35307469  3.84626512  1.98048413] [-18.54501381   4.85166659  -6.07692501 -13.52785057  -7.34152672
  12.41731911] [-8.24607602 -5.44679535  3.79400956  1.30619456  4.98994365  7.0184655 ] [-0.80093155  5.1556596   5.13435051 22.66608549 12.85908893 -0.09731755] 
154 [-2.57777683 -1.503135    0.23643646  4.71856151  5.62119199 -2.89221909] [-1.66559704 -2.64591605  2.40245102  6.31668004  0.41481429 -1.56090269] [ 6.14500472 15.84435604  5.00640645  3.41175645  4.95023894 -5.56119126] [ -5.99185267   0.60909476  -0.50200673   2.96140918  -0.39620852
 -30.93214773] 
155 [-6.01866547 14.50608504  9.27761339  2.24266689  2.38385209  1.74839955] [ 1.10467954 -3.23355776  3.19424162 22.59085099  2.1708547   0.1018623 ] [-3.25698025  0.85118963  0.47649879  1.5134951   1.62172835  1.47757228] [ 2.39975307  1.23671417  0.2904726   0.36524477 -3.35524081 -2.32975374] 
156 [ 0.22282564  2.79497119 -4.01711579 -3.95988113 -0.38830007  2.00339174] [-16.28107716 -13.53430028  -0.3878616    3.04426881  -7.01959578
   3.71247204] [ 9.48705227  2.22794395  8.18032889  5.60229076 -7.6103344  -8.69902136] [  5.35294552 -31.44108627 -19.72231234  -5.30003097  -4.00228856
  20.29745776] 
157 [ -7.52698732  11.46618803  -7.44693691  22.66919647 -11.25192977
   1.40376733] [ 15.00820941   0.5462651  -15.28987382  40.96713008  27.82419564
  10.870163  ] [ 4.17834033 10.20760477 10.56904918 11.25999902  8.16393713 -0.17062801] [-18.95647116  19.11746534  12.65042204  -7.90256591  -6.07416887
  -3.23509459] 
158 [ 5.91337393  3.25384607  0.31648755  2.17939968 -2.62065751  0.57595991] [-8.73902125 -2.42674337  0.6189275  -2.43031026  1.76326987 -1.45193311] [-16.60825302  -8.30820739 -19.9205484    2.17379633  -5.66249324
   5.71723653] [ -7.68410725 -33.66106312   0.37466425 -12.45550716  -0.57714424
   3.39704528] 
159 [0.2378478  0.70969835 0.40140521 0.12467861 0.6535621  0.85898279] [ 1.05532675  0.30908502  1.48638822 -0.08546459 -0.10629343 -0.08987467] [12.37774497 -1.76085261  1.28797926 -7.49719183 -0.0294773   6.21136396] [ 5.05654008  1.00151336 24.73589386 12.65097263 17.86664168  8.88045559] 
160 [0.96650477 0.06832722 0.90564768 0.69964317 0.19972237 0.26656059] [ 0.4553817   0.24185423  0.68518733  0.56200466  0.3457978  -0.08378078] [0.95811828 0.32542722 0.64235979 0.61914901 0.47923429 0.18064216] [ 0.65767526  0.12626998  0.71241061  0.61191787  0.32072369 -0.70806222] 
161 [ -3.25369795  -7.79975355  -2.62314833 -11.35596818   0.51828826
   2.06110538] [ -7.01626842 -13.59053223 -10.98570714   3.81853196   3.61699678
 -12.87547641] [ -4.20710993   9.92681125   7.37049662   1.70244204   3.07047813
 -16.68263382] [-36.73737685  -8.03503517  17.21026005  21.25362964  13.22488535
  22.56906759] 
162 [ 2.48771049 -1.48244168 11.71638413 -3.39013406 -2.31577723 -4.93409813] [ -3.90460938 -16.45853782  -2.27615199   4.58045729   4.54341283
   1.54489912] [-36.83971813 -17.25039921 -25.1433357  -10.53582733  -4.89599586
  -6.91218726] [  6.32292378 -10.5681275    6.69546418  21.52952354  16.34254774
  -5.16008652] 
163 [0.24319611 1.29933497 0.61057561 1.114242   0.52154884 0.40114138] [ 1.07383465  1.25697123  0.00629362  0.1050529  -0.25667017 -0.09929437] [-2.12964447 -8.77337261 -2.37161893 -6.62633133 -6.72200999  4.04877591] [ 17.88997499   7.69607863  15.75194857   9.62671695 -16.01963201
  -2.7975481 ] 
164 [ 7.2463163  16.71410232  3.89197192  4.79441333 -0.13184068 -0.99606627] [-29.0303365    5.17883239  -1.9859999    2.14895356   3.36472211
  -0.40019949] [  1.62787153 -15.27268948 -13.80268041 -10.65985672  -4.09807131
  -2.97773049] [-14.05875463  -1.07217343  -6.50913128 -13.62864412  12.94108181
 -11.06642973] 
165 [1.18249046 0.85024855 0.13398602 0.4066024  0.59953405 0.43028234] [0.77395473 0.52731803 0.51639195 1.03253152 0.29009842 0.97057792] [1.19496302 0.85855618 0.12900866 0.41629036 0.59062039 0.45955556] [0.79681075 0.46057245 0.55112068 1.03048789 0.27366342 0.97535288] 
166 [ 4.32588642 14.1454356  16.13612132  2.77893582 -0.99722028  1.43047514] [-22.71316237 -12.28550346  -5.45197228  17.38183905  11.46716456
  -3.48318133] [-1.27795387  1.29492051 -5.25573259 11.34794544  5.24331617  3.01543391] [-22.3467655   -1.83779952 -14.15341501   8.27522023  22.22074831
  -6.47639799] 
167 [ 1.06595302 -0.359763   -0.98339926  3.54818323  2.77403906  3.1878734 ] [-6.05286482  2.28886252 -0.78330298  1.71522211 -0.55042987 -7.05150355] [ 8.62928273 -2.24591652 17.27931343  4.53762724  2.11262968 20.99893076] [-34.91709345  -3.77026187   2.19641575   7.63357148 -11.85740999
 -15.77919023] 
168 [ 6.04472521 13.89155711  8.44192567 -2.95990941 -1.92829283 -6.40654174] [ 8.31814306  1.49162045 -6.44632456  1.50967575 -0.29370596 -1.40772593] [ -0.78695821 -10.83901976   1.01901622   7.87607313  -7.30655763
  -7.1882874 ] [-14.96404942  -1.34227246 -18.370266   -21.85526172  -1.40261944
   8.63292258] 
169 [ 9.76030983  9.52913397  3.31985638 -7.34040326  1.87395739 13.91460971] [ 6.75506747 -7.35658606 -4.66319115  8.80417815 -4.88132803  9.76672732] [ -7.88099613   9.75698237  -7.7159921  -12.90322559  -5.97260988
  14.70506438] [ 7.82079438 -8.25257112  3.62058635 -2.39003111  0.72490127 11.07817528] 
170 [ -0.39337803 -14.91457567 -10.9354755   -1.16445964   5.45269219
   7.67078312] [-8.84945571 -3.70005407 17.35282775 -4.53861527  6.50969257  5.21277937] [ 3.88660175  8.84536177 -3.58100297  8.38046438 -1.12445683  1.23945197] [17.06825039 -6.48138173  7.80700617  6.10576261 -1.64345336 12.48339407] 
171 [ 0.17916344  0.41561285  2.88438765  0.21515351 -1.71515902 -1.24617632] [-0.54644215 -0.26876452  1.81598696 -0.24860607  1.49400936  0.02606703] [-23.86529817  -8.42634461   2.88244801   8.8479678   -9.928561
  -0.12297421] [ 20.4478665    4.936401    -9.24312776 -13.97302137  22.14483346
  -1.58697473] 
172 [2.33719234 0.44223438 1.01359493 2.05269354 1.82904622 2.76831617] [-4.16630012  1.86067599 -1.41686033  1.55456166  1.38117617 -0.06368645] [  8.03076831  -7.87136401 -13.8807332   -8.57069557  -0.6514771
  -0.43105463] [-19.38445507 -23.69781494 -22.90946912  16.24935992 -17.86296009
 -24.77747505] 
173 [ 0.69538129 -0.96141799  2.96872493 -1.18855199 -2.16396008 -2.3835127 ] [-2.51043538  5.88578909  1.9677709   8.78727651 12.54453283 -3.16151367] [ 1.27467588 -9.61611429 -7.27241827  2.58365023  8.55965818  8.30845278] [ -6.67778007  19.58762694 -17.59467448   9.85023875   6.58205341
 -11.87075969] 
174 [ 0.31585197  0.82769659  0.41106871  0.94669658 -2.29472343  0.59362796] [ 0.54266818 -0.31869027  1.00404201  0.46906518  0.26138298 -0.17080617] [ 10.97972923 -12.01581011  -5.51484205   8.13286983  -2.57275458
  -4.08014749] [-2.78163376 -5.03686765 -9.13700905  7.261104    1.9733093   7.33451255] 
175 [-10.84594213 -17.10560744  10.72872038   8.53870231   7.93608187
 -14.34457691] [  3.7182553   -4.53650702 -24.55485024   8.21400057  -0.35494821
  -2.96364959] [-9.42354896 -9.34923273 -4.10060125  6.77727794  8.49981068  3.01904516] [20.41301423  8.48138113 -2.58993663  2.59091269 15.34981728  3.2376401 ] 
176 [-6.00871786  1.01031524  6.09391157 -0.79273398 -3.52963979 -4.55241498] [ 4.36451776 -7.73746093  4.6357224   7.81584186 -3.25953758  3.40526015] [-3.74049495  6.56737582 12.1982106  -8.51817732 -4.68297989 -8.75081356] [ 35.04404019 -23.94286708 -20.69579783  17.93126457  -2.12167446
   2.41517748] 
177 [0.75013558 0.26864402 0.56387455 1.15561952 0.87674114 1.10103378] [0.45335051 0.41811923 1.07757325 0.43349918 0.72342552 0.35905083] [0.96363073 0.12250242 0.69686586 0.95681751 0.67991081 1.07390627] [0.07008376 0.61772187 1.05261352 0.40877498 0.70753033 0.45994178] 
178 [ 1.38529997  4.4836944   7.67109863 10.54388345  2.67143492  0.90447639] [ 1.36702626  7.98991508  3.07942483  2.94057996 -1.89442481  0.52744911] [-13.71227054   9.35991061   1.65019775  -3.64037731   2.56545868
  -8.33217396] [ -8.42439792   6.75633522   0.50713637  15.28141072 -29.93030516
  -7.64218997] 
179 [-7.21804466  7.14993086  2.89663543  7.80354649  5.78023988  0.11672298] [20.08078942 33.41088486  5.07175395 -9.60066964 15.58879668 -3.55770467] [-2.46375187 -6.64440412 -5.9709398  -6.52761535 -0.92054627  7.16228813] [18.40638516 14.00944846 -2.1348464  -8.32027069  1.07837794 -2.59380742] 
180 [-11.60393155   6.01446341  13.89513647  -6.33218426  -3.40288004
   0.23821182] [ 4.11778499 -8.46544841 11.01037736 14.71172009 -2.22996854  7.15276967] [ -6.32457665   8.23220741 -15.1451397   -4.92436119   3.78969131
  -0.66733909] [-13.19927259 -15.09487322   1.27159943  -1.42922126   1.62305084
  -2.98886835] 
181 [  5.97308665  -6.11310261  19.8480129   10.09268605  -3.56578534
 -11.10909416] [-1.05304622 -6.24671068  3.88271631  1.84205032  3.92568825 12.07945533] [-0.09823326  9.37944226  9.44492228 18.80784423  0.94206611 -4.75914166] [  6.15809282  11.24936982  12.27891813 -11.14664283  -4.69973302
  -9.58033356] 
182 [ 9.77296724  3.8132609   3.36920249 -1.98187709 -2.47234083  0.11055036] [-14.3445652   -8.16003053 -12.16161819   4.668402    11.25045495
 -12.82085512] [-9.66747337 -9.30448082  7.82788694  7.93479819 12.88828228  8.54431789] [ -9.86285018  10.01779142  24.01697438  13.65161557  12.38309388
 -18.77577033] 
183 [ 5.12531215 -7.49367655 -1.18742336 -8.5279938  -2.17134565  3.44433158] [4.18735158 0.05582229 3.93398529 4.29145865 0.18697794 6.3970454 ] [ 1.36454936 -3.87461279  1.00613503  4.47956238 -3.4968341   2.319991  ] [  5.10872659  -7.9037102  -12.39487372  -1.98685113 -14.2914122
 -12.04619509] 
184 [  5.54846617   2.83060656  -6.15347367 -11.82477657  -2.40920043
  -4.43222982] [-8.0722941  -2.62155314 -0.36786671 -7.78070776 -2.65475417 20.44482892] [-11.72418242  -9.75894956   2.21111369  12.03357547  25.96159219
  -3.81213396] [ 1.18601859  4.78267098 14.29743552  5.44860868 18.92052246 -1.79595169] 
185 [-11.03811172  -3.42424251  -3.09102159  10.7626058    6.73977983
   8.23410093] [ 17.32971653  19.16235157 -16.993194     2.04414692   9.88841081
  -4.88478604] [-20.77317882 -19.47658302  -9.76957857   8.48146233   6.35662327
  -1.01630782] [ 24.27792207  31.21879411   6.23562673   0.3772061   10.98811067
 -19.23565721] 
186 [-0.00956393 -7.12813324 -6.62908104  6.76076428  5.88767091 -5.45369446] [ 9.16564409 12.32372246 -5.4851519   7.22067337  2.41999982  8.40769509] [  3.50018923   2.08839217  -1.79227136   1.8501575   -0.37128141
 -12.47525153] [  4.31178533  35.06588074   6.30562289  -6.45069615  -2.49041928
 -11.83886527] 
187 [ 0.86760692  0.01945049  0.91037378 -0.34269842  0.30642088  0.32960172] [ 1.98216638 -0.41595379  0.83999331 -0.39438771  0.14355955  0.14763611] [ 0.89226377  0.03773669  0.92080419 -0.38116441  0.6003238   0.53369983] [ 1.71843696 -0.15632281  0.73107609 -0.28103739  0.34856943  0.17616435] 
188 [ 1.00612725  0.77878973  0.38597582  0.59797499  0.42309608 -0.11529734] [0.77885336 0.65958747 0.57613415 0.41596216 0.8349197  1.25614053] [ 0.96548525  0.82835491  0.45890522  0.5437722   0.33136792 -0.14258793] [0.73164468 0.6638952  0.51345357 0.38468782 0.95995436 1.21010455] 
189 [-2.91294362 13.88953416 18.59233372  5.18431037 -5.90870513 -1.69467838] [-18.99530191   2.34296175 -11.91565253  15.101688    -3.24953507
   8.66983831] [-7.17787966  5.59967919  6.6982089  -2.02956293  2.55619211 -9.95780278] [21.69566991  3.40177779  3.55390206  7.6313537  -5.43237585 -4.9163316 ] 
190 [0.89749952 0.60021217 0.53874913 0.85841973 0.37891658 0.88258228] [ 0.84449755  0.15366895  0.35138502 -0.2338652   0.851197    1.06874385] [0.89524325 0.52704524 0.67349237 0.63013805 0.55297647 0.88397287] [ 0.79757828  0.17589917  0.3706937  -0.17549941  0.80698679  1.0590545 ] 
191 [-9.33517505 -9.53675228  8.12292786 -2.28780639 -4.48036838  1.77690136] [  6.53280563   8.41132177   3.76750183 -16.48494239   3.97901239
  -5.36437621] [ -8.75906822 -10.24912237   0.77552279  -8.0332573   -1.03023178
  13.1383629 ] [ 19.84359045  -6.4702245  -19.14935382 -29.64177536   1.94611369
  -3.38990446] 
192 [  5.42179246   2.02268606 -11.53194972   3.12465038  -3.66982018
   0.10236256] [  1.58635561 -12.20476068   0.34449641  -6.19944256   4.03801214
  -1.29007518] [ 17.77763974   6.03117884 -15.32501751  -0.24534875  -6.90963979
  -6.99338845] [  1.10395989  -2.18851244   9.32963627  -2.57216099 -13.8728011
   0.82675216] 
193 [ -1.35104271 -17.72899059   6.1338657   14.9537572    8.37057956
  10.82351279] [ 24.50558079 -16.02598159  10.63518577   0.46472429  19.3250038
  -8.0425256 ] [ 2.46942345 -7.01105884  6.6099003  16.21711582  4.50700617 -0.42445386] [ 19.91577575 -14.8023473   -2.79440332   5.54081477 -19.68613785
   4.08897629] 
194 [-3.34098858 -2.42081672 14.03403859 -0.99246492  3.9067565   0.98786335] [-4.36062065 -4.34019253  2.55375046  1.24505534 -2.99335406  5.01695832] [-18.8077189  -32.28028     -6.03492523  17.61284545   3.88780534
   4.39557219] [-15.59524402  10.13506256 -21.8379981  -16.42698238   3.34393766
 -11.15347391] 
195 [-0.19616129  1.29041203 -0.76414913 -0.30384251  0.44894541  0.50906113] [-1.09453616  1.67855901  0.0596076  -0.28061555 -0.26122177 -0.1315741 ] [ 7.43447722 -0.97054853 -8.34842996 -7.27043966  2.62577355 -5.94718466] [ 21.18222192  -6.66142237 -15.1948726   28.95308696   9.43095109
  -7.72750192] 
196 [-3.08944579  1.99536378 11.76111846  2.83966629  5.02886588  4.48498655] [ 0.95729971 -9.97804655 12.49159808  9.54876066  1.48661682  7.25407868] [1.15787538 2.6464038  1.68675608 0.29376174 0.84107421 3.82024574] [-2.42342344  7.27058085  4.75511983 -4.18183421 -6.68548742  3.70901843] 
197 [ -5.83604196 -10.136939    -5.16447375  13.73504754  -2.72295916
  -0.94939238] [-15.10602347   4.59272615  20.68877241  11.75530713   7.48009606
 -18.0278446 ] [ -9.51629489   2.75138872  -0.20525866 -10.26480825   2.55724931
   1.34894326] [ -6.25084421 -14.44131491  -2.84311131 -20.24897025  13.22365162
  -5.58957179] 
198 [-2.30913055  8.10326124  4.83701063  1.28503523  1.15552123  0.03714072] [-0.31021029  3.20577355 -1.81720924  7.6387409  -4.55317573  0.03917009] [ 6.84475846 -0.14826654  3.81217962 14.16715082 -5.51779305  0.04965864] [  4.29281239  36.45438139 -19.42563212   7.7341399    7.18543857
  -1.24455683] 
199 [0.66412725 4.82195931 3.2372021  7.34782621 6.11085073 0.16226431] [ 19.0662875    7.60030823  -8.93692767   4.71059518   5.26065014
 -21.11890235] [ -7.14939746 -19.33077332  -3.28581894  -5.52354457 -10.19814948
 -25.00586657] [11.34755365 15.77204724  8.43308517 26.68111829 21.94129649  2.43444653] 
