0 [ 0.22880318 -0.10157474  1.09060426 -0.64913003  1.33166893  1.00821699] [ 2.06134339 -1.01758817  1.38376246  0.13209068 -0.02822966  0.26505894] [ 1.82835111 -1.06427983  0.98104716  1.50958294  4.03485673  1.99405658] [ 0.449557    4.79994571  9.27564017  2.26242532 -0.26943349 -5.16602109] 
1 [ 6.33556318 12.51001995  3.91004489  0.17099133  5.14322374 -5.42954301] [-32.21551674   6.80848843  -5.4086541   16.17115419  -1.7486779
 -13.99659497] [ -4.82498972   9.71537444 -14.54337251  -4.67919084   1.88420287
   2.77617694] [ 5.86352608 -6.2105636  -0.69155626 -7.3288389   5.74697643  5.00943434] 
2 [-4.14310231 -0.38275368 -3.57076863  0.1142256   3.03190971  2.74899909] [ 3.53245431  3.28157505  0.22275864 -0.40103791  1.43468868  2.94572723] [ 1.75725956  2.43220141 17.54055108 10.05515844 -0.2549005   4.68330061] [  3.20082509  -3.85670432   8.17771111  -7.5543354  -13.8689501
 -22.46657869] 
3 [  6.04030799   5.20488996   6.31502214 -10.5618763   -2.72949239
   1.7310038 ] [ -4.14468116  -4.23597339  -1.65501915 -17.4916941   -4.67239314
  -5.09338244] [ -1.7047052  -10.8935122   -6.06911767  -6.38372027  -4.08482817
  -9.29366449] [-19.57600583  -8.78345987 -13.99545598  -9.76666641  -5.74566199
  -1.70365127] 
4 [-0.22898984 -0.64784267 -1.0663655   0.30941975  0.87549807  0.80614132] [ 2.17316546 -0.20869899 -0.345031   -1.41588691  0.08777218  0.1896082 ] [ -1.89569366 -13.03285049  -1.53539442   5.25371092   1.3338691
  -0.69103077] [ 10.42603224  -1.9544996   10.91293369 -11.99301232  -3.78299111
  -2.90094217] 
5 [  0.35773558   5.66177748 -22.51452507  -1.10822089   7.07235659
   1.39886111] [  7.32828413  -0.70236261 -19.97362782  -9.63633115  -1.48433817
   3.30782041] [-0.21985113 10.59374953  4.88796156 -4.18191941  5.40489993  8.88090351] [  5.56657439   2.30741704 -11.56993554  -1.07954957  -8.80318702
 -20.5918082 ] 
6 [ 0.19934324  1.37391147 -1.16291575  0.12913105  0.39369993  0.47454417] [-2.05194498  1.61364532 -0.08938857  2.97437034 -0.23437794  2.99771587] [ 0.99844377 -5.2284727   4.30912688 -1.07177067  3.29988225  2.01339415] [-13.96299013   3.20979161   0.40169483   7.46495725   1.45324955
   4.8464287 ] 
7 [ 3.85698318  2.64967789 12.22336205 -1.91241787  2.90909186  0.17513157] [-5.00046633 -6.10841726  0.21221124  0.79388103  3.89526442  2.4099782 ] [-2.24947627  6.78664373 -0.9540367  -1.50150743 -7.92820694  0.61946998] [ 2.68701543 -1.60786641 -1.34657329  1.50017981  0.11096688  6.4148047 ] 
8 [ 4.30504228 -2.83050808  2.75239757  5.82096527  4.5157985  -1.69496627] [ 2.24084964 -1.28826037  1.63359744  4.25677164 -7.44281311  4.90902836] [ 4.76653805  0.48257791  0.0663101   4.78232394 10.48496729 -0.34259742] [-4.58738689 -1.49656528  7.9505847  -7.58324683  4.14864442  0.72988789] 
9 [-0.17737614  0.69103464  0.3022355   0.67862549 -1.85850887  1.38742954] [-2.6044108   1.55961134  1.51473693  0.3479473  -0.02177984  0.23575595] [ 3.70881042  2.52524524 -8.43361452 -5.89533761 -3.34158445 10.69069232] [-25.83437737  -5.16598202  -0.16273705  -8.19679403   5.02962203
 -16.08248231] 
10 [ 4.60417392 -1.17302979 -3.09629271  1.73393982  4.71786599  2.74830941] [ 1.44318432  0.48256234  6.5640107   8.33195565 -2.15047114  0.30426868] [ 2.33998362 -0.46077212  1.43854977 -2.21506775  0.9822668   0.58843683] [-4.56546036 -2.0314701   1.23050807 -1.83302334 -1.435049   -6.18703562] 
11 [-4.29057288  1.7308605   1.66979579  0.87539866  0.15360219  3.99938316] [-1.14564642  0.40195185 -1.78527012 -0.13075937  4.91680544  6.39123369] [ 2.47681709  7.94908857 -5.62789023 -3.35367812  2.30169537  3.97632924] [-14.08174765  -1.84350855  15.81741425   4.40966026  -3.68325632
   8.11572893] 
12 [ 0.29440646 -7.89489035  2.59930445  4.87702833  8.36294835  0.44164612] [23.25922575  7.79940993  6.41166331  4.53396595 -9.409845   -4.75768325] [  6.00909475 -10.84496486  15.70833668   7.75409627   2.45706553
   2.77029141] [-11.61323127 -31.61103649  -4.19648233  10.65382742  -3.17692629
   2.94832089] 
13 [-4.57870089 -2.25486763 21.14370044  3.6302975  13.41507604  2.03885825] [ 17.43731912  -0.8953653  -10.18953978  15.14680703   2.97890753
  -9.18271764] [ 2.93699448 -0.88221756  5.49127863 17.68856848 -1.49636986 -2.5890988 ] [10.9807804  10.02559633 -4.75570098  6.49751432 -9.12851826  1.80039655] 
14 [ 2.25513155  0.59631567  6.20533114 -3.10050078 -0.21923539  1.66083316] [-4.1095585  -6.94223705  4.01612079 -1.35981452  2.94490498 -1.61557079] [-2.49788131 -0.7360707  -2.37394158  5.41386713 -1.79436522 -8.82901596] [-11.28052703 -27.25293918   7.17995064  -3.5447462  -12.85334251
   1.52273455] 
15 [ 9.14211288 -9.10964606 10.94376682  7.54113757  4.38091536 -4.13712931] [-10.88424015  -8.69761941  -2.07622039   3.73970728   0.3315455
 -17.57834904] [ 2.54470777 15.88729282  1.01570967  7.95744375 10.97254605  0.07008881] [ -3.890914   -17.83260123   2.46602652  -1.47420722 -11.73297472
   7.32449321] 
16 [0.2596886  1.46501722 0.14004223 1.39266219 1.23957129 0.08750311] [-0.32690932  1.03554133  0.37721041 -0.10003342  1.60960076  0.01545835] [ 3.15738051  1.35755492  4.83635615 -0.12328216  0.4254251   5.86534816] [-5.22598886  9.30209623 -4.3179492  -2.40250694 -1.20340233 -4.50850149] 
17 [-5.83099652e+00  7.45955724e+00 -8.43431700e+00 -5.20176279e+00
  2.67916487e-03  2.84146113e+00] [-3.93164712  1.05642104 -4.8078188  -1.84336992  3.39595354  1.24235549] [ 3.0130599  -0.07017664 -6.17153335 -3.21274171  4.26426982 -8.78803663] [-6.9994622  -4.1609098   0.03059434 -7.87455615 -5.7985992  10.58283032] 
18 [3.58272404 5.09882916 1.54707722 5.36417872 2.07159819 0.53148929] [-6.81240339e-04 -9.65803448e+00 -5.52811723e+00 -2.01198160e+00
 -5.20508119e+00 -8.31946508e-01] [ 2.16096947 -1.19927166  3.72655095 -1.20691946  1.36055291  1.02003988] [ 2.08552605  1.50070006 -0.2438986   1.87599976  0.06507517  3.42816127] 
19 [-2.28125684 -3.97174823 -3.49947628 -0.13019754 -5.71244906  3.5962941 ] [ 2.41821973  2.84629735  1.58069319  1.36822509 -1.42068813 -3.11563032] [13.93204759 -1.85720278  9.32719756 -7.93367755  1.91901496 -7.18050357] [ 9.32194082 -6.81815327  6.18033821  3.26753336 -1.28686188  0.07695847] 
20 [4.23825756 1.61056013 1.75499393 1.06188724 0.20974318 3.70977896] [-5.92019879 -2.66554479 -3.47165504 -1.31667385 -0.29254383  1.47750212] [ 2.06292151 -1.46423428  1.87833352  2.37303158  2.76887091  2.65197099] [-3.55719026 -0.25296392  3.37442599  3.41505515  1.38043741 -1.67014978] 
21 [ 2.00610596  2.66987726 17.37250371 -3.0898872   0.17527926  6.87263896] [  6.31645507  -2.84308886 -14.95311617   7.45259372  13.41585164
   1.39556493] [-5.13317927 -3.3190524  -3.10673847 -0.79009723 -1.16957104  2.84021155] [ 7.34191706  4.71354608  0.33716533  3.54720965 -4.6196948   0.5657039 ] 
22 [ 6.90457461  7.29755278 -8.10354452  7.85145459 -0.52349765  2.28695738] [-4.67643074 15.68354284 13.59236809  2.80136278  0.18355895  1.54606979] [ 5.0581275   2.39561325  3.74340568 -0.03092088  4.8875347   6.73154277] [ -0.97176768 -16.67551993  22.23947457  -5.36574444  11.03225322
  -2.89179494] 
23 [-3.6822902   3.85048933 -0.4441685  -0.15405634  0.56959237 -4.29647098] [-2.53554016 -7.89236331  1.3664927  -0.85409763  0.79571085 -5.03028528] [ 2.06113628 -3.26326415  3.56971587  3.04948089  1.25839055  9.77402608] [17.820696   -6.15280197 -7.65081882  6.76719665  0.28248682 -1.85973082] 
24 [ 4.4668893  -8.39647415  0.05882947 -5.63818483 -0.55788426 -8.51662913] [-7.77008737  6.79107274 -3.17599396 -6.51825873  5.29461108 -1.52770688] [10.9376983  12.76571284 -5.85175198 -0.86066586 10.19511179  5.56241415] [ 2.36364047e+01 -4.92969620e+00 -1.33468681e+01  1.24907696e+01
 -1.11541081e+01  4.09214590e-05] 
25 [-2.26500399  0.44433269  1.27178899  0.13857747  0.57560823 -0.01379128] [-0.31002868 -1.70563755  1.06410422  0.3483671  -1.69442859  3.2153589 ] [ 0.91347468  2.29571032  3.67438891 -4.86016803  0.06956136  0.9557056 ] [ 1.63976682  4.78404575 -1.5990817  -2.36193873 -1.3188844   1.88888976] 
26 [-0.30794834  3.368667    6.42712989  4.06511203  2.09388597 -1.91356325] [ 12.93257254  -5.98767283   9.2527448  -13.39811889 -14.95385855
 -11.08198342] [ 4.81395951  3.5130266   3.94580565 11.79382265  4.12399816 -0.70967377] [ 4.55154604  1.10991414 -2.86384551 -4.62689018 -3.10381947  2.88415064] 
27 [ 0.81247488  5.26776159 -8.17556785  3.59242357 -6.66843014 -2.37841706] [-9.80597208 -5.43120984 16.47516504  3.59616247 -9.35202096 -6.3660392 ] [ 3.75141046 -0.76664659 -0.87631921  2.05674426 -2.78295052 -3.12677468] [-2.88691616 -4.53494701  4.46481701  0.71245433 -1.34311731  4.18725984] 
28 [ 4.097826    8.320005   -1.39177534  2.40612361 -9.47983181 -2.4568917 ] [-10.82513876   2.58182586  -2.09341869   2.80365108 -11.05601792
  -8.17826724] [  4.18351536   0.50655892 -11.2543565  -10.66520145   1.58875593
  12.28546697] [ -1.95689288   0.13608428  -4.95587537  -3.40342603  -4.91677586
 -12.63055066] 
29 [ 4.00858104 14.59409601  2.88277751 -4.77111751 -5.86268736  1.56612225] [ -9.18729549   6.17977242 -12.67987126   4.82338116  -6.14303074
   5.87253605] [-0.40130215  1.95755939  6.89488227 -4.43838849 -3.85152733 -1.70514535] [14.09842737 -0.41716103  1.82936775  3.2702608  -1.3700924   2.06494375] 
30 [ 0.39771745 -3.3432804  -1.7702796   1.75952826 -1.7095752  -6.16671209] [  5.69109727 -15.60347226 -11.52256162  -0.33537188  -0.02872942
   1.74747742] [-0.70799083  8.58995662  3.06458968  4.44584507 -4.12115215  9.01566139] [-8.73220358  1.20343967 -2.35408075 -1.22872569  6.49800429  0.99579931] 
31 [-10.30271596 -16.4658419   -2.78205542   5.32459404 -10.95028689
  -3.94793791] [-16.3047218  -22.96508233 -20.14647844 -36.13408923  -4.64828937
  -2.81900854] [-5.8684702   4.44776212 13.57796674 -4.18497621 -8.20081309 -7.97292107] [35.70778592 20.3770631   3.9307985  -2.45528953 -6.9926432  -4.2704711 ] 
32 [-6.0661868  -1.49300443 -2.84272554  1.11281369 -3.44224726 -0.34025326] [ 4.15118899 -1.72251824  2.99162546  6.40355425 -4.72010928  1.41968375] [-3.57484702  3.07765677  6.23226798  2.93120228 -9.3144304  -2.06673072] [-17.02694538 -10.25930843  -3.49582403  21.69874531  11.40263336
   5.54410819] 
33 [0.24439757 0.71603804 0.42051514 0.66295756 0.78674821 0.17990541] [ 1.0540752   0.24101517  1.40056354 -0.10351083  0.01592817 -0.01702532] [-5.79343877  2.43676469 -0.83275271 -5.4733897  -5.60352949 -1.72759067] [-4.77815746 -4.85717424  4.03088052 -1.85508849 -0.25837368  0.37814805] 
34 [-1.84314824  2.14243899 -4.45440163  1.59458589 -1.65906887  1.98470092] [-9.60080982 10.82798333  5.07183337 10.32159646 -0.9108002   4.23856446] [  6.43310464  -4.06705971  -8.94069222 -14.51508015   5.78231242
  -3.21410777] [  2.66314047  -9.59614744   3.03671512  -0.90234695 -17.85316805
   2.54262764] 
35 [ 4.22284875  3.92779381 -0.56405292  3.48418995  3.74221488  0.73448352] [ 4.54287228  0.41969874 -7.64092552 -6.11528752  1.61171384  3.05606419] [ 3.25370424 10.3617017  -7.07362351 -1.36226491  7.47669019 -3.78496164] [-9.10835049 -5.80601291 -5.60248885  8.28304031 10.72350145  6.64114142] 
36 [ 17.88939061  20.39531861 -15.23108361  -9.56000761 -15.35118168
  -7.52134188] [ -9.73869928 -12.94383542  19.28687363   7.84656611 -17.68214017
   9.78801899] [ 4.76740049  7.85812015 18.97817751  9.82532432 -6.7641711   0.04517878] [ 0.76426359 -0.1815219   0.99873401 -7.649086   -2.08986528  4.58667209] 
37 [-0.74476887  0.60327229 -0.37310798  0.67095538  0.52689776  1.93319171] [ 1.54479983  0.75642031  1.36308323 -0.31759996  0.16323629  1.65543442] [ 1.93804669 11.67570352  8.32240994  6.7717076   1.37018753  5.1840512 ] [  8.76828256 -11.00890883  -1.78625985  -4.32701391   0.25157941
   3.71855523] 
38 [  4.26387139   1.10683437   5.24206612 -11.36548885  -4.96958458
  -2.9483275 ] [  2.32729262  11.21092618 -12.85078084   0.09917283  13.85024036
  -1.59359207] [-0.17721143  0.1126061   0.63142939  0.49080551 -0.02675932  0.55459967] [ 1.07858477e+00 -5.92390826e-01  1.33294331e+00 -6.60004181e-04
  1.74725523e+00  9.04303712e-02] 
39 [-13.67593271  -1.89793421   2.36526116  -7.90086767 -12.66448136
  -1.72010665] [ -2.9584863  -11.45063306   6.44959055   6.76915275  -8.79589082
  10.27516864] [-0.09653005 -2.79974961 12.7317702  -1.84097287  8.81040037 -0.48771305] [-2.61188746 -2.02296362  1.40224203  9.9464973  13.38952296  0.10354209] 
40 [0.14337248 0.75644199 1.42888637 2.4000031  0.19868589 0.5015804 ] [-0.39804421 -0.06130861  0.31159492 -0.25383091 -0.14688782  1.72808513] [-19.53050315  -3.69727697   9.15562861   3.22387862   4.46185181
   2.48806481] [-23.38891216  -7.23556255 -15.346416     3.38090276  -0.34773521
  -1.03997497] 
41 [ 4.25981185 -6.22776306  3.99098785  9.91213583  0.25709517  0.48871655] [ 1.26299241  1.67269079 -5.73919525 -5.6728895  -1.87428585 -0.12851491] [ -0.02873987  -4.32458888 -12.22267368  -3.19591394 -10.5143453
  -4.98974954] [  2.84963454   1.65168658  11.06412347  -1.36720727 -11.61627299
  10.07789348] 
42 [0.23093965 0.67012096 0.71457827 1.14943808 1.02659468 0.36648791] [ 1.04056368  0.18921093  1.37848502  0.04362439 -0.14313586 -0.1378455 ] [ 0.46159369  3.24188957 -1.24100453  2.83053     0.8333958   0.06668274] [-3.21250257 -1.59432711  2.70240677 -0.68242963  0.97738129  0.31932519] 
43 [ 0.19684652 -5.74608841  4.07634782  4.17369147  1.12799315  2.33476418] [ 5.75853608 -2.1545017  -3.67568042 -0.39401684 -1.69563993 -0.15510466] [2.25917786 5.81685203 3.05177326 0.63257901 4.22869693 0.07790402] [-2.73107255 -8.66138355  3.30607212 -1.29059072 -3.20277024 -6.59133995] 
44 [-3.05077736  7.31441997  3.95713769  1.79612459 -1.72614131  4.40198367] [ -4.68902781 -13.59585628   1.68889703   2.12348681  -4.12792119
  -5.61415212] [-6.0969222  11.78461638 18.94020183 20.74917028 -2.14025751 -6.16455466] [-11.42641805  18.00328953 -12.43827121  -7.32020757   8.33966907
   3.12505567] 
45 [-3.86611334  8.00574583 11.0090338   5.67108705  4.04064139  0.67211086] [-10.64179772   0.61548184   5.73001925   9.10961711  -9.75101479
  -2.82402974] [2.30782935e+00 5.56971063e-01 1.94542401e+00 2.75497731e+00
 4.98928578e-01 2.66914362e-03] [-1.02261445  1.84758363  6.45899982  0.19017753 -2.32458478  0.65588202] 
46 [ 0.23635608 -1.10446357  1.73578877  0.43868557 -0.0593595  -0.53486193] [ 1.05096653  0.01657233  0.32761164 -0.4302879   1.90074227  0.19899378] [-6.07896349 -3.91466146 -2.19486138 -4.30562833  2.86917275 -2.20883349] [  2.69597172 -16.67550581   2.05103514  -1.31411229  -1.81107669
   2.89103379] 
47 [ 4.12624362  3.76114352  8.31354818 14.67862564  8.97163778 -4.12302002] [-8.39092659  6.86841122  5.53034012 -0.25727412 -5.77952783  0.87186823] [ 0.2037742   3.22323982 -2.88660951 -3.83835023  0.71183934  0.19275876] [ 1.05995121 -5.03726847 -6.76694064 -0.82818514 -4.97574724  1.88351041] 
48 [  0.34303136 -12.21272633 -18.99575021  -8.79710527  12.37577339
  -5.43130323] [-14.91131204  -2.23401633  -2.65883876  -2.18720281   2.18145857
   6.9857061 ] [-1.87157084 17.08515152 -9.59010624  5.77703395 -0.67249357  1.38346822] [  6.60639564 -19.8330188   -1.87508734  -6.62694578 -17.36322717
 -10.32849677] 
49 [ 3.32729273 -7.53164725  1.84194789 -3.76026969 -0.73240734 -0.46372003] [-6.33661297 -1.51240686  5.315034    4.9289322  -4.45218398  4.42217133] [2.32970652 1.14328294 1.66732328 1.15166309 4.29980663 1.6036249 ] [-6.55132067 -0.37032108 -9.12665852 -0.53012004 -0.87238764  4.49228005] 
50 [-7.83589861 10.42780778  0.44276839 -1.16284409 -3.9078465  -1.32641682] [11.68668328 -3.58614287 -1.90365655  3.02527782 -5.10486748  5.0493799 ] [-2.04062526 11.86774159  5.88901602  2.93718522  9.13224364 -5.23913483] [-5.71922125  4.51210405  1.71842487 20.6286435   0.24231924 -1.5548753 ] 
51 [ 0.39238565 -5.72701356 -4.97044816  2.57629321 -7.02248968  0.09137715] [  1.52440753   7.82178764   0.81992045   1.68159535 -14.58993251
  -5.57757408] [ 3.19391556  1.81807344  1.57278573  5.57534412 12.1412747  -2.35977857] [-7.08088635 -6.91114012  1.24488666 -1.72561496  3.81583466 14.17654786] 
52 [ 1.84892638  3.62247341  6.46663411  4.83943876  1.44713938 -2.68088494] [-6.86707557  2.89473912  6.57867994 -3.48434458  4.90091438 -1.43864491] [-2.85404903 -5.78889976 -0.9272648   5.43861228  1.85641731  3.04798915] [ 3.56903587 -0.96323777 10.13690638 -3.98354939  3.83388322  3.83394265] 
53 [-0.23606015  0.1819035   4.8488337  -0.42993471  1.91499531 -2.9401946 ] [ 3.86979339  2.78325709 11.17855999  3.59575993  7.62455735  8.50225826] [ 1.30531542 -0.23391327  1.28482947 -0.02181967  0.44922393  0.59630757] [ 1.63062724 -0.0560297  -1.95130878  1.0182543   0.31808879  0.22684235] 
54 [ 0.30889435  1.15968501  0.807358   -1.55667857 -1.69590666  0.55885682] [ 0.06685954  0.05915742  0.48444607  1.80444907 -0.20667462 -0.13489043] [ 7.27483308  1.08006549  7.3095961   0.09244838 -3.22573604 -1.22861985] [-10.20976217  -4.69862728   6.99126418   7.9188955   -0.77174387
   7.70681384] 
55 [0.87969603 0.53674329 0.98879823 0.20348246 0.82305532 0.74232405] [ 0.87262545 -0.06910785  0.74843075  0.23274372  0.9284455   0.43810672] [0.86660464 0.51078609 0.99211687 0.20318395 0.84293869 0.76317404] [ 0.81220543 -0.0745912   0.68724879  0.24541174  0.9312889   0.4011767 ] 
56 [ 1.37890842  0.78359317  1.03722024  2.61992847 -1.78351878 -0.64412593] [ 1.56141366 -7.08321465 -1.26062405 -4.03708032 -4.69876047  4.41891175] [0.82898511 1.15650328 0.57675693 0.44934901 1.52430728 0.44358701] [0.90796327 0.70114777 0.51477881 0.44346317 0.63851986 1.81288497] 
57 [-0.23277136  1.73482361  0.73462421 -0.49530788  1.02253388 -0.11629312] [-0.92591023 -1.32306002 -3.39490827  3.08797563  1.83157917  1.17152856] [-15.88647039  10.2641661   -0.40041103 -11.89408529  -0.02963324
  -6.91309772] [-25.90448075  -2.27450777  -8.02971891  19.98760268  -8.57647486
  13.93553463] 
58 [0.81479079 0.75163241 0.08100149 1.26759295 0.30493573 0.82019516] [ 0.7176471   1.02837275 -0.00354168  0.71154984 -0.33520775  0.77535534] [0.73537727 0.66569982 0.22753161 1.32984216 0.50432691 0.62887308] [ 0.69489815  0.33759889  0.49268269  1.09729877 -0.4045922   1.05378868] 
59 [-6.26669473  2.02194221 -3.67405124  2.44673438 -0.92452266 -8.64111327] [-8.6754506  15.11872863 -4.56798287  4.03206451  7.58997745 -1.09899029] [-0.1815441  -0.40618617 -0.70961992  1.71063045 -0.30078173 -1.19228884] [-11.95735147   6.60962876   0.27654648  -4.863806     1.53597306
   0.09098165] 
60 [-3.75969472 -9.10193822 -8.24273257 -1.7933083  -2.42124667 -3.95522934] [-8.05224724 -1.64172712  4.92150754  8.39317817  2.79313299  1.59412774] [ 4.79043991 -0.2381575  -1.27877107  2.32925429 -3.3366636   1.90603366] [ -7.08249383   4.76754552 -19.0982048  -15.74887373   1.79858995
  -4.74107633] 
61 [-1.69126196 -0.09534934 -2.20697897 -0.0348526  -3.9980289   0.27133237] [-4.12194564  8.22497198  2.01449153  2.08992249  5.41211921 -1.22379106] [ 0.38496474 18.97235505  0.03176733 -3.51302053  5.76480257 -5.22611732] [  4.04978671  17.2789294    6.54272072   6.17149164  -0.549734
 -25.59541852] 
62 [ 0.15617152 -3.82092441  4.59332114 -0.30600532 -1.29077571 -3.99408873] [-0.51976423  1.98130052  3.23188746 -1.29104622  6.58342484  6.50222166] [-2.32433809  7.84796312 -0.97456108  2.51266731  9.37257516 -2.02642099] [13.07929216  9.68739735  0.34040003 -1.65633404  4.70045851  6.08200397] 
63 [ 1.13881406 -3.77524961 -1.3331701   0.6339971  -2.22428394  0.56399028] [-3.19275597 -1.6974207  -4.21695759  0.10161656  0.36191968 -1.73995943] [ 1.0483669  -0.00389048  0.75842362  0.54315002  0.43328986  0.54046677] [ 1.16606346  0.39767216 -0.14394106  0.52907596  0.34143944  0.19236518] 
64 [ 0.2375786   0.59939128  0.46888684  0.06738644 -0.15023096 -0.2850326 ] [ 1.05871689  1.5745502  -0.13870683  1.7411268   0.10690891  1.30437017] [-0.07747922 -5.00807205  4.90174037 12.08071683 -3.40102898 -7.79008579] [ -4.64919341   7.48145286  -3.38364566 -14.86571339  -6.0557848
  16.14066966] 
65 [ 0.20980695  0.68364233 -0.25019836  0.60846747  0.51406722  0.55229238] [0.99467955 1.74191014 0.24844321 0.32029653 0.24912016 0.11336   ] [-4.60467802e+00  1.53091597e+01 -3.67095247e-03 -1.51665334e+00
 -1.06700246e+00 -9.59209533e+00] [  0.7201129   20.40347468  18.24925539 -13.88890194  -4.56341446
  11.24595928] 
66 [ 1.16375136  1.14423353  0.6627591  -0.48645623  0.47041579 -0.21387635] [0.69920104 0.95821258 0.29120888 1.10646908 1.3095975  0.36608995] [ 1.08961459 -8.67707916  8.63894757 -2.52650274  5.36262    -2.20319896] [-33.12517634  -5.39504856  -8.54895698   2.27756741   6.2482966
   2.70606024] 
67 [ 0.21875053  0.55267919 -0.13816159  1.13029995 -0.25033418  0.9381504 ] [ 1.02756561  0.43697376 -0.28926813  0.19990884  1.36081028 -0.05079147] [ -1.26648806  -1.56918853 -16.34526015   7.45061381  -0.33272161
   7.49822432] [ -7.04216819  30.32383057 -17.5646911  -11.39292518  -1.15574515
  21.45500824] 
68 [ 1.04060821 -0.01427657  0.8066591   0.49190914  0.44284992  0.57135907] [ 1.14274928  0.41967788 -0.17628389  0.48963484  0.33786693  0.20913912] [ 1.04538325 -0.00178324  0.75281938  0.55388443  0.44138358  0.57236716] [ 0.94239527  0.5936129  -0.13860718  0.52432704  0.33754597  0.18817427] 
69 [ 2.2746337   0.49115657  3.9010759   1.62108526 -0.20484103 -0.39311692] [-4.11505317  0.34602036  0.19293625  1.36075947  0.0368262   1.66469796] [-4.14273569  6.78377834  0.23835427  3.2098383   4.17623025 -0.70849597] [17.85510415 11.51934019 -1.46306441 12.77154749 -2.80294939 -0.7507814 ] 
70 [ 6.07652871 -6.74640374  1.20025885 -0.65168186  1.61860756 -4.80313227] [ 6.84150075  8.14215543 -1.67779848 -0.10511607 -1.48901395  4.56847191] [  9.67634141 -16.05931842 -25.00642553 -17.31188944  -3.31442574
  -4.45716881] [-17.36044713  11.41310956   2.49591722  -5.0777505   -6.15852273
   3.70666734] 
71 [-2.17821665  5.17025703  1.12020438  4.43547511 -2.31343466  0.54716248] [-1.93376891 -4.96277683 -1.70002931  2.86537535  2.63236054 -0.15656885] [ 3.46907805 -4.4628707   3.60766444 -0.15399778 -6.33241936 -1.12645772] [16.98448022  4.04692786 -1.00017535  2.4515219   6.21268169  5.27146088] 
72 [ 5.06716037  5.15348514  1.12873355 -0.82226304 -2.55229695  3.53948554] [-1.65970781 -6.42915696  1.90652022 -0.39005122  0.95871742  5.79145272] [ 1.64043822  4.61945708 10.79480074  0.73133873  1.71227505 -1.3267843 ] [ 0.34162105  0.28865389  9.20499196  3.88009938  1.76409503 -4.8131129 ] 
73 [-0.82975107  1.14749664 -1.35250993  5.82702558  6.42505496  2.96200034] [ -9.55070003   2.26688501  -1.19546106   6.3399013  -10.0897961
   1.46892896] [-6.07640921  6.14500531 -2.26190514  9.26696808  9.63034454 -3.27172825] [-23.62563808   2.59997416 -18.55636029  -3.00846978  16.13457031
 -13.86487187] 
74 [ 4.20922937  4.720937    0.83067216 -1.62920275  2.92168557  1.61604898] [12.68488519 -3.7492925  -1.43400743 -4.29019117  0.48094805  3.38012558] [-2.29573394 -0.41537355 -2.89861046  0.09402375 -3.50793386 -3.09560902] [ 4.18016668 -0.26662368  4.51645631 -5.94051245  4.73736687 -6.17545212] 
75 [-3.64975915 -0.3373341   3.01035997 -6.28024016 -1.42516251  4.66437277] [12.53588157  9.32750794 -4.04788278 -6.56049614 14.77468155  4.37989385] [-0.21654689 -3.21576947  2.54401261  0.25482477  3.40876019  5.99387766] [ 5.20971448  6.25701923  4.53483088  4.62829363 -9.55249753  1.72769847] 
76 [-0.10387391  2.10366063  1.19706725  0.32066325  0.50731452  0.53569673] [-0.73217898  0.46311111  0.40049199  1.22865092 -0.30501484 -0.17823108] [-3.80875713 -6.29239988 -7.72813733 -6.65436458  0.82795971  0.06087362] [ 0.12721876 -4.36662745 16.8293214   3.83575648  1.32414932 -6.41698781] 
77 [ 0.19706379  0.44183098  0.70609859 -1.69080254 -2.79056191  2.28329191] [ 5.66928362  2.82865179 -3.38679448  1.77362314  4.62094487 -0.09571314] [ -2.90287825  -3.52168221 -16.93363198  -1.61002079   2.58779387
   2.80049362] [11.01393812  3.24500301 -1.32709821  2.23583144 -7.97008649  7.88980011] 
78 [ 2.73660313e-01 -2.49365317e+00 -7.02781495e+00  6.56651847e+00
 -3.09361679e-03  3.20656896e+00] [ 0.14404745  8.88556945 11.46143222  1.85347424  0.1102623  -8.33071612] [ 0.0122326  -9.54118457  1.71153649 -3.79400444 -8.64221736 -5.76343116] [ 2.74938821  6.57979498  5.29987223  8.55476542 -6.92212736  5.57409571] 
79 [1.17648717 0.58017577 0.41411392 0.92588598 0.38438965 0.86138164] [ 0.61120032  1.02160408  0.59711118  0.66227214  0.55581265 -0.33915951] [1.17434377 0.59635454 0.41004837 0.95130828 0.39222518 0.87088583] [ 0.61860209  1.01447893  0.60229448  0.69759059  0.57962183 -0.27265824] 
80 [-5.9466999   3.80109345  2.00637329 -6.84811891  4.0358579   0.11258032] [ 1.4136166  -9.92150484  2.9445245  -9.9646317   1.8711341  13.47765393] [ 2.2523297   2.86591664 10.81297683  1.31897443 -6.47689415  0.06910096] [ -1.0545132  -13.21869001   1.82731164  -9.1455197   -6.28291883
  -4.69759298] 
81 [ -6.27431592 -23.2040256  -17.71326747   0.77757696  -0.36561577
  -3.9975793 ] [ 1.05316792 10.68779533 -4.49643865  7.70704129 -9.37310746 -1.87085613] [ 8.50370812  1.03086854  7.79658734  3.38884927  2.216686   -1.23930542] [ 3.41619227  1.4837739  11.16200082 -2.51861615  9.54723689 -4.77987786] 
82 [0.83630908 0.38141729 0.02987509 0.84477716 0.92112747 0.59176696] [0.84513801 0.2081428  0.41619903 0.57262504 0.97269295 0.82267464] [0.82598469 0.39348046 0.01481462 0.83610273 0.93131251 0.57805375] [0.85383291 0.183584   0.43315771 0.56504531 0.94051298 0.85186013] 
83 [ 2.51222019  1.24888444 -6.63432937  0.23534029 -2.26546692 -1.89545534] [ 2.26279025  4.58566485  5.83596423 -1.88647393  0.25823393  4.91886113] [-0.47733956 -1.77846523  2.2093922  -0.96498336  2.25503444 -1.6508261 ] [-1.68910898  0.94322045 10.04656467  1.26377622  7.57087687 -1.54971093] 
84 [ -1.33305437   0.23386116   1.53274646  -2.44424739 -11.86771025
   1.38581912] [-1.51327012  8.17728957 15.84285848 -5.10801163  4.008679   -1.74567142] [-6.51339892 -3.90311047 -1.93836278 -0.9665096   1.82148611 -0.21328218] [ 6.29904774  5.50756256  1.53982034  0.89132607  0.58830161 -3.86456725] 
85 [  0.45564019 -10.6219934   -2.07487182  -1.90225361   5.72369251
   6.93466068] [-28.68605229  33.97594663  23.25218026   8.01393125   9.78290215
   5.0484241 ] [ 1.84698307 17.64820288 10.20892627  2.09683288  3.23751272  3.68637853] [ 5.62801548 -4.74350498 -3.09429435  2.96668454  6.68956691 11.36637453] 
86 [1.10952227 0.48374345 0.46945427 0.94666372 0.75898158 1.24119376] [0.70968433 0.97093738 0.58434902 0.36105076 0.28691195 0.77328959] [1.10953156 0.48533299 0.45687276 0.92223567 0.78025044 1.24056146] [0.69913873 0.9782809  0.58857569 0.36990754 0.28127531 0.76828195] 
87 [ 0.21720626  0.64342378 -1.05075376  0.85255948  0.15475563  0.68857704] [ 1.07383085  1.71818313 -0.14203975  0.04026038  0.01430632  0.17662834] [17.06770639 -3.72877915 -1.59829411 -5.69569805  2.29251577  5.17362045] [-28.28044936   0.08500466  -2.70973441  -4.93143993   1.99942344
  -5.19148537] 
88 [ 1.99941198  8.7270535  -0.71585572 -3.74937422  2.57033653  2.06699404] [-14.00398037   1.02375164  -3.13032981   5.34480597   1.75285759
  -4.44011334] [-0.17235809 -1.36390647  2.53736832 -0.43708618  5.2093045   4.34307112] [ 4.96858807 -3.60278412  3.10306995 -2.32394088 -3.98135039 -4.81120257] 
89 [1.31180923 0.91978775 1.16238396 0.07342284 1.63275093 0.03689041] [ 0.02846485  0.48122006  1.56732766  0.23875762 -0.5067167   0.26758494] [-2.55763225  0.8471305  -6.29159941 10.07770899  1.20794542  4.07704783] [  7.41637162  -8.26933538  -2.64708513 -12.56001426  -3.44355289
  -0.38210771] 
90 [ 1.78453726  5.2341889  -5.77873273 -7.38784848 10.50317223 -4.04691764] [-10.49059691   7.70800066   7.35524724   6.21153508  13.35462993
   4.52775543] [-5.19921087 -2.87194515 10.50991331  3.5789248  12.43642435 -2.4624237 ] [20.37941898  7.35773788  7.94387757  1.8572302  -3.49978005 -6.6013816 ] 
91 [ 2.15020428  5.32844727  3.60592018  0.60016731 -5.27926738 -3.68128574] [-7.72700222 -7.33460253 -3.71389     5.20625535 -3.39248178  2.05235883] [-5.66325641  3.12649732 -6.61332434 -3.71166348 -4.8621018   6.96139174] [ 7.96705704e+00  1.90512983e+00  6.37263405e+00  1.91407793e-03
 -1.37878299e+01  1.61023403e+01] 
92 [ 0.22798498 -1.27623475  0.69034725  0.46145167  1.27185502  2.27933105] [-0.46053224  1.47723508 -1.62906627 -1.70846122  1.9274252   0.35565114] [ 1.93695154 -5.94285623 -6.83234967 -3.07684834 -1.0837418  -1.53056671] [ 37.56866307  -6.71968754   5.97435196   4.90266637 -12.36043363
  17.48990697] 
93 [-0.60794108  0.17397066  0.00863732 -2.778557   -2.44368224 -0.92894737] [-3.54519929 -2.91683494  2.14442555  2.94958331  0.00641955  1.38094655] [ 5.01821576 -2.81844213  2.69827256 11.18833897 -2.62564938 -4.68800206] [17.24616249  3.63785998 -0.38457187 -4.51346709  8.94035153  6.48234943] 
94 [-3.57729908  1.41149253 -1.39930647 -2.1835129   4.04458373 -0.93581753] [ 1.59165211 -6.65089394  1.37903266 -0.40698163 -2.07454026  3.27621251] [ 0.20114252  0.55551785 -0.073259    0.99256281 -0.27335128  1.33795228] [ 2.59508312  0.79986424  0.47415852 -0.11261566  0.17467775  1.53405531] 
95 [ 1.11295756  0.74573079 -0.53414185  1.02013241 -0.12013772  1.14508778] [ 2.10233629 -0.56430808 -0.10017456  1.08249212 -0.52135205  0.71249347] [ -1.27973053 -11.46902373  -7.68788403  -8.16651948   0.61583436
   3.07711718] [ 7.66829282  0.61916648 -1.38606615  0.15239446 -1.45940456 -6.31611519] 
96 [-4.63574331 -5.77577312  4.10661022 -9.9006253  -0.58936066 -4.51793792] [-10.86977466   2.91968779  13.18847518  14.39902948   4.06165415
  12.97637342] [-4.2282171   1.54438677 -4.9747606  -7.33250309 -3.27527776 -2.86535001] [-26.76185282   3.17627626  -4.00377123  -2.00817143  -8.35482647
 -16.21803416] 
97 [0.25658839 1.18009213 1.3104199  0.05301613 0.05287747 0.25254253] [ 1.1168966   1.39753966  0.18469457  0.04768001 -0.21522791  0.23104597] [ -6.8037087    3.06453725 -11.85442622  -4.16783076  -3.44594005
   8.72098348] [-3.03251052 12.95758721 -4.20682019 -7.36868497 13.82095306  5.52680865] 
98 [ 1.47105276  4.42403118 -3.52543657  4.69512753 -1.55053467  3.4244106 ] [  8.74018916  -4.24296785   3.2688708  -10.80362379  -5.57718287
   2.62713934] [ 4.74715613 -3.4826434   2.46678099 -2.28500171 -2.07104727 -6.73691879] [-17.49882667   4.34798566   3.64374013   0.89812556 -12.45072713
   5.2932672 ] 
99 [0.78844608 0.67143797 0.9173831  0.44969701 0.55614201 0.62144242] [ 1.01112839  0.92620599  0.49660761  0.96857428 -0.40440909  0.70281524] [0.75661321 0.65889542 0.90008349 0.45123853 0.55922447 0.61677507] [ 0.98721115  0.89931485  0.49941106  0.93414895 -0.36637289  0.67284093] 
100 [ 4.0769757   3.79667346 -3.06012883 -1.39182529  0.72194324 -0.1777968 ] [-2.23571897  2.4177507  -0.18992763 -1.44640489  0.19188263  4.42348094] [ 3.55715012 -1.74222361  4.06688936  1.25977764 -1.4669013   1.36947462] [-1.28793885 -3.54410207  2.05495917  8.15483644  1.69966883  9.30846959] 
101 [0.87530058 0.85671166 1.31526771 0.60582561 0.81227478 0.5552336 ] [0.86833267 0.800812   1.02318272 1.04138265 0.62421074 0.36960672] [0.88626233 0.84944099 1.31348042 0.59979493 0.80209495 0.52659941] [0.82462511 0.79818352 1.04149143 1.06807559 0.6338609  0.34671641] 
102 [ 1.38591485  0.54933707 -2.5268907   2.44608123 -3.84904345 -0.05804939] [1.66285389 5.28205178 1.1542335  1.57075549 2.64144189 0.69226973] [ 0.80828274 14.45345368  8.10677452  0.33701485  1.27477366  1.77518992] [-8.34230984  0.70072688 -6.81870302 -5.15194934 12.57591662 15.62606227] 
103 [ -8.55737859   5.81127371  -3.72323479 -17.03448143   1.12002257
   1.66582575] [ -0.53835747  -2.98102206   7.95254504 -11.17458819   1.78884948
  -0.22149329] [6.36684988 2.48639404 1.08464061 5.44236842 7.34166524 6.03159298] [ -0.96772368  17.2947023    0.18580758 -19.00319901  -3.74821478
  -4.00150722] 
104 [ 2.17016697 -2.62405049  1.15495224  2.38384217  1.8686736  -1.17490537] [-5.70744572  4.75929562  3.46472447 -1.26373857 18.92532925  1.40586606] [ 3.20310525  1.19019275 -1.32243567  2.25678239  1.32723046  2.85453691] [ 3.2022193  -0.85576498 -4.79143979  8.83742995  4.65027064  4.60415375] 
105 [ 3.14807815 -3.16387833 -3.76659826 -2.52062857  3.09777659  2.00047409] [10.15876844 -5.0352246   4.69704864  4.30425816  8.65684775  0.75912318] [1.55136899 6.07995688 0.90003213 0.41429497 2.15620728 3.53038331] [ 8.86290173 -1.37062565  1.42198832  5.40286788  2.26173398  4.2822791 ] 
106 [ 0.24420826  1.21039088  0.15857088 -0.05989505  0.87471448  0.4580599 ] [ 1.00639964 -0.18971335  2.06311306 -0.30344041  1.66251054  1.28031183] [ 4.9842497   1.34315357  8.59339437 10.12007827 -2.35464871  1.21308337] [ 2.09394436 -9.34912228  0.64321216  2.52764005  4.66168897 10.11743763] 
107 [-3.07673308 -2.57011452  6.95131425  5.62618129  7.08124645  2.28379653] [-6.65202204  3.92110821  1.04610303 -2.37900497 -4.27178799  0.14979494] [-10.22152151  -4.66275451 -10.41763955  -2.7246078    1.86142635
   0.30973351] [ 1.75519388 -2.62638442 -7.42365289 -9.03704391 -4.55573336 -3.37637121] 
108 [ 2.50826239 -2.21880357  9.88102072 11.27921049  5.87608514  8.36059488] [12.6631533  -3.27671796 -0.29738511 -4.92037282 -7.99095874 -1.69221234] [ 6.55464741  6.16102625  0.66511483 10.10197665 -1.33765727  9.63374219] [ 8.14149143 -1.12725485  5.0277859   1.95301791  3.24062544 17.33999965] 
109 [ 2.2824957  -1.69569566  0.10431239 -1.04130511  2.95238191  6.07224156] [ 0.47014257  0.21892675 -1.61339289 -1.69735196  0.24777864 -1.79547459] [ 0.88536231 -0.65712657  5.51023572 -3.41280512 11.33175181 -1.890596  ] [11.02673693 -8.77443673 -6.08251874 -1.59060457 10.94618427  4.54686501] 
110 [ 0.29390876 -0.97289643  1.39940175  2.41494883  1.84004174  0.37636534] [ 5.80897896  4.86591452 -3.19937965 -1.71652011 -1.67086236 -1.23492972] [ 4.81704054 -1.95250922  8.66947443  0.83616169 -2.08633385 -3.59939943] [-7.9272739  -9.19445076 -9.16528918 -9.56251668 -2.03441217  3.59745485] 
111 [-0.14579622  2.13884938 -1.02719381  2.41970148  1.74184524 -3.63483414] [-5.68935146 -4.20930483 -2.96834915  1.87757881  0.09739099  1.67765497] [-5.7857376   1.04434528 -8.46676055  3.99297469  1.7496474   0.46423103] [ -1.76430592   2.78871272   2.50975786  -0.44764246 -13.22000994
   0.19484996] 
112 [ 6.50288016 -1.66436947  6.85050949  1.76641332  1.36532438 -2.78164842] [  1.06349659   7.69862587  -0.20138946 -10.88426845   3.11209045
  -1.63177194] [ 6.53261609 -1.15803668  5.0008521   2.7403173  10.76317368  2.78493465] [ 10.42596846 -14.26024865  -6.46120309  12.60863507   6.43242507
   9.03034422] 
113 [-0.19338134  1.61154152 -0.64817413  1.77145519 -0.08457766  0.10388913] [-1.04814019  0.28231549  1.38682939  0.05543215  0.17419497 -0.09894336] [ 0.18034317  1.77928954 -0.68079869  1.66566157 -0.25798537  0.28562356] [1.12958558 0.2127313  1.37671922 0.09800231 0.0062683  0.06513964] 
114 [ 0.17154628 -4.08418775 -1.5336771  -7.63702231  2.13996528  0.23846596] [10.46850074  6.35920668 11.23234335  7.48437554 10.50445772  6.68171377] [ -6.78715365 -11.84352532  -3.9319174   -1.54772429  -7.568536
   3.28769202] [ 7.62992941  2.16096942 15.97108426 -1.42921306 11.43533737  9.78596985] 
115 [  7.95782647   6.42746128  -6.54497366  -6.93892463 -12.5345528
   2.69795402] [20.0282287   9.47009256 10.64371995 -0.50419385  6.26864199 13.44248339] [ 3.95245679 -0.38066719 -0.50263684 -0.4605987   1.76619435 -0.4467826 ] [-8.41666957 -6.65825139 -6.55279277 -1.76913317 -8.05483821 -6.40786343] 
116 [0.24969319 0.75553413 0.37246532 2.14985056 2.01709663 1.62227591] [ 1.0818183   0.22146572  2.97100729 -0.00526947  1.59588639 -0.04328302] [ 4.60788143 -0.65310657  1.6207524  -2.83597559 -1.81688961 -0.12409389] [4.59717615 5.18620968 3.40144269 1.77488795 1.43940336 4.66415006] 
117 [-1.77451105  1.92275936  2.88462034 -3.25932415 11.92550101  7.22797107] [ 3.91583702 -7.73250365  3.07555066  1.33074155  3.22803218 11.91634923] [4.75091597 3.34984547 0.15357197 1.42572521 1.87228102 1.85062586] [-4.86140903 -0.49612355  1.65671579 -6.3330166  -0.17544194 -1.76037828] 
118 [ 0.48177478  1.48903216  0.90776904  1.55444104 -0.17771952 -1.02909798] [-1.55923215 -0.89993941  4.62114646 -1.06974618 -3.49604078 -1.72195622] [-1.63385022 -3.82574586 -0.86853182  9.06955825  5.93518932 -0.53967232] [ 0.10772131 14.13572443 -2.41251818  6.78913028  2.7368905   4.9555092 ] 
119 [ 1.95861101 -4.10562166  4.43823466 -1.25558575  0.41086549 -4.07111453] [-19.35023844  -2.51056231  -1.77115215  14.32133583  -1.65496176
  -8.10367968] [-7.70660966  3.41938167  4.45645626 13.9182092   6.31756837 -0.68891193] [10.45928593 -4.85821871  0.61611411 -1.04320008 -9.31324628 -2.20904699] 
120 [ 5.9817566  -6.88360669  3.16882628 -2.08029669 -3.50429683 -0.46101059] [ 0.14557029 -8.79693415 -1.05251773  6.76499924  2.84472722  4.83508112] [ -5.70272939  -5.41623824 -15.85154804  -5.60055148  15.73762453
   2.70428347] [-11.17200324 -10.94028704  -1.55589771   5.34808408   6.17382934
   1.44658522] 
121 [ 2.47715037 -2.64707826  1.71543762  1.6609801   4.45198861  4.30970054] [-4.58618767 -1.15191187  0.28911949 -4.52868579  1.39681133 -4.93220717] [  6.3094464   12.25328763   3.42060618  -3.04382187 -12.02639331
  -5.66786435] [ 9.87788194 -2.52295085  7.66035099  0.49363002 -0.21569694  7.87032638] 
122 [ 2.26982841 -2.62988039  2.29542934  6.56896315  3.27363877  5.71775192] [ 1.98790457  2.74374754  1.06964871 -2.99574049  4.52683036 -3.29114775] [-0.51771313 -9.50140543 -0.94650844 -0.2053874   4.46739595  0.12135704] [ 5.39201156  3.72293079  1.61430389 -2.86647479 -7.97813709 -1.78648425] 
123 [-7.93436659  3.13743387  3.47046675 -2.42259169  2.21632086 -8.11169762] [-9.87453308  0.97943202 -0.07587484  1.7192319   3.5623333   0.2847815 ] [  9.45476182 -20.34044717 -14.65085328 -10.0074731    7.23763037
  -6.15147753] [-1.60587064 -2.94952355 -3.39352553  0.94743171 -1.01758025  6.89162157] 
124 [-2.14819526  4.38581656  1.25825578 -0.27384877  1.64700117  0.94493322] [ 0.10762892 -2.65499286  1.57642028 -3.01924468 -4.8408781   4.51741789] [ 2.03943089 -2.92148456 -0.27422015  3.75274833 -0.16509301  3.36458706] [-9.89269365  1.94056039 -3.345119   -2.91868619  1.33633085  6.37039168] 
125 [  8.62363925 -15.54327885 -16.22024677   0.14593029   7.32243695
   0.29435008] [-3.7823587   0.19059925  6.91293555  2.51691512  1.94004471 10.99915288] [-0.35733647 -6.03641894  5.22050517  7.81964759  2.69466511 -3.82729032] [ -1.37344904  13.4026927   -2.03541822 -17.32512953  -5.83979173
   1.45947936] 
126 [ 6.02906618  2.96335477 -2.19200602  1.03978567  3.33205044  6.95499767] [ 0.9563317   7.99274595  2.62589345  3.00097657  3.53604554 -1.18373983] [ 0.54988761  3.08661625 -3.78387477  3.50468132  7.03777323 -5.14792807] [ 1.12132365  1.22824373  4.94031021 14.36712754  1.36545126  2.32469335] 
127 [ 2.30883732  0.47234839  0.7130147   2.41960289  2.93055808 -1.7392331 ] [-1.03213939  1.85308683  1.37558111  1.4241289   4.61067442  0.07041453] [ 0.17980127 11.45119453 -5.96775187 -6.5079525  -5.9966144   4.99076775] [10.06014785  5.25495375  4.83919663 -2.21313508 -6.46976487 -5.51443158] 
128 [ 1.71420503  6.80149566 -3.58408663  4.98000044  6.59371041 -1.83314323] [ 4.5623554   8.63425312 -1.39411572 -6.44943534  8.11234394  3.19009876] [ 0.89220946  1.02119553 -0.32206553 -0.55011226  0.20066931 -0.66064817] [ 1.56824929  0.99116524 -0.36699155 -0.15470976 -0.11572156 -0.16626071] 
129 [-0.21687402 -1.04584879  0.54385619  1.2360241  -0.50806598  1.9768049 ] [ 0.59943643  1.64972889 -0.19614815  1.68002964  4.84834142  4.83758948] [-7.80759687 -6.526099    1.6972995   3.57471674 -4.5526492   1.46626492] [-16.34919012  -7.56109203   2.87074203 -12.45484347  -5.70580207
  -0.90550817] 
130 [ 0.89640475  6.30272964 -1.31175077  4.46982567  4.21411851  5.38977799] [ -1.14123659 -15.91410691  -9.70688422  10.17713906   4.64397328
  -5.02042401] [  5.2716236  -11.59417426 -14.70801876   2.81998618 -13.57422319
   0.34297358] [18.8725436  -4.74382687 -3.44622073 -1.62836197 -5.11691422  4.84612075] 
131 [-3.38437587 -0.44111319  0.96046468  2.92093941 -3.45001251  4.6338539 ] [10.22730878 -4.13662521  1.37807948  2.5434193  -0.49820657 -0.07716598] [  2.32347182   0.42219383  -3.21604158   0.85248238  -4.73876308
 -10.26199698] [ 2.19024901 -2.68927543  3.02366946  3.36656601  1.43529214  4.85790067] 
132 [-2.67613567 -0.7182401   3.58859603 -5.13172141 -2.18815812  1.3132554 ] [-7.68403219  6.2429663  -7.14469239 -3.13744924 -5.85549813  0.00882778] [-4.07305399  5.52899088  9.95572893  0.32251749  3.3821451   0.62129439] [ 2.08767011 -0.17579826  1.34562896  0.10674678 -4.6646291   3.24277855] 
133 [ 0.25458876  1.26804284  1.03885082  0.3835909  -0.99636168  0.01752328] [-0.49139958  1.37400553  1.54575779  0.13111146 -0.11323878  0.03091209] [  5.5017923    9.19001601 -19.33407429  -0.28041828  -9.75564776
   8.57055527] [ 13.53740289   7.38447425  -1.99605312   9.52598664 -10.40849353
  -6.39697342] 
134 [-0.20368322  1.38714002  2.32508014 -2.30867668 -0.36893069  1.24669429] [-2.62250322  2.91962624  1.31211777  0.15837894  3.02345765  1.60649132] [ 8.1455448   5.32205805 11.98429277  2.84957165  5.33757193  1.39794718] [15.27959215  1.57715382  2.65763495 -7.68891323 -3.04737655 -6.61186778] 
135 [ 0.23215107  0.59109744  0.13898755 -0.27324937  0.7423865   1.29867562] [ 1.10663164  0.52378038 -0.04102752 -0.29942102  1.45837534  0.03341732] [ 11.37924747  15.43286334   0.87335721 -10.45749458  -1.35086951
   0.04899547] [ -7.63303254   6.76369993 -17.15343292  -5.88201537   1.37829758
   2.616114  ] 
136 [ 8.63734202 12.94734478 -2.49584334  1.35390957  0.73531639  7.40427206] [ 8.39989701 11.22224616  1.61448135  7.7035184   1.6689369  -0.29750871] [-2.14987838  1.77332056  4.44945982  7.82067631  0.16584535  2.39159816] [-1.65710425 -3.177629   10.47058877 -9.92681123  6.43907883  1.22487115] 
137 [-5.03718484 -4.29936833  2.22729849  4.23295499  5.82368659  0.41502361] [ 1.60373367 -3.52590843  8.4279541   8.05935503 -0.46777681  0.73156907] [ -3.31203341  -2.75102777 -19.68789825  -7.71585225   1.21246188
   5.7517189 ] [-16.61263064  12.15828752 -17.91333885   1.77728153 -14.45922457
  -6.6661183 ] 
138 [1.08609977 0.65796097 0.46201477 0.20803126 0.44701478 0.36942182] [0.53774324 0.71771132 0.63679222 0.36706452 0.18410976 0.74554594] [ 8.5080314   8.86196917 -4.27390328 -0.15430321 -5.43212249 -5.14037813] [ 1.1322344  -3.58851179 -3.81864206  3.31921896 -7.63187792  0.21244455] 
139 [ 2.22643845 -3.3641231   2.81148753 -0.11188086 -6.21756751 -0.61632966] [-21.35417801  -1.19974063   0.99880043  -1.68790767 -12.24436046
  -0.02402376] [ 8.62531855 15.23901343  3.98058176  0.63688097 -6.37387853 -2.02558082] [ 6.37626161 15.3072397  34.91905405  9.37592473 -5.49162381  4.16069752] 
140 [-2.06664939  4.38742952  6.68357922 10.94862466 17.02722889 12.38857173] [-11.11001217 -13.02508703  -8.11937765  -6.53144795 -11.23740359
  -6.1162378 ] [-0.68802645 -1.62605051 -9.5135277   2.17700362  1.75025907  4.14726191] [1.41637548 3.88854616 8.52328495 7.66881164 2.5916759  8.53576341] 
141 [ 0.9657106   4.59857842 -1.56186442  7.34233769 -5.73148809 -6.19025163] [-48.66716767   1.4418591    8.43233298  -7.94264645   0.5612449
  -0.74848418] [ -5.00732051 -13.90248968   2.85920284  -0.37171052  -0.25605317
  -7.28498927] [ 6.79922817 -6.85987996 -1.61998092  8.22791774 -1.5151209   2.41690104] 
142 [-1.54148917 -0.44134835  2.87648473  2.31454738  0.63267074 -1.03086217] [-1.50492444  0.93238495  0.18450521  1.79358203 -0.18199836  1.46465352] [-4.63230962 -3.12507194 -0.25687676 -4.20260838  3.02837524  2.42364226] [10.12290704  5.34852526 -2.96371159 -2.78396832 -4.99681143  2.26966922] 
143 [ 0.33594936 -0.2666515   1.05551457  1.66471878  0.07571725 -0.50693027] [ 1.51990425 -0.73642904  2.14477841  1.43973947  1.3368452  -0.23455945] [ 5.21624381  3.26541015  4.06752794  7.24355459 -6.17176477 -9.30510884] [ 4.34453859 -0.68031328 -2.19004291 -4.80561502 -2.71624863 -4.50260746] 
144 [-1.25547693 -2.82049376 -1.45816935 11.00497573  2.85843705  1.12755534] [-13.69389405  11.09054059 -15.62381921  -1.03189049   1.0709201
   2.02057973] [ -7.34472042  -1.82408087   3.41538642  -0.20908212 -12.51891205
   0.25066669] [ -3.79297629 -17.93728296  -3.96718794  -0.73700375   5.06806447
   4.13872368] 
145 [-4.50218106  2.47989549  3.80993899 -4.73439201 -2.35651051  0.73390848] [20.59843446 -5.97782423  5.86313783 -4.8714797   3.24472783 -2.92445998] [-0.29913464  0.34412152 -4.38103091  2.36958779  2.94617118 -2.49008424] [ -4.57129534 -10.5617446    3.0154355   -2.1278389    6.48965816
  -4.35233744] 
146 [ 6.02045914 -0.63189547  3.70115277  7.21672954 -0.99587733  3.27853056] [-0.88855826 -3.50325184  4.53501157 -6.07126433  3.27518493  0.10632173] [  1.77293962  -7.40949139 -10.88166651  -4.34215576  -6.28968565
  -1.06337757] [-9.26805128 -7.93526766 -7.46083712 14.82942985  4.05503396 10.8297276 ] 
147 [ -5.33910935  -9.07269592  -5.87274504 -17.42219917  -4.96879891
   3.56258224] [19.04803855  5.7233343   1.06885951 -2.61487782  0.72422855  5.75087723] [ 0.25501356 11.69773656  2.20330635  1.47402136  0.88994617 -5.65709434] [ 8.8117963   7.05785403  0.73371037  8.17828661 -1.41714864  0.41797626] 
148 [ 0.26931172  2.66231888 -0.70373158 -4.93057193 -5.21488032 -0.90370727] [-12.90321289   1.71265269   1.54202657  12.55305121  -3.01119267
 -15.7475759 ] [ 1.100744    0.09138477  8.47210772  7.14019293 -0.30557109  7.7569389 ] [-1.30522623  3.31574403 16.86648287 12.44363701 12.88733197 -3.35629122] 
149 [ 0.12122707 -2.53502985  5.58316304  0.1484391   0.15124142  0.64400253] [ 0.86506245  4.57198588  3.42769194 11.60308638  3.98175043 -9.48069875] [-10.11083955  -3.57776657   0.50676925   5.27342372   8.0288382
   3.32645169] [-17.40456328  10.76215864 -14.99720235 -12.26450306   6.14428717
   3.31408017] 
150 [1.17059421 1.17746954 0.67713849 0.15250094 0.80312014 0.50236481] [ 0.72965515  0.77702071 -0.14133264  0.66741051  0.54355754  0.6058949 ] [1.16171994 1.19276055 0.23352974 0.59490628 0.76559247 0.49789865] [ 0.7210173   0.83100654 -0.06252519  0.55179543  0.52716366  0.62286384] 
151 [ 4.64890398  8.03782287 11.05825361  4.35760913  6.02946903  2.99523806] [  2.54327711   3.47775341 -10.88324402   4.97118876   6.30908509
   0.63641748] [-1.60831603 11.29342829 13.28622961  1.9932155   2.4799045   1.99329375] [ 9.02216045  1.61601917  5.40993378 -0.22698101  1.87437883  3.82931301] 
152 [-2.02487653  0.79739184 -4.7604449   3.15225586  0.5327274  -0.15713232] [ 5.41481221  1.26333211  3.32614593  6.51992101 -1.75083585  5.04044299] [-3.71545323  9.88468651 -6.00808328 -9.89744023 -2.69872926  0.80475123] [-13.27966322 -14.98501464  -2.43753946  -1.89565139   9.47793684
  -1.7059873 ] 
153 [ 5.2673935  -5.09045394 -4.15688972 -5.79915674 -3.04299598 -1.94601713] [17.25945782 -5.51959319 15.6066502   4.81991987  4.6647382   3.59425083] [ 3.32501721  3.15844798 -1.61403733  0.48081517  0.36974015  0.39421156] [ 7.82065597  0.65645607 -1.13699268 -2.90223991  0.11525943  0.08751034] 
154 [ 0.2333371   0.69091085  0.93794896 -0.01269477  0.30228001  1.45569558] [ 0.98682143  0.18552691  0.29514507  1.38959869  0.09243555 -0.15439698] [ -3.70566358  14.01017443   5.43826706 -14.9789347   -4.53292557
  -5.9246649 ] [ 4.7295042  14.75340496  4.24404585 14.26987146 -3.43169969  5.01407361] 
155 [ 0.2306692   0.98323582  0.06076106 -0.54585212  1.15665077  1.10295086] [ 1.09930113  0.30006052 -0.35849121  1.53109833  0.09213864 -0.18740991] [-8.01646228 -3.94250104 -0.50537291 -3.38155893  2.76552931  5.24334678] [  7.7604418    6.11876978  -0.88022598 -12.60393948  -1.94497633
  -8.04757501] 
156 [10.41447789 10.61308154  5.58449218  7.81421863  5.58523829 -3.92453781] [ 12.82031883  -8.45882523   4.97751433   2.88613039 -15.40094139
   0.40986724] [-4.14398908  8.14083054  2.51547466 -1.68512982  0.99897437 -3.26542667] [-7.53410515  3.47435172 -6.11139015 -8.00386468  6.2187654  11.0396376 ] 
157 [-2.20464697  5.22618655  4.43049169  1.41035424 -9.5302283   3.37337267] [ -9.85692541  -4.54527162  -3.28059719  -3.70569579 -10.97219279
   7.28242288] [-4.00098922  6.91467995  3.84852892  7.65855974  5.83484932  5.06102741] [  2.72777069 -11.08297431 -12.64239305 -11.12607636  -9.72223671
  -3.6583769 ] 
158 [ 2.04201591 -1.14845914  1.57738823 -0.36478251  1.80831273  0.41476632] [ 1.06583128  1.27085655  1.80725034 -0.56594337  1.44052122  0.31046028] [-3.25521292 10.55320389  2.43375083 -0.40888964 -1.88639367 -3.01713739] [-3.11675861  8.98445976 19.55338673 17.03297007  1.73219524  3.69968738] 
159 [ 2.01516616  3.48217889  2.62098981  3.71825098 -2.02880993  2.80463166] [ 0.6954874   3.26574621  1.86254256 -1.38988838 -3.03724099  1.66266472] [-3.7731356   3.86026471  1.48335587 -4.66493036  1.57973426  2.47615655] [ 1.83898374  4.97973037  5.65331271  3.47429952  1.67515247 -0.49389064] 
160 [0.96647203 0.07046784 0.90791661 0.70765609 0.19670975 0.27595943] [ 0.43947632  0.25012897  0.69189316  0.57124316  0.30834381 -0.09577676] [0.9596857  0.06950855 0.90725013 0.70350212 0.20008839 0.27095646] [ 0.44903704  0.25311535  0.68489001  0.57252328  0.33409074 -0.08980031] 
161 [0.20060551 0.4503949  0.713798   0.30758058 0.15661904 0.49863903] [-0.52927351  1.30984928  0.20479181 -1.6985678  -0.04589414 -0.05219105] [0.20104056 0.46329504 0.71505023 0.3388521  0.06801826 1.12624943] [-0.52860478  1.30631035  0.23512501 -1.68602534 -0.03331911  0.00994136] 
162 [ 0.30465532 -1.29914298 -2.47045469  2.56395523  2.87988705 -0.04776242] [ 2.07618603  3.17748959 -7.77022153 -0.17600926  3.39561068 17.53077751] [-3.82202889  6.11736963  6.22676649  1.71300627  0.80031842 -0.30777036] [-6.77000802 -3.53864349 13.94616687 -9.38877549 -3.23603209 -5.40340225] 
163 [0.24554051 1.26904478 0.03066862 1.64606743 0.63506558 0.04442749] [ 1.11408904  1.20679717  0.08352955  0.11040639 -0.05408778 -0.14033194] [0.22949917 0.54776669 0.81123068 2.18912232 0.97021074 1.59672608] [ 0.98818425  1.94655972  0.07055315 -0.02381831  0.28945624 -0.17888791] 
164 [-3.31513392  6.24813786 -7.60658422 -6.1941456  -1.25893239 -0.29404504] [ 3.37265727  7.70027105 -1.80268393  6.76189109  7.03221056 -1.95088243] [1.09600998 0.85992462 0.60861228 0.32744405 0.63996025 0.76816713] [ 0.94105564  0.9163585  -0.87193855  1.97557586  1.3485252   1.27944524] 
165 [1.16896439 0.85109477 0.1448479  0.3668059  0.57616242 0.42380069] [0.78648166 0.4186054  0.64974079 1.04709571 0.22223602 1.01019494] [1.18407913 0.85339786 0.13526533 0.40657457 0.62685536 0.41225801] [0.78803994 0.47737176 0.57549182 1.02359295 0.26508067 0.95837362] 
166 [-4.21941381  2.95115113  2.54791332  7.34965191  1.53916383  1.323074  ] [ 4.0329956   7.870461   -2.80396268  1.41768851  3.38202892  1.31081946] [-2.64323561  0.54825836 -0.15691853  0.84236074  3.09708888 -4.59994092] [-12.62125908  10.29840918   2.95006564  -6.03519014   6.42011942
   2.9929042 ] 
167 [ 3.15653523 -8.29902769 -7.50320742 -2.15919883  0.99803446 -0.22386536] [-8.64686264  9.38675112  0.67511011  9.21513132  5.53880554  1.51915021] [-12.70872837  -9.30367686  -9.07948742  -3.8718785   -1.41956692
   2.51875565] [-10.26292832  15.21356153 -11.24567053  10.98037254   0.36370067
  13.12718967] 
168 [ 0.59590901  7.91112753  2.78788351 -1.9384547  -0.31150004 -1.74498962] [-1.54183957 -0.54388429 -0.12433545  1.44962344 -2.74067205 -3.30451361] [ 3.53168863  0.70934054 -7.39250458  1.18746107 -2.83963018  2.02019024] [  0.90612071   2.67114454  -8.00665971  -4.01455383 -10.61113511
   3.35813196] 
169 [ 2.2619352  -0.52318775  0.90240983  0.5430763   0.48764602  0.64426054] [ 0.50826701  1.56814129  1.27898783  0.2234881   1.41855968 -0.1069045 ] [-2.17170381 -2.7269168   3.54362148  0.02663383  0.30998077  1.3482331 ] [-2.06263073 -6.11174471  0.02843512  4.90827818  2.94868256  1.64815993] 
170 [ 0.24355697  0.72084311  0.48881395 -0.01691431  1.27856485  0.24283062] [1.07319052e+00 2.23137811e-01 1.36701114e+00 5.24663489e-02
 6.10012660e-02 1.19831262e-03] [-5.57933126 -0.71133715  1.91504183  5.38179696  3.80238975 -0.58632588] [ 1.44356402  6.20807998  4.76682367 -1.3929892  -1.7127524   7.71671495] 
171 [ 0.18901707  0.39888284  0.66641051  0.76927446 -0.19297913 -1.56599578] [-0.57844704 -0.33922671  1.34748585 -0.13425396  1.82991504 -0.04303955] [10.13013002 13.2296406  -0.95717039  1.75215823 -4.45084329 -2.48340513] [-1.92717519e+01 -1.02506038e+01  1.13696773e+01  4.50633993e+00
 -2.52700847e+00 -1.38194135e-02] 
172 [ 1.15649987 -1.63947884 -3.17908737  7.5054941  -2.16211957 -1.03625621] [-12.73611058  -3.41824608   1.6651161   10.2863326  -13.12674097
  13.7845534 ] [-3.23200264 -2.82620892 -2.33326621  0.22260848 -5.1583193   3.24862075] [ 9.41353498 -1.89619377 -7.207397   -0.99519155  0.20845386 -7.84961133] 
173 [ 2.71996313 -4.94084654  3.39981794 -6.88771606 -1.63491582 -1.64921292] [-9.40419413  2.64132144  3.02132515 11.2346074   4.51215678 -1.70303994] [ -3.50555138 -26.98797946 -14.62267676  -4.13745212  -3.37617629
  -2.04978078] [ -6.18789816   3.82694086  -2.01333106  -4.24651671  -5.43796151
 -10.49029128] 
174 [ 1.44521581  2.7693248   4.71811909 -7.30659444 -8.47102384 -0.277253  ] [-6.09204334 -4.12706579 -7.67270732  9.75790858 11.22802777 -5.28324045] [ 0.29155382  0.76796841  0.37549144  0.86184438 -2.25404712 -0.11422941] [ 0.57848709 -0.33088352  1.01705025  0.52509021  0.22712089  0.15601253] 
175 [ 1.52739657  0.40135752 -0.56721379  0.06073362 -0.88627235  2.29211784] [ 1.51861131  2.20423164 -0.51858128 -0.82960349  1.85145647  0.25536569] [ 1.81957116  4.60311167  4.34735276 -5.22168741  0.96838097 -4.91545631] [ 4.4732977  -1.41880961  1.35346725  0.34847635  3.14030701 -0.62847843] 
176 [ 1.45852728  0.86954893  0.6646006  -0.19769534  0.60943033  0.55867905] [ 0.06470875  0.51800865  1.54783198 -0.29515888 -0.22958164 -0.15472704] [ 2.10123144 -4.19983912 -8.33122694  4.22229583  9.11281593  5.19525374] [-7.58311968 -8.50713116  0.78149813  6.10622709  6.3227937   4.11612293] 
177 [0.93394824 0.17012968 0.69662027 0.94938189 0.69913266 1.05757005] [0.05334156 0.67557464 1.05450929 0.42581421 0.67672025 0.44251554] [0.94293963 0.13102975 0.57833778 1.01546489 0.7065769  0.95195893] [0.34254945 0.467769   0.80739025 0.45181122 0.67295053 0.20300562] 
178 [3.47885341 0.33336564 2.21914054 3.1581739  3.58850668 0.96585696] [ 1.39812934  0.72266459 -5.53101416 -3.13778849  0.1010765   2.0238742 ] [7.25364191 7.33065072 7.33172538 3.17825551 1.90872674 1.84834273] [ 0.78819507  1.54154725 -5.49050788 -6.27248979 10.24672313  8.24726266] 
179 [16.82583059  3.71901066 10.13000816  5.07315623  3.95850542 -4.34595243] [10.17271713 20.31541229 13.39621682 -6.4321304  -6.44341111 -2.72209439] [ 2.18207167 11.94810656  3.2625576   4.62271677  3.88065442  4.2462688 ] [ 2.07998156  2.98680031  2.99084871 11.24172216 -7.88519124 -3.22735536] 
180 [ 3.85142081 -5.72517284 -2.15583202  2.62577844 -1.19683127 -1.70958869] [ 1.4623557   0.26009719  2.15556574  1.35176466  1.71232927 -3.30882775] [ 9.52626021 -0.94829525 -6.93194236 -5.42999592  3.28515284  3.72905957] [26.70377263 -8.25755823  6.76140619 -3.18325017 -5.97590749 -0.25141888] 
181 [ 2.30659848  2.7071201  -0.08447658  0.5539305   0.91354535  1.67658888] [-1.03962705  1.81806736  2.60470777  0.16936995  1.55873535 -3.22583503] [ 0.26581917  1.27436585  0.69821858  1.82453747 -0.46612726  0.15836167] [-0.48616941  1.30063913  1.50569288  0.08137154 -0.16952516  0.1860005 ] 
182 [ 3.1071966   0.97413691  1.32225061 -0.14270452  2.36091157  3.40609617] [-1.56938069  8.40248897 -4.20886142 -2.36409987 -3.39057109 -0.18378515] [-2.90499719  3.93621037  3.08323891  5.26878821 -2.81128366  0.29492123] [-4.56089249  1.59712145  8.86116097  0.06211645  7.49055425 -4.47329112] 
183 [0.71266618 7.79215333 0.42495514 1.99939026 3.60143549 1.84241815] [  3.4726019    2.71764599 -10.43767903  -3.13707806  -1.51599217
  -1.75256216] [-1.2533366  -2.46431411  5.62374926 -1.28515711  1.91186994  4.45667781] [-5.00129008 -4.85141993 -3.78071377  5.45401554  4.95290805 -5.33814151] 
184 [ 1.08003421  0.02724169  0.72013194  0.57666484  0.46510042 -0.61205066] [-1.37043328 -0.20599547  2.93544301  0.56631967  0.293268   -0.12575804] [ 2.3825545  -0.27769404  0.36779396 -2.72100046  3.13838821 -0.06963816] [ 0.53193274  3.01930734  3.02965725 -0.18373579  2.91974447  2.17728465] 
185 [16.42858148 11.1198948  10.27074243 -1.18428943  2.9974109  -2.51336354] [-11.22715969  -1.44644436  20.89819333  -2.95507448  -0.86790249
   7.69864917] [-4.2288336  10.10175082  3.52704641 -0.71946337  3.41907444  0.24653333] [ 5.96820555 20.66559615 -7.73062599 11.15278366 -6.43125577  8.01524968] 
186 [ 2.52849257 12.46816891 -0.26599174  3.62743354  2.5682115   3.38506297] [-9.82807368  0.75721471 -8.09407669  0.21706684  0.07177478 -1.68378785] [ 8.12402984 -3.28627459  9.24406878  7.51307731 12.53715492  3.4134133 ] [-29.04966086  16.20395579 -13.73219998  -5.92892358 -14.49687368
   6.04013793] 
187 [ 0.87240173  0.05007509  0.88177468 -0.36240579  0.1758685   0.42107289] [ 1.86444624 -0.28145843  0.80800314 -0.47240245  0.09870492  0.14037781] [ 0.88797217  0.02656562  0.90332295 -0.35916459  0.2064859   0.37475353] [ 1.91837195 -0.33577405  0.82751002 -0.41613162  0.08993128  0.16658655] 
188 [-0.06525891  6.52349604  0.79409459  3.29053484  1.93311846 -3.25921698] [13.48669317  1.16531227  0.71848409 -5.12664996  6.69437924  0.16246669] [ -0.08827365  -5.63785431  -6.78403674  -4.97825716 -10.3856761
  -4.0558635 ] [-5.15134307 -0.04752436  4.23395079  1.39012785  1.65137993  1.79298549] 
189 [-2.24737689 -3.60257617 -1.01014463  0.10870691  1.54287191 -0.5500746 ] [ 1.10417434  4.71976826 -1.96397391  6.48100563  1.78458879 -1.7485834 ] [ -3.93275671  -6.36528909 -14.51669737   2.45664766  -4.17168699
  -1.49344291] [-5.90935683 -7.93957116  6.13858042  6.41572722  9.19740635  6.21278804] 
190 [3.14293486 0.92921715 1.09174174 0.79819502 1.44563291 3.73211968] [-0.20780539 -2.81527094  5.56671515 -1.6628409   1.43925456  2.80800189] [0.82486884 0.44239091 0.59870672 0.9158496  0.36302338 1.00009861] [ 0.86223864  0.12154885  0.32641742 -0.2619802   0.94658104  0.99342241] 
191 [ 0.2111541   1.64097426 -0.56825971  1.45880164  4.6598348   1.77940769] [-2.11615676  1.61341765  0.09986057  1.47946463  1.3712935   0.19562084] [-3.08621489  1.04291669  7.1270612   2.69015156  1.28941855 -4.01241747] [ 6.24485508 -1.19868219 -0.14038923 -0.23776315 -9.3216641  -1.62109239] 
192 [ 0.16598408 -1.99442819 -7.01176223 -2.49661909 -9.47097095 -3.61356362] [-0.49903538 -4.49906613  1.81096308  9.69143793  1.67562382  4.94401898] [ 0.20794216  5.24578995 -3.62534968  9.4685894   2.79991228 -3.00060835] [-2.16977198  1.73730868  8.07895658  3.02040711 -0.18052552  4.70087775] 
193 [  2.27512657 -12.46204108   5.48476032   1.74332774   6.50093785
   2.59702707] [-6.90119809  6.05847208 -3.61033622  4.94052616  6.33182857  4.61935058] [ 0.28968258 -2.90491057 -7.73276029 -0.56800965  0.8759896   0.16538227] [ -9.84937048  -4.06696572  -3.15118845 -10.12990482  -3.74530314
   0.20334986] 
194 [-0.18588947  8.60739301 -4.078586   -1.22017189  0.70388517  0.33146692] [-6.65444877  4.99015214 -0.30411002  8.13979352 -6.37553002 -7.83397607] [ -3.96365737   6.87271368   5.13579611  -2.25818242 -10.04854866
  -2.09249855] [ 6.5356796   6.20269546 -4.10851406 -9.98601405  5.69517778  5.89302034] 
195 [-0.2383276   0.95375237 -0.00432275  0.43045422  1.02600016  0.61982053] [-1.08698735  1.4579773   0.12008091 -0.18441726  0.0995249   0.19069871] [ -1.66748664 -13.9533709   -1.28447014   7.11874144   6.9686386
   2.20268374] [  3.46899236  -3.02707849  -0.74449125  -3.19634527  15.59503669
 -16.09984762] 
196 [ 0.61115178 -9.95004569  9.64955972 -0.08428863  1.86708769  6.72804843] [-1.90727956  8.34230497  0.84545139 -2.79392792 -6.13449337 -7.89068394] [  7.90353709 -10.18816629   4.19552591   2.55056901 -11.26915735
   0.99691956] [  8.18388995 -10.21174078  -3.6356577    5.75464916   3.1152623
 -11.9080786 ] 
197 [ 0.73935823  1.04913122 -1.57976332  1.02545103  1.86900845  1.81336428] [-0.05698155 -1.44299849 -1.14438488  1.70561803 -0.18972446  0.21390618] [-1.42982247 -5.5909862   3.34720701 11.03242645 -0.54687137 -0.05813152] [  4.19437968  16.41621624   8.15021068  -2.7607626   -8.15744596
 -10.66018453] 
198 [ 0.58080752 -0.61497185  2.23461793  2.95743233  0.81984671 -0.50341865] [ 4.73342245  3.27460374  0.99935786 -1.45467055 -2.87814044 -4.89790451] [0.20602505 0.21405151 3.24377458 1.76668604 1.73214332 0.92130933] [ 1.00518902 -1.4539932  -0.15267527  0.2120953  -0.19736465  0.05707322] 
199 [-1.1935547  -0.17735785 -2.33197012 -1.05744859 -6.52501744 -4.26051322] [-5.17547149 11.5459047   6.82647822  5.01502387 10.58411152  2.80693502] [-1.02369565 14.98031443  4.10263096  7.22902794  8.52068363  4.71242139] [20.4955471  -8.7636141   3.4595418  -0.40922498 -5.83235395  1.08350983] 
