0 [ 0.22880318 -0.10157474  1.09060426 -0.64913003  1.33166893  1.00821699] [ 2.06134339 -1.01758817  1.38376246  0.13209068 -0.02822966  0.26505894] 
1 [ 6.33556318 12.51001995  3.91004489  0.17099133  5.14322374 -5.42954301] [-32.21551674   6.80848843  -5.4086541   16.17115419  -1.7486779
 -13.99659497] 
2 [-4.14310231 -0.38275368 -3.57076863  0.1142256   3.03190971  2.74899909] [ 3.53245431  3.28157505  0.22275864 -0.40103791  1.43468868  2.94572723] 
3 [  6.04030799   5.20488996   6.31502214 -10.5618763   -2.72949239
   1.7310038 ] [ -4.14468116  -4.23597339  -1.65501915 -17.4916941   -4.67239314
  -5.09338244] 
4 [-0.22898984 -0.64784267 -1.0663655   0.30941975  0.87549807  0.80614132] [ 2.17316546 -0.20869899 -0.345031   -1.41588691  0.08777218  0.1896082 ] 
5 [  0.35773558   5.66177748 -22.51452507  -1.10822089   7.07235659
   1.39886111] [  7.32828413  -0.70236261 -19.97362782  -9.63633115  -1.48433817
   3.30782041] 
6 [ 0.19934324  1.37391147 -1.16291575  0.12913105  0.39369993  0.47454417] [-2.05194498  1.61364532 -0.08938857  2.97437034 -0.23437794  2.99771587] 
7 [ 3.85698318  2.64967789 12.22336205 -1.91241787  2.90909186  0.17513157] [-5.00046633 -6.10841726  0.21221124  0.79388103  3.89526442  2.4099782 ] 
8 [ 4.30504228 -2.83050808  2.75239757  5.82096527  4.5157985  -1.69496627] [ 2.24084964 -1.28826037  1.63359744  4.25677164 -7.44281311  4.90902836] 
9 [-0.17737614  0.69103464  0.3022355   0.67862549 -1.85850887  1.38742954] [-2.6044108   1.55961134  1.51473693  0.3479473  -0.02177984  0.23575595] 
10 [ 4.60417392 -1.17302979 -3.09629271  1.73393982  4.71786599  2.74830941] [ 1.44318432  0.48256234  6.5640107   8.33195565 -2.15047114  0.30426868] 
11 [-4.29057288  1.7308605   1.66979579  0.87539866  0.15360219  3.99938316] [-1.14564642  0.40195185 -1.78527012 -0.13075937  4.91680544  6.39123369] 
12 [ 0.29440646 -7.89489035  2.59930445  4.87702833  8.36294835  0.44164612] [23.25922575  7.79940993  6.41166331  4.53396595 -9.409845   -4.75768325] 
13 [-4.57870089 -2.25486763 21.14370044  3.6302975  13.41507604  2.03885825] [ 17.43731912  -0.8953653  -10.18953978  15.14680703   2.97890753
  -9.18271764] 
14 [ 2.25513155  0.59631567  6.20533114 -3.10050078 -0.21923539  1.66083316] [-4.1095585  -6.94223705  4.01612079 -1.35981452  2.94490498 -1.61557079] 
15 [ 9.14211288 -9.10964606 10.94376682  7.54113757  4.38091536 -4.13712931] [-10.88424015  -8.69761941  -2.07622039   3.73970728   0.3315455
 -17.57834904] 
16 [0.2596886  1.46501722 0.14004223 1.39266219 1.23957129 0.08750311] [-0.32690932  1.03554133  0.37721041 -0.10003342  1.60960076  0.01545835] 
17 [-5.83099652e+00  7.45955724e+00 -8.43431700e+00 -5.20176279e+00
  2.67916487e-03  2.84146113e+00] [-3.93164712  1.05642104 -4.8078188  -1.84336992  3.39595354  1.24235549] 
18 [3.58272404 5.09882916 1.54707722 5.36417872 2.07159819 0.53148929] [-6.81240339e-04 -9.65803448e+00 -5.52811723e+00 -2.01198160e+00
 -5.20508119e+00 -8.31946508e-01] 
19 [-2.28125684 -3.97174823 -3.49947628 -0.13019754 -5.71244906  3.5962941 ] [ 2.41821973  2.84629735  1.58069319  1.36822509 -1.42068813 -3.11563032] 
20 [4.23825756 1.61056013 1.75499393 1.06188724 0.20974318 3.70977896] [-5.92019879 -2.66554479 -3.47165504 -1.31667385 -0.29254383  1.47750212] 
21 [ 2.00610596  2.66987726 17.37250371 -3.0898872   0.17527926  6.87263896] [  6.31645507  -2.84308886 -14.95311617   7.45259372  13.41585164
   1.39556493] 
22 [ 6.90457461  7.29755278 -8.10354452  7.85145459 -0.52349765  2.28695738] [-4.67643074 15.68354284 13.59236809  2.80136278  0.18355895  1.54606979] 
23 [-3.6822902   3.85048933 -0.4441685  -0.15405634  0.56959237 -4.29647098] [-2.53554016 -7.89236331  1.3664927  -0.85409763  0.79571085 -5.03028528] 
24 [ 4.4668893  -8.39647415  0.05882947 -5.63818483 -0.55788426 -8.51662913] [-7.77008737  6.79107274 -3.17599396 -6.51825873  5.29461108 -1.52770688] 
25 [-2.26500399  0.44433269  1.27178899  0.13857747  0.57560823 -0.01379128] [-0.31002868 -1.70563755  1.06410422  0.3483671  -1.69442859  3.2153589 ] 
26 [-0.30794834  3.368667    6.42712989  4.06511203  2.09388597 -1.91356325] [ 12.93257254  -5.98767283   9.2527448  -13.39811889 -14.95385855
 -11.08198342] 
27 [ 0.81247488  5.26776159 -8.17556785  3.59242357 -6.66843014 -2.37841706] [-9.80597208 -5.43120984 16.47516504  3.59616247 -9.35202096 -6.3660392 ] 
28 [ 4.097826    8.320005   -1.39177534  2.40612361 -9.47983181 -2.4568917 ] [-10.82513876   2.58182586  -2.09341869   2.80365108 -11.05601792
  -8.17826724] 
29 [ 4.00858104 14.59409601  2.88277751 -4.77111751 -5.86268736  1.56612225] [ -9.18729549   6.17977242 -12.67987126   4.82338116  -6.14303074
   5.87253605] 
30 [ 0.39771745 -3.3432804  -1.7702796   1.75952826 -1.7095752  -6.16671209] [  5.69109727 -15.60347226 -11.52256162  -0.33537188  -0.02872942
   1.74747742] 
31 [-10.30271596 -16.4658419   -2.78205542   5.32459404 -10.95028689
  -3.94793791] [-16.3047218  -22.96508233 -20.14647844 -36.13408923  -4.64828937
  -2.81900854] 
32 [-6.0661868  -1.49300443 -2.84272554  1.11281369 -3.44224726 -0.34025326] [ 4.15118899 -1.72251824  2.99162546  6.40355425 -4.72010928  1.41968375] 
33 [0.24439757 0.71603804 0.42051514 0.66295756 0.78674821 0.17990541] [ 1.0540752   0.24101517  1.40056354 -0.10351083  0.01592817 -0.01702532] 
34 [-1.84314824  2.14243899 -4.45440163  1.59458589 -1.65906887  1.98470092] [-9.60080982 10.82798333  5.07183337 10.32159646 -0.9108002   4.23856446] 
35 [ 4.22284875  3.92779381 -0.56405292  3.48418995  3.74221488  0.73448352] [ 4.54287228  0.41969874 -7.64092552 -6.11528752  1.61171384  3.05606419] 
36 [ 17.88939061  20.39531861 -15.23108361  -9.56000761 -15.35118168
  -7.52134188] [ -9.73869928 -12.94383542  19.28687363   7.84656611 -17.68214017
   9.78801899] 
37 [-0.74476887  0.60327229 -0.37310798  0.67095538  0.52689776  1.93319171] [ 1.54479983  0.75642031  1.36308323 -0.31759996  0.16323629  1.65543442] 
38 [  4.26387139   1.10683437   5.24206612 -11.36548885  -4.96958458
  -2.9483275 ] [  2.32729262  11.21092618 -12.85078084   0.09917283  13.85024036
  -1.59359207] 
39 [-13.67593271  -1.89793421   2.36526116  -7.90086767 -12.66448136
  -1.72010665] [ -2.9584863  -11.45063306   6.44959055   6.76915275  -8.79589082
  10.27516864] 
40 [0.14337248 0.75644199 1.42888637 2.4000031  0.19868589 0.5015804 ] [-0.39804421 -0.06130861  0.31159492 -0.25383091 -0.14688782  1.72808513] 
41 [ 4.25981185 -6.22776306  3.99098785  9.91213583  0.25709517  0.48871655] [ 1.26299241  1.67269079 -5.73919525 -5.6728895  -1.87428585 -0.12851491] 
42 [0.23093965 0.67012096 0.71457827 1.14943808 1.02659468 0.36648791] [ 1.04056368  0.18921093  1.37848502  0.04362439 -0.14313586 -0.1378455 ] 
43 [ 0.19684652 -5.74608841  4.07634782  4.17369147  1.12799315  2.33476418] [ 5.75853608 -2.1545017  -3.67568042 -0.39401684 -1.69563993 -0.15510466] 
44 [-3.05077736  7.31441997  3.95713769  1.79612459 -1.72614131  4.40198367] [ -4.68902781 -13.59585628   1.68889703   2.12348681  -4.12792119
  -5.61415212] 
45 [-3.86611334  8.00574583 11.0090338   5.67108705  4.04064139  0.67211086] [-10.64179772   0.61548184   5.73001925   9.10961711  -9.75101479
  -2.82402974] 
46 [ 0.23635608 -1.10446357  1.73578877  0.43868557 -0.0593595  -0.53486193] [ 1.05096653  0.01657233  0.32761164 -0.4302879   1.90074227  0.19899378] 
47 [ 4.12624362  3.76114352  8.31354818 14.67862564  8.97163778 -4.12302002] [-8.39092659  6.86841122  5.53034012 -0.25727412 -5.77952783  0.87186823] 
48 [  0.34303136 -12.21272633 -18.99575021  -8.79710527  12.37577339
  -5.43130323] [-14.91131204  -2.23401633  -2.65883876  -2.18720281   2.18145857
   6.9857061 ] 
49 [ 3.32729273 -7.53164725  1.84194789 -3.76026969 -0.73240734 -0.46372003] [-6.33661297 -1.51240686  5.315034    4.9289322  -4.45218398  4.42217133] 
50 [-7.83589861 10.42780778  0.44276839 -1.16284409 -3.9078465  -1.32641682] [11.68668328 -3.58614287 -1.90365655  3.02527782 -5.10486748  5.0493799 ] 
51 [ 0.39238565 -5.72701356 -4.97044816  2.57629321 -7.02248968  0.09137715] [  1.52440753   7.82178764   0.81992045   1.68159535 -14.58993251
  -5.57757408] 
52 [ 1.84892638  3.62247341  6.46663411  4.83943876  1.44713938 -2.68088494] [-6.86707557  2.89473912  6.57867994 -3.48434458  4.90091438 -1.43864491] 
53 [-0.23606015  0.1819035   4.8488337  -0.42993471  1.91499531 -2.9401946 ] [ 3.86979339  2.78325709 11.17855999  3.59575993  7.62455735  8.50225826] 
54 [ 0.30889435  1.15968501  0.807358   -1.55667857 -1.69590666  0.55885682] [ 0.06685954  0.05915742  0.48444607  1.80444907 -0.20667462 -0.13489043] 
55 [0.87969603 0.53674329 0.98879823 0.20348246 0.82305532 0.74232405] [ 0.87262545 -0.06910785  0.74843075  0.23274372  0.9284455   0.43810672] 
56 [ 1.37890842  0.78359317  1.03722024  2.61992847 -1.78351878 -0.64412593] [ 1.56141366 -7.08321465 -1.26062405 -4.03708032 -4.69876047  4.41891175] 
57 [-0.23277136  1.73482361  0.73462421 -0.49530788  1.02253388 -0.11629312] [-0.92591023 -1.32306002 -3.39490827  3.08797563  1.83157917  1.17152856] 
58 [0.81479079 0.75163241 0.08100149 1.26759295 0.30493573 0.82019516] [ 0.7176471   1.02837275 -0.00354168  0.71154984 -0.33520775  0.77535534] 
59 [-6.26669473  2.02194221 -3.67405124  2.44673438 -0.92452266 -8.64111327] [-8.6754506  15.11872863 -4.56798287  4.03206451  7.58997745 -1.09899029] 
60 [-3.75969472 -9.10193822 -8.24273257 -1.7933083  -2.42124667 -3.95522934] [-8.05224724 -1.64172712  4.92150754  8.39317817  2.79313299  1.59412774] 
61 [-1.69126196 -0.09534934 -2.20697897 -0.0348526  -3.9980289   0.27133237] [-4.12194564  8.22497198  2.01449153  2.08992249  5.41211921 -1.22379106] 
62 [ 0.15617152 -3.82092441  4.59332114 -0.30600532 -1.29077571 -3.99408873] [-0.51976423  1.98130052  3.23188746 -1.29104622  6.58342484  6.50222166] 
63 [ 1.13881406 -3.77524961 -1.3331701   0.6339971  -2.22428394  0.56399028] [-3.19275597 -1.6974207  -4.21695759  0.10161656  0.36191968 -1.73995943] 
64 [ 0.2375786   0.59939128  0.46888684  0.06738644 -0.15023096 -0.2850326 ] [ 1.05871689  1.5745502  -0.13870683  1.7411268   0.10690891  1.30437017] 
65 [ 0.20980695  0.68364233 -0.25019836  0.60846747  0.51406722  0.55229238] [0.99467955 1.74191014 0.24844321 0.32029653 0.24912016 0.11336   ] 
66 [ 1.16375136  1.14423353  0.6627591  -0.48645623  0.47041579 -0.21387635] [0.69920104 0.95821258 0.29120888 1.10646908 1.3095975  0.36608995] 
67 [ 0.21875053  0.55267919 -0.13816159  1.13029995 -0.25033418  0.9381504 ] [ 1.02756561  0.43697376 -0.28926813  0.19990884  1.36081028 -0.05079147] 
68 [ 1.04060821 -0.01427657  0.8066591   0.49190914  0.44284992  0.57135907] [ 1.14274928  0.41967788 -0.17628389  0.48963484  0.33786693  0.20913912] 
69 [ 2.2746337   0.49115657  3.9010759   1.62108526 -0.20484103 -0.39311692] [-4.11505317  0.34602036  0.19293625  1.36075947  0.0368262   1.66469796] 
70 [ 6.07652871 -6.74640374  1.20025885 -0.65168186  1.61860756 -4.80313227] [ 6.84150075  8.14215543 -1.67779848 -0.10511607 -1.48901395  4.56847191] 
71 [-2.17821665  5.17025703  1.12020438  4.43547511 -2.31343466  0.54716248] [-1.93376891 -4.96277683 -1.70002931  2.86537535  2.63236054 -0.15656885] 
72 [ 5.06716037  5.15348514  1.12873355 -0.82226304 -2.55229695  3.53948554] [-1.65970781 -6.42915696  1.90652022 -0.39005122  0.95871742  5.79145272] 
73 [-0.82975107  1.14749664 -1.35250993  5.82702558  6.42505496  2.96200034] [ -9.55070003   2.26688501  -1.19546106   6.3399013  -10.0897961
   1.46892896] 
74 [ 4.20922937  4.720937    0.83067216 -1.62920275  2.92168557  1.61604898] [12.68488519 -3.7492925  -1.43400743 -4.29019117  0.48094805  3.38012558] 
75 [-3.64975915 -0.3373341   3.01035997 -6.28024016 -1.42516251  4.66437277] [12.53588157  9.32750794 -4.04788278 -6.56049614 14.77468155  4.37989385] 
76 [-0.10387391  2.10366063  1.19706725  0.32066325  0.50731452  0.53569673] [-0.73217898  0.46311111  0.40049199  1.22865092 -0.30501484 -0.17823108] 
77 [ 0.19706379  0.44183098  0.70609859 -1.69080254 -2.79056191  2.28329191] [ 5.66928362  2.82865179 -3.38679448  1.77362314  4.62094487 -0.09571314] 
78 [ 2.73660313e-01 -2.49365317e+00 -7.02781495e+00  6.56651847e+00
 -3.09361679e-03  3.20656896e+00] [ 0.14404745  8.88556945 11.46143222  1.85347424  0.1102623  -8.33071612] 
79 [1.17648717 0.58017577 0.41411392 0.92588598 0.38438965 0.86138164] [ 0.61120032  1.02160408  0.59711118  0.66227214  0.55581265 -0.33915951] 
80 [-5.9466999   3.80109345  2.00637329 -6.84811891  4.0358579   0.11258032] [ 1.4136166  -9.92150484  2.9445245  -9.9646317   1.8711341  13.47765393] 
81 [ -6.27431592 -23.2040256  -17.71326747   0.77757696  -0.36561577
  -3.9975793 ] [ 1.05316792 10.68779533 -4.49643865  7.70704129 -9.37310746 -1.87085613] 
82 [0.83630908 0.38141729 0.02987509 0.84477716 0.92112747 0.59176696] [0.84513801 0.2081428  0.41619903 0.57262504 0.97269295 0.82267464] 
83 [ 2.51222019  1.24888444 -6.63432937  0.23534029 -2.26546692 -1.89545534] [ 2.26279025  4.58566485  5.83596423 -1.88647393  0.25823393  4.91886113] 
84 [ -1.33305437   0.23386116   1.53274646  -2.44424739 -11.86771025
   1.38581912] [-1.51327012  8.17728957 15.84285848 -5.10801163  4.008679   -1.74567142] 
85 [  0.45564019 -10.6219934   -2.07487182  -1.90225361   5.72369251
   6.93466068] [-28.68605229  33.97594663  23.25218026   8.01393125   9.78290215
   5.0484241 ] 
86 [1.10952227 0.48374345 0.46945427 0.94666372 0.75898158 1.24119376] [0.70968433 0.97093738 0.58434902 0.36105076 0.28691195 0.77328959] 
87 [ 0.21720626  0.64342378 -1.05075376  0.85255948  0.15475563  0.68857704] [ 1.07383085  1.71818313 -0.14203975  0.04026038  0.01430632  0.17662834] 
88 [ 1.99941198  8.7270535  -0.71585572 -3.74937422  2.57033653  2.06699404] [-14.00398037   1.02375164  -3.13032981   5.34480597   1.75285759
  -4.44011334] 
89 [1.31180923 0.91978775 1.16238396 0.07342284 1.63275093 0.03689041] [ 0.02846485  0.48122006  1.56732766  0.23875762 -0.5067167   0.26758494] 
90 [ 1.78453726  5.2341889  -5.77873273 -7.38784848 10.50317223 -4.04691764] [-10.49059691   7.70800066   7.35524724   6.21153508  13.35462993
   4.52775543] 
91 [ 2.15020428  5.32844727  3.60592018  0.60016731 -5.27926738 -3.68128574] [-7.72700222 -7.33460253 -3.71389     5.20625535 -3.39248178  2.05235883] 
92 [ 0.22798498 -1.27623475  0.69034725  0.46145167  1.27185502  2.27933105] [-0.46053224  1.47723508 -1.62906627 -1.70846122  1.9274252   0.35565114] 
93 [-0.60794108  0.17397066  0.00863732 -2.778557   -2.44368224 -0.92894737] [-3.54519929 -2.91683494  2.14442555  2.94958331  0.00641955  1.38094655] 
94 [-3.57729908  1.41149253 -1.39930647 -2.1835129   4.04458373 -0.93581753] [ 1.59165211 -6.65089394  1.37903266 -0.40698163 -2.07454026  3.27621251] 
95 [ 1.11295756  0.74573079 -0.53414185  1.02013241 -0.12013772  1.14508778] [ 2.10233629 -0.56430808 -0.10017456  1.08249212 -0.52135205  0.71249347] 
96 [-4.63574331 -5.77577312  4.10661022 -9.9006253  -0.58936066 -4.51793792] [-10.86977466   2.91968779  13.18847518  14.39902948   4.06165415
  12.97637342] 
97 [0.25658839 1.18009213 1.3104199  0.05301613 0.05287747 0.25254253] [ 1.1168966   1.39753966  0.18469457  0.04768001 -0.21522791  0.23104597] 
98 [ 1.47105276  4.42403118 -3.52543657  4.69512753 -1.55053467  3.4244106 ] [  8.74018916  -4.24296785   3.2688708  -10.80362379  -5.57718287
   2.62713934] 
99 [0.78844608 0.67143797 0.9173831  0.44969701 0.55614201 0.62144242] [ 1.01112839  0.92620599  0.49660761  0.96857428 -0.40440909  0.70281524] 
100 [ 4.0769757   3.79667346 -3.06012883 -1.39182529  0.72194324 -0.1777968 ] [-2.23571897  2.4177507  -0.18992763 -1.44640489  0.19188263  4.42348094] 
101 [0.87530058 0.85671166 1.31526771 0.60582561 0.81227478 0.5552336 ] [0.86833267 0.800812   1.02318272 1.04138265 0.62421074 0.36960672] 
102 [ 1.38591485  0.54933707 -2.5268907   2.44608123 -3.84904345 -0.05804939] [1.66285389 5.28205178 1.1542335  1.57075549 2.64144189 0.69226973] 
103 [ -8.55737859   5.81127371  -3.72323479 -17.03448143   1.12002257
   1.66582575] [ -0.53835747  -2.98102206   7.95254504 -11.17458819   1.78884948
  -0.22149329] 
104 [ 2.17016697 -2.62405049  1.15495224  2.38384217  1.8686736  -1.17490537] [-5.70744572  4.75929562  3.46472447 -1.26373857 18.92532925  1.40586606] 
105 [ 3.14807815 -3.16387833 -3.76659826 -2.52062857  3.09777659  2.00047409] [10.15876844 -5.0352246   4.69704864  4.30425816  8.65684775  0.75912318] 
106 [ 0.24420826  1.21039088  0.15857088 -0.05989505  0.87471448  0.4580599 ] [ 1.00639964 -0.18971335  2.06311306 -0.30344041  1.66251054  1.28031183] 
107 [-3.07673308 -2.57011452  6.95131425  5.62618129  7.08124645  2.28379653] [-6.65202204  3.92110821  1.04610303 -2.37900497 -4.27178799  0.14979494] 
108 [ 2.50826239 -2.21880357  9.88102072 11.27921049  5.87608514  8.36059488] [12.6631533  -3.27671796 -0.29738511 -4.92037282 -7.99095874 -1.69221234] 
109 [ 2.2824957  -1.69569566  0.10431239 -1.04130511  2.95238191  6.07224156] [ 0.47014257  0.21892675 -1.61339289 -1.69735196  0.24777864 -1.79547459] 
110 [ 0.29390876 -0.97289643  1.39940175  2.41494883  1.84004174  0.37636534] [ 5.80897896  4.86591452 -3.19937965 -1.71652011 -1.67086236 -1.23492972] 
111 [-0.14579622  2.13884938 -1.02719381  2.41970148  1.74184524 -3.63483414] [-5.68935146 -4.20930483 -2.96834915  1.87757881  0.09739099  1.67765497] 
112 [ 6.50288016 -1.66436947  6.85050949  1.76641332  1.36532438 -2.78164842] [  1.06349659   7.69862587  -0.20138946 -10.88426845   3.11209045
  -1.63177194] 
113 [-0.19338134  1.61154152 -0.64817413  1.77145519 -0.08457766  0.10388913] [-1.04814019  0.28231549  1.38682939  0.05543215  0.17419497 -0.09894336] 
114 [ 0.17154628 -4.08418775 -1.5336771  -7.63702231  2.13996528  0.23846596] [10.46850074  6.35920668 11.23234335  7.48437554 10.50445772  6.68171377] 
115 [  7.95782647   6.42746128  -6.54497366  -6.93892463 -12.5345528
   2.69795402] [20.0282287   9.47009256 10.64371995 -0.50419385  6.26864199 13.44248339] 
116 [0.24969319 0.75553413 0.37246532 2.14985056 2.01709663 1.62227591] [ 1.0818183   0.22146572  2.97100729 -0.00526947  1.59588639 -0.04328302] 
117 [-1.77451105  1.92275936  2.88462034 -3.25932415 11.92550101  7.22797107] [ 3.91583702 -7.73250365  3.07555066  1.33074155  3.22803218 11.91634923] 
118 [ 0.48177478  1.48903216  0.90776904  1.55444104 -0.17771952 -1.02909798] [-1.55923215 -0.89993941  4.62114646 -1.06974618 -3.49604078 -1.72195622] 
119 [ 1.95861101 -4.10562166  4.43823466 -1.25558575  0.41086549 -4.07111453] [-19.35023844  -2.51056231  -1.77115215  14.32133583  -1.65496176
  -8.10367968] 
120 [ 5.9817566  -6.88360669  3.16882628 -2.08029669 -3.50429683 -0.46101059] [ 0.14557029 -8.79693415 -1.05251773  6.76499924  2.84472722  4.83508112] 
121 [ 2.47715037 -2.64707826  1.71543762  1.6609801   4.45198861  4.30970054] [-4.58618767 -1.15191187  0.28911949 -4.52868579  1.39681133 -4.93220717] 
122 [ 2.26982841 -2.62988039  2.29542934  6.56896315  3.27363877  5.71775192] [ 1.98790457  2.74374754  1.06964871 -2.99574049  4.52683036 -3.29114775] 
123 [-7.93436659  3.13743387  3.47046675 -2.42259169  2.21632086 -8.11169762] [-9.87453308  0.97943202 -0.07587484  1.7192319   3.5623333   0.2847815 ] 
124 [-2.14819526  4.38581656  1.25825578 -0.27384877  1.64700117  0.94493322] [ 0.10762892 -2.65499286  1.57642028 -3.01924468 -4.8408781   4.51741789] 
125 [  8.62363925 -15.54327885 -16.22024677   0.14593029   7.32243695
   0.29435008] [-3.7823587   0.19059925  6.91293555  2.51691512  1.94004471 10.99915288] 
126 [ 6.02906618  2.96335477 -2.19200602  1.03978567  3.33205044  6.95499767] [ 0.9563317   7.99274595  2.62589345  3.00097657  3.53604554 -1.18373983] 
127 [ 2.30883732  0.47234839  0.7130147   2.41960289  2.93055808 -1.7392331 ] [-1.03213939  1.85308683  1.37558111  1.4241289   4.61067442  0.07041453] 
128 [ 1.71420503  6.80149566 -3.58408663  4.98000044  6.59371041 -1.83314323] [ 4.5623554   8.63425312 -1.39411572 -6.44943534  8.11234394  3.19009876] 
129 [-0.21687402 -1.04584879  0.54385619  1.2360241  -0.50806598  1.9768049 ] [ 0.59943643  1.64972889 -0.19614815  1.68002964  4.84834142  4.83758948] 
130 [ 0.89640475  6.30272964 -1.31175077  4.46982567  4.21411851  5.38977799] [ -1.14123659 -15.91410691  -9.70688422  10.17713906   4.64397328
  -5.02042401] 
131 [-3.38437587 -0.44111319  0.96046468  2.92093941 -3.45001251  4.6338539 ] [10.22730878 -4.13662521  1.37807948  2.5434193  -0.49820657 -0.07716598] 
132 [-2.67613567 -0.7182401   3.58859603 -5.13172141 -2.18815812  1.3132554 ] [-7.68403219  6.2429663  -7.14469239 -3.13744924 -5.85549813  0.00882778] 
133 [ 0.25458876  1.26804284  1.03885082  0.3835909  -0.99636168  0.01752328] [-0.49139958  1.37400553  1.54575779  0.13111146 -0.11323878  0.03091209] 
134 [-0.20368322  1.38714002  2.32508014 -2.30867668 -0.36893069  1.24669429] [-2.62250322  2.91962624  1.31211777  0.15837894  3.02345765  1.60649132] 
135 [ 0.23215107  0.59109744  0.13898755 -0.27324937  0.7423865   1.29867562] [ 1.10663164  0.52378038 -0.04102752 -0.29942102  1.45837534  0.03341732] 
136 [ 8.63734202 12.94734478 -2.49584334  1.35390957  0.73531639  7.40427206] [ 8.39989701 11.22224616  1.61448135  7.7035184   1.6689369  -0.29750871] 
137 [-5.03718484 -4.29936833  2.22729849  4.23295499  5.82368659  0.41502361] [ 1.60373367 -3.52590843  8.4279541   8.05935503 -0.46777681  0.73156907] 
138 [1.08609977 0.65796097 0.46201477 0.20803126 0.44701478 0.36942182] [0.53774324 0.71771132 0.63679222 0.36706452 0.18410976 0.74554594] 
139 [ 2.22643845 -3.3641231   2.81148753 -0.11188086 -6.21756751 -0.61632966] [-21.35417801  -1.19974063   0.99880043  -1.68790767 -12.24436046
  -0.02402376] 
140 [-2.06664939  4.38742952  6.68357922 10.94862466 17.02722889 12.38857173] [-11.11001217 -13.02508703  -8.11937765  -6.53144795 -11.23740359
  -6.1162378 ] 
141 [ 0.9657106   4.59857842 -1.56186442  7.34233769 -5.73148809 -6.19025163] [-48.66716767   1.4418591    8.43233298  -7.94264645   0.5612449
  -0.74848418] 
142 [-1.54148917 -0.44134835  2.87648473  2.31454738  0.63267074 -1.03086217] [-1.50492444  0.93238495  0.18450521  1.79358203 -0.18199836  1.46465352] 
143 [ 0.33594936 -0.2666515   1.05551457  1.66471878  0.07571725 -0.50693027] [ 1.51990425 -0.73642904  2.14477841  1.43973947  1.3368452  -0.23455945] 
144 [-1.25547693 -2.82049376 -1.45816935 11.00497573  2.85843705  1.12755534] [-13.69389405  11.09054059 -15.62381921  -1.03189049   1.0709201
   2.02057973] 
145 [-4.50218106  2.47989549  3.80993899 -4.73439201 -2.35651051  0.73390848] [20.59843446 -5.97782423  5.86313783 -4.8714797   3.24472783 -2.92445998] 
146 [ 6.02045914 -0.63189547  3.70115277  7.21672954 -0.99587733  3.27853056] [-0.88855826 -3.50325184  4.53501157 -6.07126433  3.27518493  0.10632173] 
147 [ -5.33910935  -9.07269592  -5.87274504 -17.42219917  -4.96879891
   3.56258224] [19.04803855  5.7233343   1.06885951 -2.61487782  0.72422855  5.75087723] 
148 [ 0.26931172  2.66231888 -0.70373158 -4.93057193 -5.21488032 -0.90370727] [-12.90321289   1.71265269   1.54202657  12.55305121  -3.01119267
 -15.7475759 ] 
149 [ 0.12122707 -2.53502985  5.58316304  0.1484391   0.15124142  0.64400253] [ 0.86506245  4.57198588  3.42769194 11.60308638  3.98175043 -9.48069875] 
150 [1.17059421 1.17746954 0.67713849 0.15250094 0.80312014 0.50236481] [ 0.72965515  0.77702071 -0.14133264  0.66741051  0.54355754  0.6058949 ] 
151 [ 4.64890398  8.03782287 11.05825361  4.35760913  6.02946903  2.99523806] [  2.54327711   3.47775341 -10.88324402   4.97118876   6.30908509
   0.63641748] 
152 [-2.02487653  0.79739184 -4.7604449   3.15225586  0.5327274  -0.15713232] [ 5.41481221  1.26333211  3.32614593  6.51992101 -1.75083585  5.04044299] 
153 [ 5.2673935  -5.09045394 -4.15688972 -5.79915674 -3.04299598 -1.94601713] [17.25945782 -5.51959319 15.6066502   4.81991987  4.6647382   3.59425083] 
154 [ 0.2333371   0.69091085  0.93794896 -0.01269477  0.30228001  1.45569558] [ 0.98682143  0.18552691  0.29514507  1.38959869  0.09243555 -0.15439698] 
155 [ 0.2306692   0.98323582  0.06076106 -0.54585212  1.15665077  1.10295086] [ 1.09930113  0.30006052 -0.35849121  1.53109833  0.09213864 -0.18740991] 
156 [10.41447789 10.61308154  5.58449218  7.81421863  5.58523829 -3.92453781] [ 12.82031883  -8.45882523   4.97751433   2.88613039 -15.40094139
   0.40986724] 
157 [-2.20464697  5.22618655  4.43049169  1.41035424 -9.5302283   3.37337267] [ -9.85692541  -4.54527162  -3.28059719  -3.70569579 -10.97219279
   7.28242288] 
158 [ 2.04201591 -1.14845914  1.57738823 -0.36478251  1.80831273  0.41476632] [ 1.06583128  1.27085655  1.80725034 -0.56594337  1.44052122  0.31046028] 
159 [ 2.01516616  3.48217889  2.62098981  3.71825098 -2.02880993  2.80463166] [ 0.6954874   3.26574621  1.86254256 -1.38988838 -3.03724099  1.66266472] 
160 [0.96647203 0.07046784 0.90791661 0.70765609 0.19670975 0.27595943] [ 0.43947632  0.25012897  0.69189316  0.57124316  0.30834381 -0.09577676] 
161 [0.20060551 0.4503949  0.713798   0.30758058 0.15661904 0.49863903] [-0.52927351  1.30984928  0.20479181 -1.6985678  -0.04589414 -0.05219105] 
162 [ 0.30465532 -1.29914298 -2.47045469  2.56395523  2.87988705 -0.04776242] [ 2.07618603  3.17748959 -7.77022153 -0.17600926  3.39561068 17.53077751] 
163 [0.24554051 1.26904478 0.03066862 1.64606743 0.63506558 0.04442749] [ 1.11408904  1.20679717  0.08352955  0.11040639 -0.05408778 -0.14033194] 
164 [-3.31513392  6.24813786 -7.60658422 -6.1941456  -1.25893239 -0.29404504] [ 3.37265727  7.70027105 -1.80268393  6.76189109  7.03221056 -1.95088243] 
165 [1.16896439 0.85109477 0.1448479  0.3668059  0.57616242 0.42380069] [0.78648166 0.4186054  0.64974079 1.04709571 0.22223602 1.01019494] 
166 [-4.21941381  2.95115113  2.54791332  7.34965191  1.53916383  1.323074  ] [ 4.0329956   7.870461   -2.80396268  1.41768851  3.38202892  1.31081946] 
167 [ 3.15653523 -8.29902769 -7.50320742 -2.15919883  0.99803446 -0.22386536] [-8.64686264  9.38675112  0.67511011  9.21513132  5.53880554  1.51915021] 
168 [ 0.59590901  7.91112753  2.78788351 -1.9384547  -0.31150004 -1.74498962] [-1.54183957 -0.54388429 -0.12433545  1.44962344 -2.74067205 -3.30451361] 
169 [ 2.2619352  -0.52318775  0.90240983  0.5430763   0.48764602  0.64426054] [ 0.50826701  1.56814129  1.27898783  0.2234881   1.41855968 -0.1069045 ] 
170 [ 0.24355697  0.72084311  0.48881395 -0.01691431  1.27856485  0.24283062] [1.07319052e+00 2.23137811e-01 1.36701114e+00 5.24663489e-02
 6.10012660e-02 1.19831262e-03] 
171 [ 0.18901707  0.39888284  0.66641051  0.76927446 -0.19297913 -1.56599578] [-0.57844704 -0.33922671  1.34748585 -0.13425396  1.82991504 -0.04303955] 
172 [ 1.15649987 -1.63947884 -3.17908737  7.5054941  -2.16211957 -1.03625621] [-12.73611058  -3.41824608   1.6651161   10.2863326  -13.12674097
  13.7845534 ] 
173 [ 2.71996313 -4.94084654  3.39981794 -6.88771606 -1.63491582 -1.64921292] [-9.40419413  2.64132144  3.02132515 11.2346074   4.51215678 -1.70303994] 
174 [ 1.44521581  2.7693248   4.71811909 -7.30659444 -8.47102384 -0.277253  ] [-6.09204334 -4.12706579 -7.67270732  9.75790858 11.22802777 -5.28324045] 
175 [ 1.52739657  0.40135752 -0.56721379  0.06073362 -0.88627235  2.29211784] [ 1.51861131  2.20423164 -0.51858128 -0.82960349  1.85145647  0.25536569] 
176 [ 1.45852728  0.86954893  0.6646006  -0.19769534  0.60943033  0.55867905] [ 0.06470875  0.51800865  1.54783198 -0.29515888 -0.22958164 -0.15472704] 
177 [0.93394824 0.17012968 0.69662027 0.94938189 0.69913266 1.05757005] [0.05334156 0.67557464 1.05450929 0.42581421 0.67672025 0.44251554] 
178 [3.47885341 0.33336564 2.21914054 3.1581739  3.58850668 0.96585696] [ 1.39812934  0.72266459 -5.53101416 -3.13778849  0.1010765   2.0238742 ] 
179 [16.82583059  3.71901066 10.13000816  5.07315623  3.95850542 -4.34595243] [10.17271713 20.31541229 13.39621682 -6.4321304  -6.44341111 -2.72209439] 
180 [ 3.85142081 -5.72517284 -2.15583202  2.62577844 -1.19683127 -1.70958869] [ 1.4623557   0.26009719  2.15556574  1.35176466  1.71232927 -3.30882775] 
181 [ 2.30659848  2.7071201  -0.08447658  0.5539305   0.91354535  1.67658888] [-1.03962705  1.81806736  2.60470777  0.16936995  1.55873535 -3.22583503] 
182 [ 3.1071966   0.97413691  1.32225061 -0.14270452  2.36091157  3.40609617] [-1.56938069  8.40248897 -4.20886142 -2.36409987 -3.39057109 -0.18378515] 
183 [0.71266618 7.79215333 0.42495514 1.99939026 3.60143549 1.84241815] [  3.4726019    2.71764599 -10.43767903  -3.13707806  -1.51599217
  -1.75256216] 
184 [ 1.08003421  0.02724169  0.72013194  0.57666484  0.46510042 -0.61205066] [-1.37043328 -0.20599547  2.93544301  0.56631967  0.293268   -0.12575804] 
185 [16.42858148 11.1198948  10.27074243 -1.18428943  2.9974109  -2.51336354] [-11.22715969  -1.44644436  20.89819333  -2.95507448  -0.86790249
   7.69864917] 
186 [ 2.52849257 12.46816891 -0.26599174  3.62743354  2.5682115   3.38506297] [-9.82807368  0.75721471 -8.09407669  0.21706684  0.07177478 -1.68378785] 
187 [ 0.87240173  0.05007509  0.88177468 -0.36240579  0.1758685   0.42107289] [ 1.86444624 -0.28145843  0.80800314 -0.47240245  0.09870492  0.14037781] 
188 [-0.06525891  6.52349604  0.79409459  3.29053484  1.93311846 -3.25921698] [13.48669317  1.16531227  0.71848409 -5.12664996  6.69437924  0.16246669] 
189 [-2.24737689 -3.60257617 -1.01014463  0.10870691  1.54287191 -0.5500746 ] [ 1.10417434  4.71976826 -1.96397391  6.48100563  1.78458879 -1.7485834 ] 
190 [3.14293486 0.92921715 1.09174174 0.79819502 1.44563291 3.73211968] [-0.20780539 -2.81527094  5.56671515 -1.6628409   1.43925456  2.80800189] 
191 [ 0.2111541   1.64097426 -0.56825971  1.45880164  4.6598348   1.77940769] [-2.11615676  1.61341765  0.09986057  1.47946463  1.3712935   0.19562084] 
192 [ 0.16598408 -1.99442819 -7.01176223 -2.49661909 -9.47097095 -3.61356362] [-0.49903538 -4.49906613  1.81096308  9.69143793  1.67562382  4.94401898] 
193 [  2.27512657 -12.46204108   5.48476032   1.74332774   6.50093785
   2.59702707] [-6.90119809  6.05847208 -3.61033622  4.94052616  6.33182857  4.61935058] 
194 [-0.18588947  8.60739301 -4.078586   -1.22017189  0.70388517  0.33146692] [-6.65444877  4.99015214 -0.30411002  8.13979352 -6.37553002 -7.83397607] 
195 [-0.2383276   0.95375237 -0.00432275  0.43045422  1.02600016  0.61982053] [-1.08698735  1.4579773   0.12008091 -0.18441726  0.0995249   0.19069871] 
196 [ 0.61115178 -9.95004569  9.64955972 -0.08428863  1.86708769  6.72804843] [-1.90727956  8.34230497  0.84545139 -2.79392792 -6.13449337 -7.89068394] 
197 [ 0.73935823  1.04913122 -1.57976332  1.02545103  1.86900845  1.81336428] [-0.05698155 -1.44299849 -1.14438488  1.70561803 -0.18972446  0.21390618] 
198 [ 0.58080752 -0.61497185  2.23461793  2.95743233  0.81984671 -0.50341865] [ 4.73342245  3.27460374  0.99935786 -1.45467055 -2.87814044 -4.89790451] 
199 [-1.1935547  -0.17735785 -2.33197012 -1.05744859 -6.52501744 -4.26051322] [-5.17547149 11.5459047   6.82647822  5.01502387 10.58411152  2.80693502] 
