0 0.03451718496074872 0.03795377766278841 
1 0.04866658594070971 0.0012667212205514887 
2 0.0017094286066936352 0.04849247669269748 
3 0.0028244523068554923 0.034950018235523794 
4 0.0818794191150296 0.007995944216005291 
5 0.0034334922104756163 0.0021666333248030263 
6 0.05864127938255104 0.007390678407016859 
7 0.02539726038497694 0.03806608800175717 
8 0.15017049364348642 0.0011276501641588462 
9 0.21068523770142905 0.003837519830276629 
10 0.005081054130351614 0.18039954761707866 
11 0.07259244575985618 0.07602165230677793 
12 0.023765797341883253 0.010780883199307497 
13 0.004892545520173184 0.08341200001548925 
14 0.11909287484469858 0.020951447658841743 
15 0.016054307130420553 0.0017445341450030084 
16 0.13451859155652568 0.038353588367439406 
17 0.018569499166022796 0.0375416009220196 
18 0.07297448540300969 0.04581202342310658 
19 0.013014001873925587 0.00346687946257717 
20 0.21431215555605254 0.1602118521958507 
21 0.00153646464724662 0.02297101989103747 
22 0.1810376167781222 0.014940009244743209 
23 0.004190944013688836 1.0163823020796788e-06 
24 0.0006692955224206181 0.004397160884452547 
25 0.07737828700493427 0.004791285329873776 
26 0.07921301668275066 0.1771118125954056 
27 0.0024967203622851745 0.017979152798124395 
28 0.0012145258579181896 0.1540891787075332 
29 0.0022624023064742624 0.0029387875680691685 
30 0.05018624187586976 0.0019630115047884304 
31 0.00019563046802492727 0.017040998306846054 
32 0.17499162105927313 0.000417988242637842 
33 0.059991929126814586 0.029616886186592757 
34 0.03581721721807013 0.016343094251386726 
35 0.12754398380707485 0.004069693071112937 
36 0.011580394502187038 0.0182776166211006 
37 0.25438796385466245 0.0015458785719963473 
38 0.027077160528142345 0.19698824204250212 
39 0.0006714196384878141 0.005228675379598708 
40 0.030809109483763426 0.004347908125457209 
41 0.01395580226838827 0.0009726903745460823 
42 0.040573333663321706 0.0009780226760150701 
43 0.13523875724669346 0.00047573287373587573 
44 0.005219523005313043 0.0015388569217298172 
45 0.004003663992519349 0.13152972980256375 
46 0.04931566747248913 0.1760971565007817 
47 0.007504802406305635 0.0019023665561333197 
48 0.0010513047336108512 0.008902001224199338 
49 0.10768428634069419 0.005805547096871685 
50 0.00223958312281846 0.09810956704937403 
51 0.12342551966096402 0.007966680834514458 
52 0.07688717525146044 0.004894834909975323 
53 0.007478902975335506 0.0001344031449726934 
54 0.05378412184883027 1.8756063821041132e-05 
55 0.001721976924374083 0.0033309156387914445 
56 0.04854609927855719 0.014454912617785356 
57 0.16820264137011698 0.004352587359062267 
58 0.0002289607493206621 0.016335453628927736 
59 0.004597132912666165 0.3060976936276386 
60 0.14024017431466526 0.018738238984827835 
61 0.000572454907880564 0.019320801539423556 
62 0.26609674958722385 0.005067730667352941 
63 0.18995509699018348 0.0022644899837399434 
64 0.135090218819909 0.004449982054772366 
65 0.15359363757350805 0.0031031627368575026 
66 0.007818516570518004 0.0031967678886937094 
67 0.08492001546813396 6.167386431257591e-05 
68 0.0016726157664047232 0.0017534415334346076 
69 0.14928502148298767 0.006881374653610746 
70 0.14117696043044023 0.0281136552201291 
71 0.017603753124113674 0.0058534855424112854 
72 0.01598153860100486 0.006275809291097341 
73 0.06809872316486743 0.0016505489058690546 
74 1.8395839780739257e-05 0.08300151761959207 
75 0.005672874633678068 0.0863974646361517 
76 0.15068653899996418 0.039162361606878915 
77 0.2937690437120225 0.01790209728470393 
78 0.0007923944238557772 0.028281216829668346 
79 0.013415400954797567 0.01641634973982432 
80 0.09776894286306104 0.05337262458337827 
81 0.0011467162151017867 0.058678603409585715 
82 0.017166159936663223 0.01606684055261347 
83 0.015251437545294323 0.11237817309388942 
84 0.0012088189934353426 0.0003387814319019965 
85 0.014125131923065744 0.0014130376134599708 
86 0.0025984230579629806 0.0032594462000991925 
87 0.11451004458017949 0.008591654124561168 
88 0.0013786098815388608 0.001276737985723633 
89 0.005030015379214394 0.07411392970615344 
90 0.021201353191927497 0.008907362693839594 
91 0.006462718519164031 0.009300241917828822 
92 0.21283102744223598 4.956166222854684e-06 
93 0.04031387161390223 0.0021184997929919224 
94 0.1140842898585989 0.21561562286953498 
95 0.002843418317014929 0.013932929264108471 
96 0.020002265242044213 0.0010255456818817096 
97 0.03780107889536738 0.007694166993252267 
98 0.0020661571994686806 0.006053686727946302 
99 0.00924632486554386 0.007827167212452432 
100 0.11119956709065917 0.08066841170572384 
101 0.026433006035071045 0.027432317948002966 
102 0.04756631767643579 0.004319968425151673 
103 0.0022421879866081863 0.005247152763970358 
104 0.09112740013374213 0.001063406535940256 
105 0.0019639796692378095 0.0009291606709114533 
106 0.14381851346999924 0.003955654644794946 
107 0.012433607957482964 0.20733065045075277 
108 0.02424900517321008 0.03432847188409749 
109 0.026285531045679114 0.02362285042367198 
110 0.11622762348321332 0.0032406780562605083 
111 0.11701698477075613 0.00636982394752172 
112 0.1429764198049847 0.03448898982496082 
113 0.050744070459241154 0.025279727417450708 
114 0.10600353785297796 0.010327786915946094 
115 0.0054790357076894905 0.3111380893310388 
116 0.06706642064470004 0.1997292836795909 
117 0.018079383620176824 0.15509494967796733 
118 0.18742622194422492 0.06996599262635232 
119 0.0062409784115521096 0.005018291374974489 
120 0.011695675426866114 0.0038139427578076945 
121 0.23261883261109947 0.04807555233271946 
122 0.168461813003485 0.009514208877747449 
123 0.0006496513658355032 0.0017011790188631477 
124 0.044573274898360174 0.07153336910959082 
125 0.0007560962699234047 0.0015559103162111896 
126 0.006280104299352558 0.0017709613322932135 
127 0.043087015775089624 0.0005919362612704516 
128 0.18523471809758643 0.0005813357455093159 
129 0.20887275866649604 0.0009335275288993333 
130 0.025422233066960124 0.019740705604307157 
131 0.01341734334180725 0.21117953033396455 
132 0.020752422818820993 0.11369545891745216 
133 0.07653585854123506 0.0023200435777590593 
134 0.2298660639022921 0.00043785470180500257 
135 0.07696531067610503 0.006626567881031253 
136 0.14285437508616464 0.02658292880411582 
137 0.019245640419498916 0.003272691725699337 
138 0.014253773838785164 0.00029844636303843846 
139 0.0014516617642799298 0.0015707269626807734 
140 0.2005149738278553 0.004653650075567128 
141 0.14782620543737732 0.007621807387187248 
142 0.23526344767990895 0.003052028827996765 
143 0.18185764092808082 0.002840334324548741 
144 0.002031566488847055 0.0016839075051403626 
145 0.043542160535213606 0.02471498688096529 
146 0.02219244208421972 0.00021228691018472631 
147 0.004747442392617791 0.02111767540875684 
148 0.05484760450846467 0.0028314909713593062 
149 0.04841314257352994 0.0011485149582027175 
150 0.0022812871049490936 0.002109361828673555 
151 0.011904503568349403 0.016139795089177823 
152 0.13947826707296282 0.0030674787367685084 
153 0.02262189563085715 0.020606914316712324 
154 0.08414766324274503 0.003996492521527754 
155 0.10805243539156846 0.13946001188213547 
156 0.12108342555421742 0.10378353629933093 
157 0.004313768933547979 0.000672632709927999 
158 0.10672950256667246 0.00558008199067919 
159 0.0008183359814334465 0.0014292263349076867 
160 0.018067022093373106 0.016525714591223012 
161 0.13748059327328097 0.14515962568613874 
162 0.0002889144729287124 0.00035265555467519445 
163 0.03489054362675169 0.1441872303069004 
164 0.08054236628899603 0.017215985817499866 
165 0.008787017197958888 0.00934747477697937 
166 0.0020726278293657016 0.05183055573994706 
167 0.00033570203945913236 0.00220204132786764 
168 0.16573078996429388 0.002151571369389858 
169 0.1834903830984023 0.11536366716522686 
170 0.06337840392819942 0.0019231943295685374 
171 0.27728317654356616 0.005619724874204056 
172 0.003579439225648003 0.07349499151657697 
173 0.01599464274107859 0.0030355140507567664 
174 0.017391671871081982 0.0523450372341312 
175 0.2544426232046812 0.0004821048324307492 
176 0.04572007578835076 0.001289453265074441 
177 0.010085418674079704 0.008881164678245929 
178 0.022696158552715846 0.008217198400893603 
179 0.03880717895893026 0.14578295530057148 
180 0.01214537729195889 0.002782244212199979 
181 0.13496081421757816 0.10497546515187484 
182 0.004595483265928766 0.03093051814205821 
183 0.0037015409814050394 7.33738223669247e-05 
184 0.005358516304560668 0.004019015566290815 
185 0.0011687608257182635 0.07408880211338228 
186 0.14571355844895706 0.03585445382583519 
187 0.006570016067301544 0.006400138413900301 
188 0.008987573222622088 0.03131693882481632 
189 0.016932003133660733 0.03566361462359665 
190 0.012272029835030092 0.00797614155458804 
191 0.22002988292443473 0.0040566545503069994 
192 0.11988189617430281 0.0636716997331688 
193 0.0703804315903482 0.032340158106993484 
194 0.056695847865711725 0.0322204508916879 
195 0.03823948601038487 0.0005626892428441133 
196 0.00039281596469677675 0.0021718967821283985 
197 0.0834655174642677 0.007580255826535317 
198 0.23086542644372993 0.2001233094793987 
199 0.01774660594770342 0.002039504053359486 
