0 -5.6673976484975235 -3.41132924331443 
1 -2.7020135221079205 1.3377547271083459 
2 -4.625003008773125 -3.5735615401937006 
3 -1.7775819537556041 -0.5545285750022383 
4 -5.840969301435081 0.8710308720709237 
5 -2.1389358453367175 -0.07290217340119771 
6 -5.519308614364611 -2.4019314810480585 
7 -1.8098741355253032 -5.638819350841197 
8 -5.516577336387529 -2.7370188264145963 
9 -6.336246602943119 -0.36760401800311576 
10 1.5999405075512714 -6.4686792364041175 
11 -5.726360121843113 -4.841925422211097 
12 -4.432709527114735 -2.550418125023156 
13 -1.6859235090207427 -3.975784883711133 
14 -6.291539096208447 -2.113530089839886 
15 -2.7125572712106005 -0.11891659872538626 
16 -6.083980510627736 -0.35396171823188466 
17 -2.3251300159448203 -2.9761699981915934 
18 -2.1153355240388545 -5.2998783469286455 
19 -5.462215574595832 -0.7666770495338217 
20 -6.635109707404452 -6.249590232425943 
21 0.48890647066583404 -1.8263033422772117 
22 -5.216041254698711 -1.354335431158474 
23 0.935429397476593 -1.9041158522234916 
24 -0.4930158633790741 -0.1949613543612534 
25 -5.759970967358592 -3.9848617819817567 
26 -4.505245396983255 -5.138457665906159 
27 0.2556034902378576 -1.1901773966640092 
28 -3.1468626812001994 -6.012640515737377 
29 10.967205042182963 0.6680703545232707 
30 -2.812704652377839 0.2165577666066956 
31 -2.455871270545849 3.436044548414557 
32 -6.282849705064697 -1.9423228861870927 
33 -5.665986657632157 -3.3381646389299733 
34 -2.256898102552171 -1.0267880402635938 
35 -6.201757084871661 0.6351149631276517 
36 -1.3734572356197747 -0.12676255687486798 
37 -6.455906151049729 1.6318159116435311 
38 -5.2714984413424055 -6.525926393781384 
39 -0.1352375383570175 1.1416697359201555 
40 -5.375691978480094 -2.3057302984306034 
41 -4.856211471645384 0.8588014449588371 
42 -5.694428966987211 0.3784288766797704 
43 -6.276776872827072 -1.530457294525654 
44 -3.4984100650380054 -2.3264254212625666 
45 -1.9561888804990355 -6.212207193673752 
46 -5.701207797511344 -6.217463420105979 
47 2.040687968167247 -1.2714215797186414 
48 -1.056330136373695 -0.8722882967998998 
49 -4.552234955724933 -1.882123352404714 
50 -1.3748416962662742 -5.687631923282654 
51 -5.39590048910843 0.06411085232642341 
52 -5.3840823417316805 -0.0538186115216326 
53 -0.5279379379148468 -3.9151786195255895 
54 -5.824952958217772 -3.3924579773880787 
55 -1.2747407359898004 -1.2934574291844134 
56 -4.50353113725019 -1.4869613316493375 
57 -6.36001804463792 -0.1450302682203762 
58 -1.313197144200175 -1.6553574237072157 
59 0.7995501497301959 -7.0468433400973405 
60 -4.79325916626756 -0.9243888063521379 
61 -1.0498021443722698 -0.9260956134616103 
62 -6.865946863997375 -1.6439160892105291 
63 -5.482763397995648 -3.9530742266423964 
64 -6.059818778257769 -0.5725627470930188 
65 -6.047818577349083 0.5046029451057611 
66 -1.5995917470863488 -0.15653855924974042 
67 -5.978350947099433 -0.027508995469859354 
68 -3.9522139424468743 -3.948104914785343 
69 -6.3498541486830575 -1.1082596250036192 
70 -6.224956196687223 -2.7279293867246674 
71 -4.2772692527025225 -0.161747492515732 
72 -1.849098117531951 -0.8501652969529125 
73 -0.9285702893683707 -1.6755883668352471 
74 0.21370972510532413 -6.090433950509298 
75 1.0304057725381572 -5.541211111680646 
76 -6.189579819084772 -2.2432427993251696 
77 -6.9747581590307215 -2.9262339718405275 
78 0.5747302502357162 -0.1638220589634169 
79 -1.705559791451767 -1.6676339471145083 
80 -5.057360237460407 -1.87987014379528 
81 -4.1363520649896195 -4.191882616032529 
82 -1.3832996268923912 -1.3796247571302556 
83 -0.31924821415093074 -5.3333478844510225 
84 1.6890580961307926 2.182529489309736 
85 -0.1078046892899113 -3.249644518433297 
86 -1.4322844863496718 -1.4278440782353534 
87 -5.991030754551859 -0.24450830716115 
88 -1.2213893842701413 -0.1029732992475368 
89 -5.043835235178455 -3.8396351826754405 
90 -0.8982274117083481 -2.7361754697813345 
91 -0.05129515447971362 -2.349941155839634 
92 -6.40992932743062 -1.7607185803293088 
93 -3.3615218887790617 -2.4373379466872858 
94 -5.300771117886773 -6.623066417840984 
95 -1.6821459242841041 -1.478617734566802 
96 -2.2559203460992863 0.009395879858586026 
97 -5.2923244857959375 -0.31892642956472644 
98 0.164108972233638 -0.4408986346479993 
99 -1.4678007942795686 -1.471613624666292 
100 -5.853402334216122 -3.956846672439273 
101 -1.6742254118301017 -1.6641445412915337 
102 -3.5302058407430725 -0.3466544904533966 
103 -5.3436329403578755 -1.0078909606504205 
104 -5.76132763626604 -1.8789374140147654 
105 -2.085297131318908 -1.1287431185638288 
106 -5.809655915488914 -0.20494504438520406 
107 -0.6487731649344094 -6.425491136048592 
108 -4.141775131499804 -3.992359655120796 
109 -5.50825594836901 -3.8641555301441417 
110 -5.81292399708198 -2.1217952215478646 
111 -6.169553037043997 0.0893698277459754 
112 -6.228052040434176 -4.223121133696566 
113 -5.858691213568218 -5.418554899648215 
114 -5.772831393461263 -1.4823380318754542 
115 1.1913191296698058 -6.960581126101141 
116 -5.583944942433594 -5.840022162891723 
117 1.3789314766766048 -4.308059197660899 
118 -6.316071105448143 -4.792742244283105 
119 -4.981642555814877 -0.10150121644803609 
120 -0.7935890509680503 0.12549414833407846 
121 -6.361777302244979 -3.3430566520215383 
122 -6.279496206202252 -1.0342551586897257 
123 1.8245015568667755 -1.6855378871235587 
124 -5.509919561864224 -5.810870939284902 
125 -1.3489631935575614 2.9434212368602313 
126 -1.624675090026284 1.3049379024964065 
127 -5.96711470503239 -0.04094584648756421 
128 -6.047451577986483 -3.997376624330876 
129 -6.364787510477566 -0.3049133131057818 
130 -1.562566167535859 -4.003893895391265 
131 0.3728574667100883 -6.567582058637219 
132 -2.1622649369693265 -6.148132070160383 
133 -5.552398918123381 0.11174404277412477 
134 -6.5611260314899935 -1.6546367489769762 
135 -5.718736908069452 -0.7849250577344874 
136 -5.698862661727332 -4.320430483232286 
137 0.6461293730515913 -1.5442898963886913 
138 -1.3725461497570666 0.9793108258309484 
139 -1.665605237461255 0.25941420559824924 
140 -6.481525955243612 -2.2678627407074283 
141 -5.503371536229481 -0.7183691549779412 
142 -6.437356168357909 0.09116452594799468 
143 -5.962414031417242 0.8853652243049842 
144 1.280038478467341 0.32337698256676367 
145 -4.89992296306204 -4.5332024498531345 
146 -4.637477373835396 -2.6010482398797135 
147 0.17770715107318708 -2.3106075415569944 
148 -4.555179753711975 0.5776388397288603 
149 -3.384321984014789 -0.3031022104882335 
150 -1.8203752514485019 -1.771507712229709 
151 0.14640451798019807 -3.038084412441769 
152 -6.131129058465885 -0.891878940391178 
153 -3.019305404941667 -4.467874801354825 
154 -5.879564119348712 0.29128452193992355 
155 -5.852475764819673 -4.616889027817089 
156 -6.098305238088832 -5.807103530591743 
157 -2.438969253256793 -0.7987198879086703 
158 -5.462094822211845 0.7224057268404193 
159 -3.3051521191309585 -0.6548202777989536 
160 -1.04183812122781 -1.0372966333801885 
161 -6.297866617069962 -6.2320435356603125 
162 -2.0101160213675806 3.3923254321273055 
163 -5.306177964861516 -6.157571168598845 
164 -3.593662179765214 -1.2906910031027001 
165 -1.7856021568118232 -1.7806034750108124 
166 -4.447114391680215 -5.6345819237816785 
167 -1.9131531639666823 1.7752576303928207 
168 -6.01922397865082 -0.6910184332667129 
169 -6.49207753834713 -6.130636674354293 
170 -5.590412783795479 -1.8440709294172637 
171 -6.8777177976246 0.8432798028211098 
172 -0.3503766871391394 -3.75044821887457 
173 -5.454414568238705 -0.4439047977476948 
174 -2.2723692606942567 -3.7700660809766076 
175 -6.406572503304791 -1.0231212790923272 
176 -5.588496793218595 8.999738820586195 
177 -1.331036495568766 -1.1904871516231375 
178 -2.27934826811066 -3.425742820962827 
179 -4.443056178241319 -6.305614878863812 
180 -5.231700556010269 -3.8412380824262553 
181 -6.26508263188553 -5.616005617223891 
182 -4.07997877954325 -2.1370578580752335 
183 -0.9855016353197549 -1.4452528928382282 
184 -3.6552607180410823 0.41960380401839537 
185 2.233927781284094 -5.749787737503685 
186 -5.152544449888906 -3.438175762601205 
187 -3.4654992898601007 -3.4811783128046216 
188 -0.4265222095740616 -4.563698231453162 
189 -5.396946318030692 -3.6118371165106153 
190 -2.924133775112397 -1.2217318796424916 
191 -6.420775096761598 -4.893302340943528 
192 -5.882080236105236 -5.336165611579136 
193 -3.1263526304065192 -1.1566987039952543 
194 -3.2832145054963315 -2.0571154423881306 
195 -5.4124110130085255 -0.19039475441570985 
196 0.5225292544046851 3.493599258549224 
197 -5.6965752588349785 -0.36436287741462653 
198 -6.447301547245496 -6.464277229557214 
199 -0.5233587964605638 -1.40765860293813 
