0 -5.567116676521768 -5.552703632706421 -5.299968110099045 -6.026844981828609 -6.134872599903384 -5.825865193123219 -6.100328261048554 -6.505489207462394 -5.6531285717951265 -5.735287088862846 -6.462355234277412 -6.583571424720919 -5.9730548836225745 -6.7684403288296915 -6.188953827912526 -2.8098561116457836 -4.12473944032566 -4.696060419492146 -6.088818663213205 -1.896520039028953 
1 -6.340327501815416 -6.250426531989984 -6.2494324290836945 -5.816769229357139 -6.57485843959368 -6.622467445478972 -6.920505493657631 -6.417368636402011 -5.915652313137538 -6.639520516556282 -6.557501999226955 -6.062991351230907 -6.478867597321636 -6.515785706278357 -4.603245159896398 -5.766789194230851 -3.284898133615034 3.1898174618599238 -0.9516866476636299 -3.429329000540998 
2 -3.665823922207603 -5.105913561187349 -4.000774348995498 -4.6853644478271175 -5.972577564371561 -5.457653117744492 -6.253844225462386 -6.0914598889051 -6.356112885122565 -5.910547169964158 -6.035686975541804 -6.561934324439404 -5.484179565383118 -5.1982280577260225 -5.9536165031261055 -4.957218722216212 -3.2395633360719738 0.031711766145544176 -4.080879944795254 0.6756766623850258 
3 -2.564149156608378 -3.01607513300142 -5.899747686516906 -5.316421343653481 -6.788529604934492 -6.76389968927716 -3.3924064130130476 -5.9984609190340645 -6.195630991341058 -7.146756822003262 -6.725751101940726 -6.464309178413332 -6.400407171532775 -0.24102196049350075 -4.845431972160638 -5.563065710503401 -5.739950486531633 -3.2729320675965266 -0.12912211309638127 -3.399803554334439 
4 -5.784282134929556 -5.760149496796236 -5.776600391236162 -5.758617702624289 -5.9288510524452676 -6.312518977234826 -5.663947721582069 -5.218357095571338 -6.848319927969697 -5.857776393833014 -5.556085931397349 -6.075456452628461 -6.314171205496063 -5.303616105920478 -5.934719641131862 -5.824325670737139 -2.3563454357319675 -1.4760656495429965 -1.0625729403351938 -6.118318845365611 
5 -5.330746528739058 -4.83041653236584 -6.418718793289043 -6.0328521998910425 -6.430355111659157 -6.470686233400471 -6.77569914770456 -6.60439782865719 -6.464638996720073 -6.247145807546941 -6.287107460321104 -6.153760322831342 -6.393123210459944 -6.491331484125434 -6.081417231381303 -6.540118687031465 -1.6061627528705227 0.17421121929650277 -0.027141726863735307 -2.9879550340231082 
6 -4.661977518464812 -5.326713111919208 -5.151225022743367 -5.332519101339967 -6.027558927154475 -6.310226289668767 -4.494038204121142 -6.453260909639054 -6.2812681007948665 -6.498596060385044 -5.9801487758514575 -6.05306646858321 -5.042230477224831 -6.544225300780858 -5.877550737470804 -5.139721618022231 -5.061160645058341 -2.408772793646944 -3.744741061486734 0.12643175488185412 
7 -5.3196389207082095 -5.29434252976062 -5.281479697020311 -5.5660907406578035 -5.564521847188397 -5.948117984804951 -6.147714579019032 -6.463891577157032 -6.7537376391218755 -6.104708774087315 -5.773651848019647 -4.268446320867214 -6.4180342384716145 -5.3917072829870225 -6.182944062850797 -5.479856331304185 -5.867028688460109 -2.843091178594729 -5.835296926117712 -4.040268483622099 
8 -4.702738227777129 -3.787897211740329 -6.115111215614758 -5.964340035021645 -5.436577064046975 -5.776253726630412 -5.163759653391534 -5.674286684683912 -5.675985654644142 -6.344944219690272 -6.055016722646209 -5.6031119232917215 -6.432448872960372 -6.02991469283793 -6.78181260836692 -5.795169770104231 -6.472542839641055 0.18403281803138077 -6.592092311379131 -3.97533394960732 
9 -2.824976858116636 -2.8520943024756216 -5.314596370454808 -5.8412578369614865 -6.559674222197635 -5.80067172842078 -6.110012870722063 -6.116828588506119 -7.006650854612649 -6.396211596904557 -6.57528508445875 -6.170045002075037 -5.53154850904747 -6.122908868926072 -5.1086011465058245 -6.231849567364986 -0.36440012172760045 -5.270965879254653 -2.4737841568623513 -0.20617314401624734 
10 -4.86175215549217 -5.1598596226474305 -5.510338111239747 -5.4993986242907615 -6.011112497503163 -6.660727421147209 -6.184452568103876 -6.08018412090756 -6.658290652461478 -6.846941119457219 -7.085490967564157 -6.914214577371443 -5.749174395335182 -6.9108446094351095 -6.019746840363966 -2.910845884477976 -6.567237659280926 1.3671664854665226 -5.004652773590371 -2.9400374938789504 
11 -5.516885811765354 -5.639708382438511 -5.724551305057206 -5.674916072006731 -3.852476225256179 -5.9437819244902155 -5.845620327003202 -5.988391217800045 -6.129499232465596 -5.498999902848876 -6.540025890314842 -6.47138179310138 -6.3906648945331685 -5.531732272330436 -4.253188197732828 -6.791370067901495 -1.4696738377636478 -5.045227091937635 -0.6747159101429194 -2.120135726439462 
12 -3.9248180551248746 -4.815145680464414 -4.935871236564276 -4.4888857856457856 -5.3235059766940225 -6.1164260296228 -5.471977491442229 -6.796429109499389 -5.523147705120176 -4.552034967737016 -6.274726142047446 -5.517719713341302 -5.603908773977573 -5.927403593019978 -6.453496097025028 -4.946170726659586 -5.800368832567147 -3.1963343045075163 -4.8465490666752 0.6577391949477064 
13 -3.4274835407763034 -3.4357391657514196 -5.65416221991809 -6.06571541899052 -5.651186577682298 -5.770742796677459 -5.678894690689174 -6.966978400217426 -6.427717206608868 -6.065664366534552 -6.129951026783463 -5.492161139949201 -5.6528944991217625 -6.498392865381019 -6.23217312589632 -1.5679394085390108 -0.46487630082373843 -2.4163746175828464 -4.8160662979554605 -1.0249486629659845 
14 -4.974544972744964 -5.023878269326393 -5.835345313813979 -5.60116981408135 -6.255504064122718 -5.742718429020867 -5.473593230887432 -6.12750443074674 -5.927950180568068 -5.939389562914502 -6.709122331829437 -6.666691221295848 -6.321460901079714 -6.86347189943769 -6.485646566231789 -5.220653723479742 0.2243308913664795 -6.066195147150122 0.016922206382463768 -0.30969487871417306 
15 -6.16119161103503 -6.103547830925636 -6.160099498574985 -5.525012738404506 -5.270183234905122 -6.288327541702762 -6.207928649451419 -6.451064908347489 -6.2471426015119045 -6.324624767527554 -6.032254661317391 -7.009222083849576 -6.707936448185222 -6.198144926066056 -6.785536237881626 -4.947318595993877 -5.819249561658705 -0.058192535028026834 -5.013522616468819 0.07526692752472376 
16 -1.4190831179330294 -5.923421538752443 -1.6540630186235101 -6.5009058433530456 -6.421175709500366 -6.7491083946103005 -6.5609945071050095 -5.724487191792053 -6.079591866481274 -5.757699589033757 -5.747014681412916 -2.450292288671719 -6.187912751508916 -5.8828300641040805 -6.447743855712282 -1.2756295199453616 -6.524190414067938 -0.10699927262526011 1.9280669999319795 0.40609690102248497 
17 -2.7882548017810453 -2.8760510815416755 -4.86659598256692 -6.5794843220483 -5.641909557844401 -6.236361531932732 -6.835413851099663 -6.21705065063796 -5.901425934005365 -6.554068964676779 -6.700000713122861 -5.905685854290867 -5.898311241538449 -0.9185757294510114 -5.420845482658431 -0.594619167875855 -1.5467354045538122 -5.808206564027088 -0.04529896365224422 -2.4187185588956974 
18 -3.768771359128318 -3.8051700022056645 -5.987715504275296 -6.030934481736366 -6.024622622716596 -5.710671741165482 -5.9330715827706255 -6.062145923880026 -5.837047419859161 -6.039840127909515 -6.364634578668562 -5.919388120147581 -5.907645842679982 -3.3025159751100994 -6.069181802785138 -5.5663386630867855 -6.061703701800793 -6.326624898507077 -5.584954769930907 -3.2955229645753708 
19 -1.4960498577529227 -1.7330471533798664 -5.837276981690488 -5.940841755528259 -5.389052893213459 -5.654086592561465 -5.877151397267457 -5.807090857568547 -6.216672671680878 -6.124938364268074 -6.741033783271092 -6.38982442208898 -6.505943685325179 -6.346979376175815 -6.464656813449953 -2.1058598929221546 -6.519079627483792 -1.0072070321795248 -3.750128560826693 -0.043594097758902654 
20 -4.140546038528719 -5.438754010769515 -5.450711767754696 -6.472953013514368 -5.272556211521183 -6.435566468822797 -6.278747894156221 -6.011835996905266 -6.394738722060653 -6.077507071951418 -6.019123000782741 -5.191230239393027 -6.396195752843104 -6.73487476712691 -0.19886064167842535 -5.566622412428072 -5.132093384926717 -7.186940790386091 -0.6910444651773929 -2.9360794232010727 
21 -3.6969212372057507 -3.7043316193514646 -6.29858199328905 -6.548872773401291 -6.607480293835478 -6.56072543525899 -6.229332439008909 -6.154173449535655 -6.409076095684122 -6.156063530761665 -5.966681788722343 -6.37117893484652 -6.436334886439962 -6.232083499656046 -6.287553320576072 -1.6798581352954753 -5.63168413678147 -5.264069518547108 -4.775789390695006 0.10381926357565087 
22 -5.273623221217046 -5.4817447424515695 -6.1970525215254 -5.889621545158004 -6.175622212366085 -6.117289584448142 -6.5156260783716125 -6.530316172621309 -6.296396681302919 -6.701524682330407 -4.975635232919696 -6.696173955255303 -6.0275762727255096 -1.0917740579262185 -6.870219555771467 -1.0328906167579222 -6.447153792005163 -5.339971277555599 -0.22012217169080386 -3.3059006510543103 
23 -5.720318823214225 -5.795524332833514 -5.65471270367402 -5.839368620128446 -5.8814494768178385 -5.984935756994432 -5.681368777523807 -6.3773055126942255 -6.5952771855890715 -5.830598273052529 -6.454096192626766 -4.973779395697678 -6.361679603353309 -5.679699417489087 -6.2428390566002445 -6.259256230696477 -3.562474677720433 -5.655602647659813 -2.215853704496013 0.26060373662998276 
24 -5.716196326552225 -5.63583919058663 -5.967076295699206 -5.973312448510519 -5.821237477226706 -4.860045055063853 -5.92427461360352 -1.456627342393029 -5.963119673413778 -6.452916956317322 -6.352219505189437 -6.583919226457567 -6.568927659849307 -4.613857093490244 -5.901136884946449 -5.457616177280271 -5.247268970484008 -5.899953518337858 -0.8711262949129772 -3.733366843550696 
25 -5.981834552245987 -5.9318184034222154 -6.1166422940758265 -6.389938144865844 -6.421344388174988 -6.290359921483431 -6.244370592331961 -6.026227295338576 -6.469501422406502 -6.53846041199582 -6.53516306814197 -5.899505233720646 -5.93306870040025 -5.877832962915036 -5.6090583670750345 -7.126492714747162 -6.252255921894323 -2.206951513984457 -1.4199375577068716 -4.708575415959429 
26 -3.2918499589394643 -6.459575434664124 -5.976499040289717 -6.496777876141521 -1.6269150013918943 -6.449301638489975 -6.108634254847521 -6.0604451431792 -6.08341245894945 -6.067597402585022 -6.172627133548755 -6.06699142363175 -5.682739949457015 -5.684011969752411 -5.659292194459259 -5.902752035960234 -5.935640523974192 -5.810230083113993 -3.775380023508862 -0.31726418110202714 
27 -5.1416994463617245 -5.948688305890611 -6.741436177052738 -6.80189075135798 -6.734959590950534 -6.853929853632105 -6.110947902632985 -6.332457453046561 -6.392838413909553 -6.258113350439043 -5.445052133852742 -5.7924088766359825 -6.700932720356192 -6.094594410281443 -6.233357790707543 -6.187996703511832 -5.151303343214375 -5.477217566348977 0.09279089684947309 0.8505576501952955 
28 -5.61354207797731 -6.046430840720065 -6.01533208521239 -6.509037028503159 -6.032996627709128 -6.496989478155378 -6.397910396170053 -5.516251043856722 -6.076462256828883 -6.392348988593706 -6.603040389166558 -6.62013133199019 -5.493868034034944 -2.994820428756647 -5.9174178056311675 -4.34472280293067 -5.693046063363515 -4.035003235124348 0.7762537502838751 0.31178519725369397 
29 -1.2850779078492247 -4.632077697647071 -4.660209264489131 -6.2329473055189535 -6.18458670336162 -1.8742841883800667 -6.102724489937978 -6.199844739354504 -5.391422479863444 -5.506153221788132 -6.282077500608686 -5.569281335116293 -6.396572073553727 -6.2874886850300875 -6.5276738229346005 -5.682252990550662 -6.100595827582312 1.1563682505510031 -1.059901044972938 -1.8522972957624237 
30 -4.573209833454088 -4.557355581923759 -5.628093126620412 -5.342394616381452 -4.789492976225957 -6.5277556956948635 -6.606746248445368 -6.393046654994461 -6.612871411022519 -6.507163084026432 -6.375976539006829 -6.406464083601964 -5.989703289366375 -5.700975967570555 -0.6082664483845892 -5.057472084236843 -6.152739432633371 -0.43697757597933207 3.1592305146679998 -0.22878701007128519 
31 -5.32897908698322 -5.300324336662146 -5.736494291623325 -5.831304813868695 -5.918035144075314 -5.239457363107163 -6.006040500058057 -6.78806878535139 -5.007677222341826 -6.139457651638751 -5.886730948184375 -5.276298108511322 -6.132740860973412 -5.4737577217057245 -6.648240659238222 -3.071301368443572 -5.818805639857139 0.006077256504789385 -2.2318406210476947 -0.715129988694381 
32 -5.532684672398101 -3.2265052097723035 -5.7287798500176645 -5.50221744923753 -5.6449547585382795 -5.922580275916932 -6.53582154462034 -3.8539236007889848 -6.557424536086907 -5.883779842049678 -6.2851432189483125 -3.073071907103899 -6.598800134246272 -6.553333669821889 -5.890748988068891 -5.032259624255624 2.431018686319891 -5.332805690035438 -6.641732602020256 -3.809408085958339 
33 -5.9829031190365445 -5.33292500004804 -5.951565541752797 -6.060826066885441 -7.304335289119471 -6.7756155013184065 -6.416472303540262 -5.662235428868389 -6.30867204490761 -6.5467893175024665 -6.409989038976444 -6.446845348142458 -5.456704430426554 -5.951323913569463 -5.1761665701939625 -6.570916748103472 0.47843636413735446 -6.485157346638489 -0.30602566827397365 -6.026259833230322 
34 -5.59710847307788 -5.673147610662136 -5.552687931457816 -6.337702332426264 -5.967273782405188 -6.428122857292236 -6.312737441262762 -6.163233902536342 -5.737984131034613 -6.445766804304563 -6.480592804317375 -5.832846912729796 -6.203256725916353 -5.968507439832118 -5.983119631496733 -6.114420485214158 -4.5168344252037755 -0.5664496651464608 -4.25622581643211 -2.1747852598867152 
35 -1.6777464695784945 -1.2288351090837282 -1.2356746961676053 -5.6526098841195695 -5.861881516229169 -6.859278043337673 -6.1197725315217095 -6.3365948449739475 -6.0456992095099125 -5.8206939750794735 -6.186810507123326 -6.128500346047659 -5.992946407858458 -4.572906922196143 -6.275171409774135 -5.4707519399077835 -5.858732823181033 -6.108010958908197 -4.344197914914321 -6.238237566867379 
36 -5.857985920472849 -6.095520551785191 -6.139663616551004 -6.151819912139773 -6.103317458766192 -6.143694632856119 -6.062768572028833 -6.336640989513003 -6.289703570808223 -6.475180755140963 -5.439021377188132 -6.64156173891348 -5.413693937292703 -6.375631333943708 -5.240932894042185 -0.18915561831459168 1.2355005700726667 -5.293010726080204 -1.0533990877651014 -1.3789102732587193 
37 -1.6051078058034303 -1.800909139801132 -6.517305689207007 -6.182718471508348 -6.145451172981018 -6.554059786189875 -5.19509456502644 -5.957215143041361 -6.085175590028256 -6.052536722884312 -5.853582096562327 -6.1658528175827865 -6.201087699083162 -6.656097416326954 -4.433668549837572 -1.9736370932331238 -1.3516734235479688 -5.131566055221868 -2.990377633864599 -2.917247948760905 
38 -2.68629537433682 -2.764307362652045 -2.283911735971666 -6.202626242450517 -6.248864239399484 -5.600906504867276 -5.770032186459746 -5.769261492912073 -6.735715472655569 -5.757826498342777 -6.9996441416710935 -6.280051642416018 -6.341565845644161 -7.0123938541839035 -6.3884624494584905 -6.511152139101007 -3.705022746162938 0.3762614468237057 -0.3703637488209257 -4.881879484353285 
39 -5.416796448299323 -5.474671536916975 -6.1575010386072595 -4.030966975469681 -3.290956335810451 -5.245067808358643 -6.379010138498429 -5.201488298142501 -6.581607339434763 -6.065865948964781 -6.417997926942199 -6.500871321176503 -6.358517893565759 -5.625975013320394 -5.972812378192842 -0.23008567298966545 -1.5882834738860097 -1.1215061936886408 -5.022243531018268 -5.294394958553205 
40 -4.503811967577417 -5.079813647831571 -5.389018448160063 -5.297065031994119 -5.525114849514636 -5.098738810065769 -6.6434156873084325 -6.308264236098307 -6.098112666036276 -6.227719112348005 -6.578766730329455 -5.961991918300945 -6.362069688561195 -0.0470852043987493 -3.1119460702306685 -6.076548586728738 1.4516379437851028 -6.127634891413254 -1.5698193663772138 -4.46602207591699 
41 -1.0910250169830276 -5.99951019478322 -5.043509765132206 -6.005609196038922 -5.798949037648014 -6.297432658831616 -6.227543319101828 -6.357345860534951 -6.431098077895653 -6.951290825228682 -5.475382717394071 -6.52726922062667 -6.933013911241906 -6.441589002377529 -6.28068227454318 -5.862101335606209 -4.8230793370967255 -2.5113595990549067 -6.029958658169785 -5.280352577209241 
42 -3.1568414285460658 -5.7997327002826955 -5.66115736558944 -5.330847048010574 -6.63099363293639 -5.312347671860133 -5.482349242341487 -5.996459222695858 -6.3791437698264 -6.076784507373131 -5.736330817580534 -4.824612802990271 -5.419059263693525 -5.278289098998973 -5.579667934789417 -1.474543594399671 -4.325559165179298 -5.799760738466468 -5.7063354503143735 1.7232503083224433 
43 -3.8020697905550374 -3.8031751448561315 -3.8911987900646636 -6.299661218419824 -4.361739704222796 -6.489894725116101 -6.206985467350305 -5.908518989237067 -6.034601296065262 -6.355807698359603 -6.386055529656975 -6.5332069062540485 -6.675944080589212 -6.771660393343949 -6.544592164929146 -4.576623314024127 -5.980657156578987 -1.039381014752756 -2.2781948467297912 -2.9456375604718263 
44 -6.0251753917062985 -6.693688687381792 -6.678957079956288 -6.523708680121517 -6.305555128240526 -6.4574204639557475 -6.428490192513104 -5.888728167847129 -5.421742817388504 -5.524416542211505 -6.345647315283807 -6.292514834059436 -5.961103711463206 -5.651069726353459 -5.780994163411002 -6.6490050380600145 -5.674180904330631 -2.7897672771155175 0.7869275958314562 1.3746993231661804 
45 -5.954083442745609 -6.079761542408349 -6.435116343371429 -6.203753738777359 -6.764766581648885 -6.6716817126410835 -6.470918141482872 -6.165734620611886 -6.309587939388477 -7.030834712838475 -6.285345489980135 -5.172181146689159 -4.770523829843145 -6.4588704029221375 -6.406254309248754 -2.3898757230217385 -3.0608080414573915 2.1429481848744 -0.8886866231696838 -0.4685569032454536 
46 -5.806691009051238 -5.783841061109023 -5.792323415290243 -5.969266199318222 -5.246034015404631 -5.466242138434083 -6.517217749913146 -5.687889695029098 -6.628712232405574 -5.255195680449455 -5.624287934776823 -5.761224827561006 -6.100488853066768 -5.86750122428269 -5.660947433384113 -2.6169383025821045 -6.141497786700282 -5.07942477297664 1.4182154613994875 -2.5267654414535734 
47 -5.743119421714193 -5.820799811990413 -5.8835067246881705 -5.350452932779969 -5.334104427355776 -6.364829169273493 -6.05806927354253 -6.753778507571847 -6.370214944876981 -6.796965140360677 -6.134281249668608 -6.240438658127148 -6.519840529594076 -4.111822162465753 -1.9033014779424984 -5.845078014635967 -6.55112664870438 -0.026143039143231305 -2.152330045164474 -0.8399241785973399 
48 -5.409901957529501 -5.390135581079295 -5.693721232899814 -6.979076219499023 -1.2658221145842345 -5.139351178250494 -5.142592860905177 -6.069621879670873 -6.513499018880299 -6.007074440181918 -5.1409123394007175 -6.811600531487952 -6.14466232819005 -0.9895587332845827 -6.252629884842061 -0.6399963329747486 -5.406724643055236 -3.1725268832011917 -5.71411588231137 -5.81134403565946 
49 -0.6690806039301567 -0.9167340197397211 -1.6939754989494218 -5.83555363915254 -5.845327942026772 -6.723212027143232 -6.256031949170069 -5.853176882544543 -6.3538910062681575 -6.160793079962183 -6.133619815850442 -4.844375305240927 -5.530963833415973 -5.811011150393909 -5.47349015711566 -6.344639715747 -5.608083362305052 -2.1757058981188506 -5.571601466291267 -5.745677651456169 
50 -5.511137355417852 -5.499037083698019 -5.515176600890142 -5.612549013866951 -6.247898636845649 -6.903284435980665 -5.9583297099512045 -6.64740584259912 -6.487488007652598 -6.1101522557682 -5.981895027401211 -5.96117558019579 -6.395584903332286 -4.068079178874617 -5.444295976834859 -1.9558109363812755 -4.518875551577794 -4.1145526594513 -0.5435535642801785 -0.5992761086430749 
51 -3.266049063532813 -4.247386343550312 -5.3897929493177275 -4.903139025269241 -6.545477158004904 -6.719973179634535 -6.435195093133812 -6.085515106126355 -6.405770058180647 -6.565114304748077 -6.445987285682741 -6.732596772431072 -6.372150538457905 -6.183438703571556 -5.81529839565391 -5.663578861532615 -5.564647572863418 -2.4811170206157125 -3.607762890553072 -0.006003113204097202 
52 -1.410201439321061 -1.3685133952215103 -1.3547892455561397 -6.240832669898155 -5.294804012722873 -6.748234625655639 -6.098000833609845 -6.046735961463266 -6.574131725177914 -6.165784405378838 -5.354613159218344 -5.451057744518514 -6.199453216135222 -5.802985908661394 -6.259041363087203 -5.470209598572038 -4.602721025039279 -2.32038133181656 -2.8492452129618178 -2.1209115893023727 
53 -0.5635410775731687 -1.2905772284728674 -1.5442240755537242 -6.139980621437188 -6.573048022890516 -5.838745858470225 -5.59432025059234 -5.417800940901424 -6.297700693768517 -6.350970429859254 -5.285291202362581 -6.092044931560572 -5.495349310754705 -6.368291667472439 -5.587926022185686 -5.839122665233191 -4.594376947849757 -2.325334779914007 -6.172011748626444 -1.1615181647940453 
54 -5.234731386931094 -5.554247285475439 -5.799992745308071 -5.565452738355202 -5.829988137533753 -5.961640207496006 -5.739759005515134 -6.351027539528941 -6.03604749247774 -6.595838127370374 -5.509786719484387 -5.764359700667504 -5.82067947151861 -6.118634235901646 -5.568393924923558 -6.55775492621194 -4.60720466791506 -4.622922331396679 -0.5068162264665497 -2.8163007101706135 
55 -0.8790376364031195 -0.9398156143732626 -1.1820304567497337 -1.6565818797998046 -5.753927577371 -5.768436091935335 -4.058632046118436 -6.535094095826744 -5.991942471719401 -5.873764625634206 -6.111440179250496 -5.61844032533228 -5.442822827130701 -5.731765806198694 -5.9842062568500545 -6.00104148268238 0.8287335697139859 0.3075035084369304 -5.340882478478825 -0.007850508314153307 
56 -6.367398899364622 -5.825200460602035 -4.66372564154347 -5.505914203014351 -5.536360004121089 -6.2416908535821065 -6.209005573732417 -5.379930920879359 -5.772392484057765 -7.10580118156734 -6.436079719689937 -6.853455933465403 -6.421953069520543 -5.002358899624792 -6.616218080347141 0.9896068954460325 -6.762651049190606 -3.66978171115431 -0.9646771291382364 -2.9209669150603434 
57 -6.470256997486827 -6.63948079825808 -6.724340587216932 -6.369909643334035 -5.973117857149493 -5.45975419680313 -6.272987173553073 -6.2752017189276605 -6.276986075366546 -6.416083098038288 -6.358823861427589 -5.264285246708889 -6.391597943168377 -6.204345428949343 -5.7770754970968685 -5.912921472099297 -5.085370810125494 -1.529960980525984 -5.874631115716883 -1.446465652847067 
58 -5.641958762805904 -5.2612209625471325 -5.13672799942119 -5.334272307738037 -5.6973202427413 -6.187096381977917 -5.506265297972538 -6.655729204571686 -6.351548187529899 -5.979215438377515 -4.20159649480209 -6.6592855516875415 -5.286142161595552 -6.450787830180481 -1.6028967942793875 -5.138571539101731 -5.964490447615929 -2.120747139325351 -6.05430001248093 -5.56666828009538 
59 -5.763439026480191 -5.7737957676515705 -6.03475349550246 -6.762747123445209 -6.277311527987601 -6.896036600708992 -6.652760281828361 -6.24026044639188 -6.685419226962122 -6.431576923092693 -2.2290436094090817 -6.677170623120387 -6.359304568516208 -6.029639963176948 -6.588552974175191 -5.8188505092613765 -5.112356106915768 -3.964602767809858 -3.7987892740907525 1.9601408574070107 
60 -6.021101109986234 -6.005572944958425 -6.019168196150527 -6.055274486879532 -6.231536011340886 -6.990276483808882 -5.833158110767271 -6.050367298293154 -6.844070906722031 -5.811376095911081 -6.214453263908813 -6.092376760999571 -5.873962593939406 -5.951242770027952 -6.038839030808394 -0.3887067953404426 -5.728405474496621 -0.9743883227136909 -4.503515783517781 -1.2957691614887699 
61 -0.40819030439668047 -5.280867551886861 -6.594384145437057 -6.2433383373656 -5.60558281901785 -6.30494009291625 -6.775504714409588 -5.512322046353813 -5.748632182842021 -5.804313412431618 -6.154410624316924 -5.892077994855542 -5.550933017141138 -4.736856326296896 -5.869977498691088 -4.932058001084946 -1.5838744649745877 -5.448464456759079 -4.177715610011736 -1.2584640659367765 
62 -4.754720050320401 -4.0101617721619585 -5.8006820414397575 -5.3392424141544295 -6.164863142545556 -5.745642270817994 -5.43742339539695 -5.864405892533144 -7.150502636767567 -5.808611995957817 -6.031915045648148 -6.155222666305412 -6.403851008110486 -6.407297479109006 -5.229901060339749 -5.0171849767107215 -1.5155746122206755 -2.673796847648436 -4.210797471104465 -2.3581359229447596 
63 -2.7463500500504634 -3.37414233124412 -3.431405361684829 -5.523245631272062 -6.537785559141176 -6.128399177852927 -5.9797532354065055 -6.299978285077946 -6.6727738245782495 -6.281780212027883 -6.3144933541645045 -6.746408597527648 -6.463547019265621 -5.989100018158272 -6.291598899090963 -2.876949431522316 -6.5382823495271944 -4.385344502275705 -5.0873990943452325 -1.1045502542607357 
64 -4.158390417147567 -4.329047882178892 -4.560679899797036 -6.126381653065648 -6.079477315031189 -6.859756499064614 -5.413324177340099 -6.155107703692821 -6.402095790515436 -6.347346559663177 -6.364546021980105 -5.5648294177414135 -5.899505796507957 -6.2459742636571995 -6.193861979422022 -6.370489040624161 -4.306101703089061 -1.3084287599780016 -5.962572856171991 -1.315144212093057 
65 -5.589019452844439 -6.515027779868401 -6.524757605572621 -5.823908840326353 -5.992570856622965 -5.882158045582967 -6.146179066452165 -5.343708835201302 -6.191221370095151 -6.506165243139659 -6.102120178096015 -5.83259858496443 -5.855400706670683 -5.5043211323303405 -4.976394049985583 -6.275443155235747 -5.99232267300259 0.12634257152653539 -2.1202112302691507 -0.15576238829331235 
66 -0.371190878653548 -1.4677126166530592 -1.5079895857767893 -1.845377211549115 -6.009194493131469 -5.498998444271333 -5.565137726375055 -6.0313925801366075 -6.599065490640319 -6.72867737215374 -6.344613744666126 -5.879768117951825 -1.4117854657314668 -6.079043570596118 -5.518317513165586 -6.484519991505729 -5.733286070059935 -2.6377578903065477 -4.259252318038135 -3.096346042702073 
67 -5.816284668327186 -5.885934278457312 -5.847130178103205 -5.427188294351042 -6.701371981768042 -6.177746634899678 -6.425733380609298 -5.789417060635329 -6.667142372976737 -6.520950112364104 -6.481483045471721 -6.59939757225718 -5.904465730670535 -5.725938221777653 -6.490690665491054 -4.681605208897825 -5.845297829532421 -2.317941460443903 -0.06388924038115938 -2.2931730892019164 
68 -3.912678178754919 -3.946067204707741 -3.9342178228729883 -3.9540859533420503 -5.794355415759576 -5.815894641752793 -5.30271617738505 -6.552260838348977 -6.787688082659611 -5.122818976853084 -6.107922513415636 -6.266493159233339 -6.698304657902549 -5.7388351177541 -6.060835880910204 -4.997305715725603 -6.503729395423008 -2.4629490859831913 -5.300466989434793 -4.29611101786656 
69 -4.869512109757417 -5.113764344832954 -6.0261583954794755 -6.044463807619273 -6.082237621202946 -6.4176417286987535 -6.523773519929226 -6.389217111795611 -5.633959883331112 -6.49367135797119 -5.930921698068422 -5.476589349270505 -5.868988482338407 -4.199111116548405 -6.237891425197695 -6.1267682866681445 -5.929374323212731 -5.8721861580670405 -6.569464141386635 -2.9730702653084555 
70 -6.008507400389165 -6.557668541081765 -6.593716458185288 -6.631614918854081 -6.680515235424662 -6.656003299051306 -4.693219251504795 -6.183567220191335 -6.224347533602325 -6.5425050050300095 -5.690700553519918 -6.215175694842096 -3.9253628677171615 -5.608546529691845 -5.7136100385335755 -5.658072161775561 -3.6573906163801837 -6.292847300103192 -2.2338504739116543 -1.4295241360288224 
71 -6.018556426587104 -6.097628056323166 -6.1293443976963005 -5.070550673136801 -6.2054953601420895 -5.880649053167669 -6.210053341875137 -5.992460919592534 -6.839626566836575 -6.482502989994893 -6.463854445503953 -6.296076532658548 -4.868864629973982 -5.97711094646345 -5.621296255936342 -6.006192624951239 0.549611745271848 -4.519042946546043 -1.0417576567601097 -2.8474416749426688 
72 -5.019682044316966 -6.2941694082788775 -5.72351885328448 -6.582175556875578 -6.530381084446278 -5.587614504357906 -5.784138761829852 -6.7074655570782955 -6.379833645981971 -6.120304378062593 -6.25727949619046 -6.558992499531586 -6.516784211630009 -5.928551338098305 -3.6355722100535144 -5.052532946217789 -6.014132552235196 -1.9811375584335844 -1.7096296911370026 -5.056794891165745 
73 -5.658146057251212 -6.08913297328075 -6.021814784024278 -1.5750851087006872 -6.480545561139093 -4.970063198496868 -5.760238733324381 -6.1808064674448655 -6.806752711946611 -6.157236376110101 -5.759095798242568 -6.654159111154558 -6.7961499412458375 -6.058789700875149 -5.582039058393194 -5.603236930344784 -5.9752603582864605 -5.338125772623677 -6.329525582443365 -3.6060146579981587 
74 -5.295902318652522 -5.1680762805002685 -1.3418834534054862 -5.885482047785067 -1.337809339451343 -4.806038591284726 -6.660562469788064 -6.7528823645382055 -5.915278276760399 -6.133828130232375 -5.664288566963358 -6.00850105080542 -5.968853418355099 -6.229076171615065 -1.543915458946042 -6.920123674468554 -4.809052127391587 -2.4487824796117095 -2.3428272361754496 -1.8600066154175217 
75 -4.976145296008549 -4.922814515998694 -5.063187088023809 -6.073096102697613 -6.3353982222205465 -5.789294723844545 -5.767090554054272 -6.218601102884378 -6.145529559850044 -6.303436737748694 -6.591733684451963 -2.8534342451822834 -5.695123263292993 -6.199722295871999 -6.816290305189097 1.5720538061105251 -3.0607816848619884 -3.437308407918178 -0.24415065942302977 -6.371474542645756 
76 -4.1069987968701325 -5.323634094678754 -5.824076331421723 -5.022026364264069 -5.920012779267981 -5.93057809260804 -6.829956351953431 -6.253746567405522 -6.924350261283819 -6.37003004799144 -6.171680591223339 -3.718339982347401 -4.93829170167898 -5.820825656804821 -0.7636527093354781 -6.63127546117275 -6.17943135358348 -5.8928061881115825 5.455899450819522 -0.04836287196374852 
77 -2.3293070888599314 -6.088608688723932 -5.616455757948314 -5.137319058204744 -5.307832371776069 -6.227899084514088 -5.9554905061295 -5.6768820661584165 -5.677023164636947 -5.936672590226827 -6.156335315377879 -5.404177159432329 -5.96829840536024 -6.194811047212707 -4.683116237881247 -1.25525805924929 -6.183274830486616 -4.83091768295621 -4.378709434958466 -5.420681577616215 
78 -5.691013925349932 -5.696289520242681 -5.659517814803884 -5.599171037134068 -6.13011739953821 -6.406694550228226 -6.414461878902353 -5.980987259850544 -6.6917111316177165 -5.933571086659083 -5.9181883555059525 -6.79975921650545 -6.711860535791109 -6.880945191884936 -5.228428257842101 -6.431203575421146 -0.6026972944731109 -3.959744547160202 -0.7032569527262174 -4.8693193089008355 
79 -0.9101018856455185 -1.406628613592209 -1.3671065719226627 -5.380896490693364 -5.959320629232753 -4.804406597870358 -6.143575050041029 -6.093200822136718 -5.983862664087916 -5.6926363754324525 -6.013055626351475 -6.7650636640899835 -5.823528651851963 -6.384095576818947 -5.353369874528824 -6.681172358333259 -6.078955411280709 -1.349166256866502 -3.2494150523338305 -1.9599793122491498 
80 -5.869522652893776 -5.705794108739267 -6.691815076344859 -6.665088571265103 -6.519638999380661 -5.827261032305941 -5.793929187345375 -6.468234545065046 -6.4280520062998985 -6.376544288132858 -6.493395846336929 -6.833041970029961 -5.569110028987914 -5.969962012121286 -6.584107111599031 -5.648463654559838 -6.163982962772937 -5.909045578768375 -5.199613709517003 -0.6980337631273283 
81 -5.2443557432522265 -5.620696298830572 -6.025746965134135 -6.1620811654884164 -6.288119745029298 -5.531916560968972 -4.978829595181299 -4.131230354538364 -5.7538375530183385 -6.421498804018112 -6.169834221038722 -6.698825272268198 -6.200614140630146 -6.009654870393148 -6.5491709146679336 0.3983881970062908 -2.1357993758690994 -0.7486811076978831 -0.6544995108855753 -0.557617440448118 
82 -1.1404299392708488 -1.3864438311416012 -6.388870622093702 -5.822886048887391 -5.783794397866858 -6.271585833999329 -6.196115660009996 -5.648172349695449 -6.273765358277006 -6.810087828071456 -6.025205401761262 -4.651259782669809 -6.667373471829312 -6.289589569597348 -3.496262472898724 0.11719130816658889 -6.009464096405307 0.43136696060882035 4.1744840168073 -0.9309527747054005 
83 -3.272902605786511 -3.273064974640635 -3.274807527082684 -5.479510332319548 -5.158832290636165 -5.497149850030123 -5.4810075145416635 -6.621452991976584 -6.3883091229767 -6.3297414273542065 -5.752721627813609 -6.379029803698688 -6.524945276190233 -5.2579665641554465 -4.728039677752497 -5.91432532608162 -4.769226029321204 -0.6153648442603668 -4.7249566167496235 2.35071637798801 
84 -5.345746439676225 -5.3509752773524 -5.355146870096348 -5.4925330089020985 -6.233905732707215 -6.091445768626263 -6.38226962471405 -5.932203183753385 -6.146957419610626 -6.069103714190193 -6.001046215758036 -5.972585938310201 -6.513140059596287 -6.389883657466732 -5.5202703289239805 -6.725643092267894 -5.388542056727555 -2.1084550813312037 -1.0761726555209499 0.019137134091259972 
85 -4.888293382104657 -5.051200630571488 -5.012544503690903 -5.726119742332625 -5.6643353754359875 -5.373051287739432 -6.1053536223447615 -6.43680873268238 -6.211131262407319 -6.194392923250987 -6.207671517566781 -5.893689512158896 -6.523289940091583 -6.007599785345915 -5.955848403502831 -5.688241282897802 -6.36537960624308 -6.610783960022169 -2.599104352437605 -4.393762221669684 
86 -1.204540387171077 -5.983433460451182 -6.428305655945929 -1.3691439717213956 -6.349725419196176 -6.018268145609944 -5.364116370016812 -6.776289576256933 -5.9800365952344485 -6.015413733684672 -6.591855354877467 -6.631945967875303 -5.948614638068538 -5.5433417209061036 -6.0057963931908525 -5.822197091702053 -5.279976042747033 -2.5992660540102195 0.108734788186369 -4.222924603575204 
87 -6.061703700271717 -6.0322661983835415 -5.9143099859006085 -2.8516243730224557 -6.711962234949993 -6.408013968897215 -6.514446955520756 -5.790110095432292 -6.441198147628284 -6.078461857007812 -6.3519283122185595 -4.744526537996818 -4.53911440678667 -5.694154747955876 -5.3030640575257815 -6.442041670921486 -1.292319174463924 -6.3850079928138435 -5.121908519478416 -0.9334901515718997 
88 -3.15926358194694 -5.401243062441249 -5.583571867512969 -5.987214734351664 -5.303403242184406 -5.227174467664533 -6.406914468549783 -6.379236845106846 -6.541135759797202 -6.256522948487119 -6.3977510750485855 -6.483398352533567 -6.45038571899466 -6.702175431248119 -6.746241530759648 -6.444956997164573 -2.8394976810909407 -5.41985004977764 -4.894474886809878 -5.875704805467617 
89 -4.126796495158609 -4.183207448365481 -5.902092786507667 -5.460439714355142 -5.252584692227051 -6.005022572779331 -6.718855134870666 -5.577246812176916 -5.744229335230606 -6.714556677518588 -6.386977898310529 -2.0399935000452647 -6.68192345903109 -5.917259819496933 -5.402076186196377 -5.0288816646275825 -3.0478522133994677 -6.188876780010004 -3.1920798322527326 -4.250382960187809 
90 -4.900968533068073 -4.919426657347485 -5.964051275415613 -6.28059525977624 -6.823937405985014 -6.992746821142487 -6.633825962974025 -5.875021967685218 -6.030239878528484 -5.66648930814797 -6.599615316220144 -5.6026176155028065 -5.698092358078869 -5.810251895077548 -6.480356139313449 -5.7594419300641855 -1.7340278257954944 -5.699193536893292 -0.10048001434327243 4.3514464865490154 
91 -1.057493509874428 -4.527198725494619 -5.9767815452557596 -7.116180424185858 -5.517768772162262 -6.129193484277671 -6.4253130235858755 -6.353883443949058 -6.891852974791986 -6.234462657233164 -5.4952451976357555 -6.427930800746863 -5.9533995148493135 -5.87790654442257 -6.274706284589697 -5.980538919699207 -5.229106088707221 -4.180393587878382 5.040035533270013 -0.724773647449744 
92 -5.015318545551202 -5.034118693182305 -5.674990546436405 -5.8061706285864405 -6.559292113676133 -4.96244801888264 -5.781274149663905 -5.737594242102619 -6.253150264391608 -6.303002228606629 -5.605660761030198 -6.328191198218698 -6.395781444146726 -2.8128202574486854 -5.999754398218068 -5.058562095388294 -6.035382568375972 -1.175553328811991 -1.096331325398068 1.2555195615649921 
93 -0.878068327557768 -5.894688468262661 -5.231333672060217 -5.247980153197251 -6.842444900460394 -6.879190935606067 -5.917017154217489 -7.038452084425064 -6.1280906505233705 -6.106555736805004 -6.679154720939792 -6.219259364437356 -6.140223775876968 -5.919895639728932 -5.705519399046839 -1.4331949765386318 -5.8927421770208115 -5.038878933172146 -2.8585157400966965 -0.7208037691882303 
94 -5.262287470850263 -5.8409137492523735 -5.854481749419547 -5.917294948041297 -5.922874423869862 -6.200237273117466 -4.836487432481875 -5.724732146837635 -6.033285031110946 -6.067996813113904 -6.510232823282375 -6.100523033216174 -6.098463207805166 -5.524922438747361 -6.367192643541616 -3.6995382632871534 -0.07304110903068362 -6.53127025153551 -0.8936916652497149 -6.232708443503315 
95 -4.259903800427866 -5.423517145861192 -5.743547679650031 -5.866442349612819 -5.620452551199831 -6.595756838823509 -6.181128058805826 -5.994301866509274 -6.390997875996284 -6.6045542687711585 -6.5692527872306625 -6.518823772788286 -6.4128847300729355 -6.609621838397993 -5.589189674561604 -6.087597652436757 -3.5417164068203504 -1.2787730299266398 -2.9758713497474165 -6.3349122711977826 
96 -5.394962536326149 -3.9624625423503597 -5.311643896201356 -6.540489212692934 -6.166895986048743 -5.658231562778121 -6.085871806809353 -6.336279883570951 -6.296756115825137 -5.558016106348684 -5.923938431120338 -5.904432383907157 -5.979188788098241 -4.504024476828159 -6.4770630981443995 -6.358598849268207 -4.445279063791256 -5.209443644875823 -1.4066665518446242 -1.14618637319275 
97 -5.14204685702263 -5.446393224248016 -5.623161655686277 -5.681760302803617 -5.666731644504717 -5.009808712096428 -6.320689734195641 -5.9161448117335755 -6.814437193728301 -5.630844227151059 -5.745517209584316 -6.019378219275078 -6.47352859658137 -5.425151180872536 -4.613090136686369 -2.4142758361539807 -6.33876806162806 -6.231096890625884 -6.3552183208337025 -1.3395677996842796 
98 -5.916557074085057 -5.947481577919737 -5.9588523662409045 -6.025109957094186 -6.362233173800828 -6.181659581555818 -5.8669946605502465 -6.495978133564916 -6.07905854207923 -6.3040224887863525 -6.06497015829559 -5.4113916658196795 -6.963095373609223 -5.856111080787845 -6.73847293289602 -5.767167008740168 -5.254658269858436 -3.9578529988200306 0.4492167950151696 8.39472162899875 
99 -1.0638143654970453 -1.0835204604529347 -1.0880144621277543 -1.3559704333450397 -6.1524731546830616 -6.94239758300752 -6.4439890715208366 -6.537134410733264 -6.22183933794987 -6.237493315247255 -5.681432336466135 -3.5990805844292892 -6.495785748524897 -6.448125599047107 -6.055787658854718 -1.765112114811414 -1.0938711135062706 2.021463556355354 -5.667565646327579 0.3633258429750912 
100 -0.8545025506029508 -4.462626010192095 -6.677436613128076 -1.2679091142730432 -1.2476302432781263 -1.429337689417696 -6.271007595871216 -5.864611437848445 -6.165424246258429 -5.289632198150017 -6.278273493711976 -6.683920254833284 -5.802150279375149 -4.997182464817568 -5.027297212929026 -6.171377143479482 -5.342796403145775 -5.7981011071475494 -5.962818416037883 -5.7448052508483975 
101 -0.5667585212107339 -1.3120035438043118 -1.480034968719165 -6.3027700027323075 -5.485466289580699 -5.390832970930607 -6.038457291024586 -6.182669217372707 -6.290990162281645 -5.963316870516893 -1.8058964692130106 -5.525365999076419 -6.404119830672843 -5.720428377608912 -6.3638971997767655 -6.443204295519093 -5.290297615266128 0.31387259831314385 -6.589854553831369 -5.572264542891924 
102 -4.6659213825704935 -4.767708597163655 -5.04233589041587 -4.818658191808809 -6.077438975731612 -6.605625962986166 -5.597448466171118 -6.520712216859158 -5.763862793649621 -6.1282585322643275 -5.667677084871155 -6.035501062659768 -5.943952683144425 -6.231094249411914 -6.580571366664743 -1.1297797870372388 -5.183322792000471 -4.501385241150248 -4.6299617776205455 1.1055314912646939 
103 -5.645146835107564 -5.48810936895961 -5.897252115430877 -5.062358273117036 -6.01374785032746 -5.914349634774919 -6.6696495545583545 -5.749122780743255 -6.115207879263607 -5.785555189844122 -5.547376318588859 -6.268760436004296 -6.320120675226424 -3.1173148281561853 -6.460855360329245 -6.436710134874549 -4.129162797877525 -3.942618045227887 0.15127224831430966 0.3378864998136272 
104 -0.869488511116535 -0.9742642542789148 -0.9902695810481308 -1.1084900739876844 -1.6637240590855114 -6.008068708400698 -6.616978327862469 -6.830607637046816 -5.482215478124338 -5.558907582986064 -5.480141992386326 -6.347329619185804 -6.369777457461239 -6.631203017282838 -5.794485060957372 -6.183539664883522 0.6679423456054093 -2.6505267653436335 -4.911567974700261 0.7222489865204094 
105 -6.064527010686414 -6.559599252710346 -6.402638299484131 -6.53547868893739 -6.658881567399351 -6.601750126787963 -6.631439537101644 -5.906864408452327 -5.677177379276849 -6.108292568857096 -6.570902719037066 -5.405534867410848 -5.709045610510864 -6.0164114941610505 -5.079015387179489 -6.511182873722076 -3.6131689263112183 2.260830144383675 -0.5236614216548797 -0.4514952981087494 
106 -1.9369718652571624 -2.1597360707703053 -2.2737615148275867 -5.903226240492907 -7.059856381765506 -6.456078614706837 -6.358834051670518 -6.432209925734737 -6.152255934074937 -5.524221177188075 -6.414313894393254 -6.050619182335423 -5.638451095545177 -6.547047914298823 -5.396452553911739 -4.87751537443665 -5.617868397827149 -2.9820727963425084 -0.06735098998394001 -1.402478348038597 
107 -1.5655540584538405 -0.7336239473482828 -0.8331394502120849 -5.712593251062161 -6.897683692255611 -5.658168718271052 -6.536831952718743 -5.940991199746953 -6.609924562996382 -5.753295607495847 -6.265908546682091 -6.300825424667055 -5.531617633872418 -6.742704904741812 -5.964429655007024 -6.533690762138109 -5.870354617083403 2.225709943104259 -1.74515320501525 -3.2144523631520396 
108 -3.1797433771040224 -3.4004333687079162 -3.2896203932799417 -6.534808830832126 -5.483473449194374 -6.416195207911286 -5.850345040764544 -6.330617138660598 -6.266519602635501 -5.91259978772015 -6.815200538334761 -5.66321328255827 -5.8175853924208125 -6.052378273510364 -6.013738241290201 -5.047495011200121 -5.208543444683524 -1.6600265596725114 -5.438762971130448 -6.081493491798204 
109 -6.051637058128772 -6.062565954776023 -6.039261364578206 -6.561208722812995 -6.001893342024338 -6.261413296262186 -5.549001571318962 -6.646308927533186 -6.202925654336369 -4.29354946846689 -6.963022139667319 -6.573740903838165 -6.24405657638423 -6.4499818592391165 -6.623833854736016 -6.402706605821306 -4.507128522747496 -1.9224162772612852 -0.4936437591926558 1.0121798775031647 
110 -5.666653385856549 -5.72853188672658 -5.947986893095281 -5.988602071650743 -5.814114611474039 -6.258720707285696 -6.091565024737711 -5.583908964939422 -5.840759818800683 -5.49452373004661 -6.602820211682899 -5.501683632423209 -6.19492021907925 -5.361091355247318 -6.460415620167187 -6.30147841248294 -0.820264054832446 -5.956089687478831 -1.934934383109537 0.059066728245808976 
111 -5.162661647191665 -5.388502184341596 -5.436138232914352 -5.423357872242898 -5.783163557696165 -5.780117416430218 -1.6027579518345567 -6.221542188575949 -6.243606511368199 -6.564627866246818 -6.844068727652825 -5.530110082614387 -6.251619721887056 -6.174500953338563 -0.9854910135863926 -5.816818925114312 -5.398898180121661 -1.7761466603483225 -0.6756765978278533 0.49066882902918696 
112 -5.933957182997274 -6.089881345996464 -5.932011444958841 -7.0075139220088 -7.027913102357276 -5.708614567701025 -7.028461490795032 -6.1734917874990085 -6.114716620176031 -5.890527997248465 -6.322583178037367 -6.494043125441665 -6.287919418288264 0.2528682681082715 -6.169461666526587 -0.4087588028374906 -0.48614076051090555 -3.5164229361065855 -3.9549638878440003 -2.442260030835373 
113 -1.6001229137776594 -3.8157758126311454 -3.8286375363885354 -6.780056065517431 -6.083422126876071 -6.009726641939914 -6.051137809445853 -6.282928178597923 -6.373342145577535 -5.960240525836427 -6.4604381622816955 -6.700565036017106 -4.855836361526776 -5.389285783873252 -3.48017606226361 -6.0218942972292755 -1.2767341669293537 -1.1336234770142515 -0.06239606248483264 -5.640595166493136 
114 -5.024832531297485 -5.088101830746956 -5.727104815057467 -5.799073161446562 -5.86781579555011 -6.372558066800444 -6.716985160562286 -5.046877908993223 -5.736987658543347 -6.717048222484595 -5.588015715716191 -6.071000241604237 -4.989216156134681 -6.350090559294638 -5.925881105428058 -2.368548934888337 -1.0935689734496596 -5.124744501744197 -1.078285801163923 -4.7253664793046 
115 -5.671137359451894 -5.738168749745308 -6.368893267497745 -6.654175111748559 -6.118585488696789 -6.706236904669698 -6.440047953993003 -4.996806777060502 -5.987666290768503 -5.611856505675251 -6.504518691613622 -6.815756850734562 -6.838641916479806 -3.5699895231264818 0.28570912945877597 0.18553768556960717 0.13923742260686603 -1.576088347287145 -1.8593722790173746 -1.167523714185669 
116 -4.109227515764701 -5.595577857463181 -5.636089398555365 -6.594043947105238 -5.6807666764788465 -6.169477675994658 -6.319638099986512 -5.894135082000403 -6.248280060695955 -6.633115261557725 -6.995966366346663 -5.143886278827528 -5.996892192390224 -3.1261588483218206 -5.714272031394634 -5.590901625339584 -3.9584535354310972 -0.14055915744358297 -1.614473567138714 -2.13142455965661 
117 -5.231810160070471 -5.344916819080193 -6.325585971869003 -6.380534591625723 -6.243912357644531 -6.313851921118177 -6.795777067814214 -6.343608126634656 -6.293691285935184 -5.976390055448419 -1.8587713301388866 -5.6544661807787175 -5.661059603775626 -6.50576522010895 -4.416320825236888 -5.89342204107564 -5.123702425584179 -2.531097197743901 -5.433062911840321 -1.2414490873288357 
118 -3.301805340873894 -3.2041121225344393 -5.228574178708257 -3.369998851679248 -5.792152595804497 -5.647979511786035 -6.165505310148085 -5.578622370349694 -6.260749642994056 -6.496120136573137 -6.271759416723954 -6.424054778430543 -6.198760469976682 -5.149018676172496 -6.429373426795958 -6.369072550231759 -4.353146510103323 -1.6439441693590966 0.049683636316167804 0.17046198157896583 
119 -4.923489241323271 -4.901550076675502 -5.009081595083595 -5.833507601571469 -6.384283486442392 -6.001284467984901 -5.143022503478112 -5.890002565346055 -5.4827769763796566 -5.905297725737526 -5.540511578412864 -5.445975451691198 -6.075865579031579 -6.8292860025279625 -5.839320696813501 -5.7048000451073415 -5.774593436419516 -5.9109584271019076 -5.838711383430149 -0.7245099971499798 
120 -5.769337724330336 -5.774836649130536 -5.805270429742737 -5.867887302870207 -6.077163660765213 -6.562880639449213 -6.47523569753659 -6.68036183657632 -6.535430509644389 -6.314629595339831 -6.016498272097569 -5.428039634125325 -6.194329952550269 -6.699359130214273 -6.399433192798036 -3.165477242180224 -6.208526735905369 -4.965358567914099 0.003590637048446992 -1.2630577952145798 
121 -4.828358877467595 -5.037286579037696 -3.7111167302778325 -6.2805877298747275 -5.026989367426476 -5.350319672510713 -4.366010037595936 -5.518210874721312 -5.566410150308171 -5.654721700121556 -6.479543889908818 -5.330046153161625 -5.664592414686158 -6.805366302505688 -6.303395503177954 -5.718606336372001 -5.585322138596327 -5.9087981479518525 -0.312802286761939 -1.264139684070498 
122 -4.710131838493392 -4.778172677782728 -5.717845197762859 -6.118658912351849 -5.439306214271184 -6.229204394688082 -6.220430301118936 -6.851409692345119 -6.0870057851146555 -5.660093502291903 -6.300479429622961 -5.541823274884781 -6.245351900832766 -6.128125956264644 -6.630403043167213 -5.839746199989665 -0.7062532891104615 -6.320141527177433 -2.8458190398727408 0.038774482718060665 
123 -5.771592594754052 -5.763664188699907 -5.765704197445517 -6.355774912277692 -6.193045998383211 -6.651921307867741 -6.914071386146684 -6.057588112061396 -6.481917542344781 -6.805743561624856 -6.627387166110311 -6.896929624152948 -6.444811131474794 -4.880276428613709 -6.127389386674451 -5.955176597376688 1.7840014058691749 -0.28352398502276577 -6.228514848564865 -5.4827542754811835 
124 -4.826319895731668 -4.831094997674094 -5.907011169630593 -5.9475676606551895 -6.541704435659693 -6.254684710326942 -6.019773006935571 -6.232539766499664 -5.966985239472165 -5.348774395985765 -5.5604714532258335 -6.838989441538594 -3.297014179062381 -6.144347797511049 -6.376198063892197 -5.037834280885993 -5.675934633392152 -1.550764292922763 -1.9383199038491632 -0.356498607937222 
125 -4.6529792757329345 -4.527423728107513 -4.709341729475431 -4.674033991436196 -5.8485905785432895 -5.73378154541447 -6.461965263086641 -5.414364405128299 -6.498838879719962 -6.20628611265585 -6.221663268274095 -6.10510605551482 -6.136114356887574 -6.1736336428499605 -6.6378546077063465 -5.807108082124956 0.2337788055464215 -0.5713594577723557 -2.861654512779529 -1.0238355865058348 
126 -1.0449780708530596 -0.9732023265196573 -4.657187022601983 -1.0472158811040433 -3.4752797882253077 -4.839845204447098 -5.339223578462834 -6.451740817081775 -5.746934486024162 -6.395506829341654 -7.129258922619036 -6.418456188465146 -6.065162900628792 -5.921776943455853 -6.531688229877898 -6.316941497785807 1.6202951371099983 -6.274777158545671 -5.593494748232982 -4.01871220515476 
127 -4.788349921910651 -4.8438939117893485 -5.170366880016304 -5.666914162496258 -5.270493273672817 -6.504119440436428 -6.890428732707299 -6.269560124028594 -7.0130268001903415 -6.1845047510483555 -5.775878361776417 -4.729896747835656 -5.525196877843167 -4.521079182807066 -5.364991411162344 -6.68269058816439 -5.310829650708979 -6.578425795405451 -1.4632893692693396 3.611029234835696 
128 -3.4212151294821997 -5.761911044962214 -5.986931651753056 -5.960761257622043 -5.570690889792107 -5.748864413411395 -6.57018041214861 -7.162152628391289 -5.721470091210555 -6.34404513387108 -6.334024881748047 -6.279971007395184 -6.327930405705237 -5.907738033024999 -6.51950827827951 -5.978051509085319 -5.925967896052752 -6.351257839231056 -5.233723951551244 -3.910674547026685 
129 -1.7690673720800072 -2.8477429391889277 -5.830212239701512 -6.142106599146362 -6.056972487895797 -6.643659236134587 -6.56185643619571 -5.749103910210699 -6.214538497557713 -6.6799362195296945 -2.0266149866279126 -3.7211880270011375 -6.289849545618755 -6.200291546579133 -5.971721097528095 -3.1452071285272627 -0.1990335565967407 -2.7986329122653646 -6.26414518442993 -1.7267611914513996 
130 -5.2349949120548365 -5.6172298413835255 -6.633689600658347 -5.597315974577343 -6.757576485277553 -5.924534409852933 -6.575523918588245 -5.203631885538144 -6.2198609724008405 -6.328057211940325 -6.16636004737374 -5.982229361681734 -6.100002387030971 -6.384106238924113 -5.690805074644863 -1.967130307635854 -3.9815219420835324 -3.1536225116882766 -2.001730849546246 -5.190418495381127 
131 -6.176412710436091 -6.2758873019363115 -6.394931077473726 -6.335360666151789 -5.950317210401792 -6.632547123640383 -6.673532464630867 -6.203808521019929 -6.423002028953304 -5.7300233735461505 -5.895238663165709 -6.1584190688376355 -5.423614069433689 -6.104772815092753 -5.692690383183744 -6.745278407305143 -3.3899337230183884 -5.450095434836329 -0.6053834637258064 -0.13317767083993373 
132 -4.460449641444512 -6.544519486772102 -7.275761972331895 -6.941567361381886 -4.294083402592435 -5.979498852115634 -6.527949366516282 -6.577294970323653 -5.9901420920903545 -6.2642259142988035 -6.406745488659447 -5.636007003830034 -5.312435543783917 -6.162719259047896 -5.868874802501062 -5.371201497938806 -6.020583106919271 -5.061946886265531 -4.726062098783623 -4.5935201714721074 
133 -1.0961370019178478 -1.0726372521515803 -1.2960366220691253 -7.005072618191185 -6.2514940253390625 -5.320411216259859 -6.568542895650838 -5.939800839670577 -5.856135342607225 -5.853249768677842 -5.490675458173356 -6.431820535023001 -5.862616299451074 -4.748124125981128 -6.419149211293194 -6.198294059203185 -2.902354800593793 -2.536745442856367 0.8227560407779602 0.5613002335617273 
134 -5.944803594347055 -6.1492778671391415 -5.989188518149912 -6.136787048580781 -6.286531027025003 -5.91866353173517 -5.551452560826247 -6.343110782433369 -5.357787302219084 -6.33186359247254 -6.372293268413219 -5.638733666339151 -2.1772138339949834 -5.863282608670616 -6.323773821516171 -4.602747259714277 1.4777017431922597 -6.451110299381541 -0.3118178644608586 -1.1474277439012088 
135 -1.4350916917247718 -1.4072858438339586 -5.863416092689006 -6.10928703798158 -5.272307967878119 -5.698700342610363 -6.515132527941167 -6.5989738217309934 -5.993682249633851 -5.918126229353252 -6.457394321525431 -6.175151761428476 -7.218578583404217 -6.892211567949918 -6.087967979621363 -2.528019667473149 -2.8439162066491237 -4.251924478343438 0.37142594885628494 -1.1793444758025493 
136 -5.600723236736718 -5.987382713513998 -5.3506701054737436 -5.563543777704494 -6.230534883107959 -5.721557115534208 -6.165312462827315 -6.608091651313633 -5.656684267915356 -6.084151405434665 -6.595907996746029 -6.048702440276361 -5.659780246781291 -6.310223173487165 -6.01448025446287 -4.390778050053827 -2.921821237795275 -6.30560059225418 3.5688621715347084 0.16179805238016162 
137 -6.025732120479542 -5.9012317209981315 -6.023900283937912 -5.069892941914641 -5.792239572635952 -6.848375535596821 -6.687229672686909 -6.3557478649312245 -6.123635303931964 -6.250488310463802 -6.251706803606603 -5.976836208673083 -5.503071273988195 -5.324382606821845 -6.469414590718844 -6.374402996431381 -4.094617998980531 -5.030647136775588 -0.48508933954944616 -2.1767100845579876 
138 -1.346609888762797 -1.385516370215016 -5.12726768108934 -5.601480786803118 -6.15056647552194 -6.342958827336583 -6.102029950892992 -5.735027625975946 -6.77076267079637 -6.3955142629381845 -6.251529579079292 -6.278047248593233 -5.3487718829898006 -5.3323187667541205 -5.632300566172892 -3.835749340213169 -4.033485143717218 -3.65437988243889 -4.322703489899492 -1.1712910817135873 
139 -1.1177073223156238 -1.1058891773586916 -1.5455750078138175 -1.531033279824441 -5.433093587449676 -4.916669915310417 -5.335843622592569 -5.929073686806168 -5.578656210652834 -6.437379961206207 -6.320839306114328 -6.53854772250958 -6.44680474773666 -6.0741051636586345 -6.175443053095908 -6.738838126014183 -6.068160605954379 -3.1770480664035894 -6.391114793565355 -2.614638646487396 
140 -1.2767396201953285 -1.2782500373062449 -1.3324929932269574 -1.693740459121757 -5.45419796538666 -6.350267587487181 -6.48895955150766 -5.558155985297607 -6.200659281933794 -5.355212444325908 -6.654785899257518 -5.632489013356238 -5.4666675917591085 -6.352488175012067 -5.481021525254443 -4.703746183421422 -5.892753659712578 -4.310370645595642 -0.8187882674466973 0.40256398834122786 
141 -4.702885287074243 -4.634048470553964 -5.66565036540921 -5.7583479738033105 -6.0801841999280795 -5.818482453925285 -5.839535656011886 -6.089794525316878 -5.618981545709918 -6.6043492793250795 -6.350174461442773 -6.279204952964141 -5.326426860296494 -2.061113823818656 -3.1680106018100203 -1.3019534594677504 -2.8003950942373823 -6.965039438950644 4.978469710330418 1.178215940142711 
142 -5.328262005659934 -5.758288714689324 -5.925169944113088 -6.098382567100026 -6.151911024785097 -6.388904798683145 -5.972875666306453 -5.807415837332757 -5.957547520816939 -6.84224862337066 -4.109124613460203 -6.415314446030472 -5.469745690485563 -5.844838212895837 -5.861595987599067 -6.53880894724525 0.4291301575644646 -3.878871483679278 -1.1045394755195825 -1.9935407902152427 
143 -5.656231374243238 -5.637292403172224 -4.905211143054426 -6.709315540604207 -5.823920171691895 -6.012083618065461 -6.551024814949224 -6.21786302382112 -6.425149253108346 -5.971636488797103 -5.985423352579854 -6.220422687994945 -6.116595530801743 -6.806794080045908 -5.743665850277801 -6.316318991136367 -6.696792218602832 -6.445333425134202 -2.947700090174886 -5.624888435649549 
144 -3.563255543580543 -4.011055170084378 -5.803651829928098 -6.2967134396120805 -5.025129057019192 -6.1394132819470935 -6.324294027129067 -6.588289721364177 -6.218802603753163 -5.701012424205154 -6.379897086161235 -6.507139991621029 -6.5945050478295375 -4.25144629469139 -2.6158115131851396 -4.242008665076762 -0.27233702901314677 -6.617238263842856 -5.932675684797526 -4.220142248970303 
145 -6.415513328751421 -6.228246904905898 -5.863615693770186 -6.8590032592170616 -5.680945770037708 -6.290000512937149 -5.9789014494148205 -6.158211092906367 -6.494373833684544 -6.281251561783044 -6.051504906459618 -6.331449394401402 -5.575675886796375 -6.70028233485402 -5.854256802721454 -6.476735561034555 -6.006363962238152 -4.256077419780278 -5.595703578855593 -5.779054251453334 
146 -2.9436256399382437 -5.638074702349523 -5.605457517116981 -5.621819175143769 -6.066602924278016 -7.082192140717938 -6.593502678835148 -6.276671123122622 -6.182063444677316 -6.309915534128702 -6.256602889506308 -6.831150961834202 -5.310623828277298 -5.989754746255597 -5.069492906450141 -6.62267165882034 -0.48777334518793813 1.473115839346156 0.31212231157416703 -5.396170892066956 
147 -5.582321425060296 -5.724131611991871 -6.039018341440376 -5.75998980155941 -5.889695007964925 -6.574406700358168 -6.790699932027352 -6.853714459874849 -6.355943141802473 -6.7394132876730595 -6.517250073982693 -5.979649147874058 -5.561676263438781 -6.3492892474672695 -6.301389196966408 -1.6758368561257155 -6.393250234038893 -6.015630128525851 -5.389206964713827 -1.0337204815174472 
148 -0.41893318149113307 -4.708171112898714 -4.856021303591509 -5.024101180942415 -6.356049531059917 -5.500071467482499 -6.541759656030755 -5.78154322156773 -6.023714394954832 -6.161817261778112 -5.165796031434388 -6.626136388713713 -6.153710363542644 -6.202812023236951 -5.749105272400795 -6.077866772726619 -4.699199216398995 -6.080499752581391 -1.9594433539043206 -0.4272610603744953 
149 -5.757723425000493 -6.2806838322647565 -5.980144553367722 -6.235284593901007 -6.902070114761159 -6.3413061300555 -6.090834132796497 -6.375597380052574 -5.887203893559472 -6.8567527552892615 -6.00281404879727 -5.949593374326157 -6.217196297412411 -4.286262222339939 0.26504244757177203 -6.405092808707372 -6.256711506693102 -3.279238631188376 -4.298667841259982 -1.0523114227340833 
150 -0.7017026710912705 -5.937257670007862 -5.9585147392333715 -5.915109058073252 -5.9791856917218915 -4.3542404645886155 -5.870272101501794 -6.253441576043103 -4.862340384280179 -5.8151641821311255 -5.580598330409769 -5.6120571018647265 -6.294255404811515 -5.5938663443074494 -5.417431344216507 -5.793658611822799 -6.284247001302535 -4.048210460890117 -6.111309221380275 -1.6929027526400322 
151 -5.528821975323097 -6.322199686699374 -6.3424965792829475 -6.7449724688677355 -6.658905672955827 -5.8843989157700145 -5.849871502832983 -6.39821677925914 -6.0590243609606125 -6.772751896543952 -6.518394266179382 -6.542879567557106 -6.445650658480105 -5.821309690137445 -6.743818008240576 -5.340101411825864 -4.10332755683478 -2.0061409513602615 -3.7656865464866502 -0.09578632946168075 
152 -2.5268478654184015 -2.666687559452757 -5.8077466043102195 -4.066125321004452 -6.0777006884544615 -6.030311896178831 -1.3760996212643966 -6.271968763421759 -6.798686599516998 -5.819485171670228 -6.161685106265941 -5.942326138375727 -6.667872790251579 -6.212152949288646 -5.81601379491016 -5.213122790191585 -4.858257741628927 -0.40760441164636796 -0.839027598488051 0.4953964653476536 
153 -6.044590805192808 -5.777365149628416 -5.772678580721884 -6.077430289770466 -5.670219016578129 -7.167737109842426 -6.185897253919133 -6.478903186612144 -5.621807938428626 -4.568005311814633 -5.365533008279405 -5.735303606805704 -6.758526493699192 -5.903169697266009 -5.45640196145561 -2.5444241751334267 -1.7120627653978273 -3.853064190345301 -6.001990184313081 -0.56398832158971 
154 -5.851244238530761 -5.888244062854656 -5.728736802105826 -5.818571641790965 -5.61441680692879 -6.074966578704915 -6.478960253397757 -6.653832055981713 -6.305319896286003 -6.673663922527188 -5.934639886842217 -5.305928906579288 -6.101916578621019 -6.08443476964008 0.03324005488915688 -1.5736129584576821 0.41800258866728435 1.4666541087291483 -5.099820609402327 -1.2097254600595932 
155 -0.9371656645261501 -1.759657460819598 -1.5134334419187907 -1.3811019124180581 -3.9346612174326134 -6.133026817717898 -6.893454459058615 -5.764719757365313 -5.08487417559669 -6.070902627734567 -5.906086581355314 -6.593183899655291 -6.81319178427737 -6.769417247995446 -6.710052603573525 -2.3127704641121984 -6.248825720103136 -1.1996655304089359 -0.1562726970733891 -2.021482144237566 
156 -3.667882097177503 -5.809621478332754 -5.714497574415916 -5.852642948291575 -5.052958480987321 -5.706327383267827 -5.992644973127849 -6.675547510320293 -6.221169673790112 -5.940049005924118 -6.602301506044258 -6.214867799131489 -0.6500818760319979 -6.126782619997581 -5.970172274217338 -6.394210573303186 -1.3167775151329284 -5.990338298731153 1.110732806376669 -5.138103954219338 
157 -5.502739034502378 -5.4596841719263765 -4.838776523532203 -6.018408156055419 -5.595632421355124 -6.636545752667182 -5.105523516557149 -6.379012945119584 -6.214558487181203 -6.6089796240610035 -6.387378164021515 -5.599649359278495 -6.275547584749672 -5.8225653794776635 -6.429927947948716 -6.539786249937636 -6.418065312551401 -6.1724841584206285 -6.300652560467425 -1.2578763107306934 
158 -3.8760623007339188 -3.869964629780573 -3.9025434392417173 -3.912161493364065 -6.5562844767752635 -6.076856955761619 -6.020533013738088 -6.320127470253053 -6.850788452750044 -6.780555513040454 -6.1977361605529895 -5.244942387348525 -6.461320785781907 -5.287457167353149 -0.7297791880721506 -5.8620072023922285 -5.814989142342818 -4.8995227716021414 -5.600038723853584 -2.38533476516765 
159 -1.3295112524433603 -3.2278207960465304 -6.128991579678669 -5.383370381181461 -6.07571303088309 -6.4645076076933625 -5.704065587702783 -6.497954638606503 -6.183507172640754 -6.038092136537692 -6.154442396600019 -6.494364119291378 -6.492147222269666 -5.630244723954617 -2.3391045671244304 -3.4963893795525784 -4.975519631808136 -5.811936926254104 -1.638047696825124 -1.5855210027082958 
160 -1.0209001867235428 -1.0095282171271722 -1.0298583930965213 -5.160603972684095 -5.564227131755763 -5.591122146313894 -6.934864920976229 -6.592706471892719 -5.695251482672666 -6.382323760061999 -3.825114880670425 -5.240562446025413 -6.7565234611909615 -5.2941736171581715 -5.781307098981562 -6.854055683176226 -6.380292036173387 -1.496067692556627 -3.605051510124332 -2.0048767531206395 
161 -3.632513524303665 -5.417944061505271 -6.132857864221988 -5.631089881982666 -1.4920160128293936 -5.910666633324341 -5.8420096564469395 -6.156678323267998 -6.718055306959454 -5.864663557984448 -6.5255280850019926 -5.070656205190927 -6.712450854045418 -6.53952851518373 -5.103861482425358 -6.604058155291246 -4.405161173011063 -6.299250377472152 -4.099019051510201 -0.012050247204931709 
162 -5.718391494170972 -5.86297979876907 -5.869135319339914 -4.529663937254697 -6.505383797171101 -6.111769246665917 -6.114692359253943 -5.770212817305286 -6.100306631506154 -6.270853331742848 -6.418640110185906 -5.7809146319307185 -6.679985347239413 -2.013951438322149 -6.054870010811037 -6.119187301473624 -2.9943330643256894 -5.2016788018913305 -3.2982710091731335 1.1335207973107404 
163 -4.697139032628295 -5.522209470391386 -5.8250216402035795 -4.577881524032415 -5.698699752736016 -6.254481360694403 -5.9113888646454935 -6.363352740953141 -5.965214781238695 -6.9280851683577565 -4.017813179726616 -6.499901662345649 -5.307521008114807 -5.986181523363815 -6.357775392135417 -6.169910681610162 0.004493959287825644 -2.707993806686558 -5.758277354161862 -0.011142050071380097 
164 -0.7249991196712312 -0.7144249690714937 -6.674553226859755 -5.221760925855927 -5.657473593364962 -6.042826392341004 -5.707804277480354 -5.851332740028847 -5.678012009913683 -6.9076710821877985 -5.606379505711027 -6.702037407217062 -5.733642092974841 -5.058410445086017 -6.699724019123287 -2.1115061293324664 -5.689101738430579 -5.28142623003283 -6.342266019430879 -1.093132210983586 
165 -1.0975720080024056 -1.2802885964271662 -1.3658576603076917 -1.7596834847145681 -1.7066934278949162 -5.275611030563029 -6.299447934192929 -6.311393053555505 -6.569881263340206 -6.369047357502786 -6.6922465590506395 -5.538826813159619 -1.7056798049854585 -6.176447446850903 -5.730838534715385 -2.012856359728211 -5.950323261963113 -5.872744921761687 3.017561733644758 -2.852315032112167 
166 -4.1441989902067515 -4.080707127026902 -6.608713026845491 -6.168965969165286 -6.5961322342972375 -6.320860050476616 -6.253242305448005 -5.29647002430238 -5.638610628932823 -6.621279415334274 -6.371434586645847 -6.4079519827972415 -4.198370633931715 -5.855696610251512 -2.820183030143232 -5.098146162794192 -6.1808632181564995 -4.377631633324971 -5.131599145876527 -5.403371454349974 
167 -2.161138165773018 -5.043268247912158 -4.49018590225115 -4.517078372211132 -6.417585035109589 -3.85492268018065 -6.003112128203414 -6.1260034027331 -5.906330685260019 -6.402942815788138 -5.925568102310016 -6.094841622577456 -5.527093565665939 -4.541776649855093 -6.439233145357715 -5.544189574383156 6.272677508886834 -2.3914688903533357 -0.8698013750792555 -4.695258355585052 
168 -4.8601712168808735 -5.864378263677216 -5.9557428131435906 -5.7977572105929704 -5.427920093396897 -6.931355660767591 -5.841188946164633 -6.302601201932583 -6.36682898134333 -5.942840032110328 -4.294056443380429 -6.081725139925045 -5.77596415953879 -6.1299536031876745 -3.2863794051427218 -6.041607957672574 -3.292084655388293 -3.2516901060537973 -0.07457639354701281 -3.752181960072632 
169 -3.555475817269044 -5.4570747786003 -5.440401506416451 -3.625048672920389 -3.421591580216308 -3.5790010578034983 -5.897470382925648 -6.6335488458519904 -6.643469505517618 -6.502612210700656 -6.089352809662812 -6.216934182186526 -6.259399348540595 -5.816112125946663 -5.929196059130555 -6.077590243622159 -0.3039937658577215 -3.630906300609387 -4.528539404581392 -5.770724923676816 
170 -5.52773591422716 -5.545012993087337 -5.569731744430789 -5.876573127786306 -5.693595268981935 -5.707465700749892 -6.602401886943237 -5.974250143509096 -6.375223076010452 -6.082162398508472 -5.761417680872345 -6.978176563068325 -6.5238876800027015 -6.678425788539938 -5.4208375920544976 -5.945348568576726 -6.157078067625313 -0.752925538851328 -4.400658216523077 -0.4640959750836595 
171 -6.78986383914508 -6.752072709556519 -6.759813141623907 -6.889124962637336 -5.558684985618318 -6.6142849378173105 -6.211170125073516 -6.35694945689087 -5.507107000698661 -6.222225861145508 -6.801431178368532 -6.277353576103547 -5.655376753644306 -6.3295929421181425 -5.3745595156234005 -5.730813210933696 -5.3231711677275255 -3.3002543912488185 -0.10737622173457494 -0.35901821097715864 
172 -5.017879320576772 -5.092295287811769 -6.148078542639061 -6.227918362238456 -6.733033871819192 -6.611482756137262 -6.573142209871823 -6.371991650400865 -5.75163522090036 -1.1085406038377539 -4.879602903046532 -6.578559840345357 -5.99901232221648 -5.45703560867454 -6.154016960898875 -6.189907773017794 -6.097298989568189 1.049548982842128 4.314504442045838 -3.369007985280938 
173 -4.735292867477257 -5.977119288490147 -6.201124585652154 -6.6171774651445245 -6.020707934909405 -6.731340851704195 -5.50990040390841 -5.5127352745755935 -6.324632242592069 -5.883289028980207 -6.499088825981816 -6.127733845714533 -5.993480911562945 -6.455747516257258 -5.699561208346749 -5.797865065878734 -3.120985469959293 -0.6035062157168979 -5.32056306937067 -5.352223572583639 
174 -5.33121657751782 -5.522434172107009 -5.547131714723711 -4.916295460230898 -6.108533811829948 -6.493975388529022 -6.573161650451433 -5.878343311671506 -6.516160212791504 -6.1523916164768675 -5.420578561441605 -5.82966670904209 -6.342167664110524 -6.563638159108636 -6.160189696454974 -6.213311697543566 -5.7175435608978935 -1.8871730474294233 -2.004683878404983 -0.6579094594906321 
175 -4.698814774349122 -4.652700860860591 -1.2967843277380433 -1.6153411691624666 -1.451899825736749 -6.090682968757609 -5.836013008288084 -6.518123560995026 -5.973926965663751 -6.653147414048979 -5.582950912326878 -6.1576329240172365 -1.622808859083299 -6.164980661645622 -5.747439950434707 -3.483555018461739 -6.344966726426016 -4.968685954566025 -5.945965078389676 -0.42931284174373685 
176 -1.0739755139711986 -1.0866226162425592 -1.5725988207592527 -1.5609297203635308 -3.4053678353133154 -1.30906262448035 -6.3962507505232775 -5.452165690396626 -6.021380758023103 -6.795066052462735 -5.778797957693917 -5.573241065581242 -4.844562103531274 -6.813220358752547 -6.154959310324505 -2.0822690282254173 -4.1774314070301 -3.2943293529727056 -2.949995378445897 -1.5623865398288859 
177 -3.5107439888567424 -3.865918613552462 -3.8628377035170587 -3.882836491283969 -6.576839042453121 -6.3301342449577005 -6.474240455463863 -5.46031027122693 -6.871060260783322 -5.4651985009891195 -3.6489035289368226 -6.675717599680361 -3.825337197507117 -6.237071770398378 -0.25102488203173223 -2.806391231212794 -2.189869516631981 -5.427929503457662 -1.2077736578424885 -6.146957239030523 
178 -5.527188466087115 -5.5029203133441005 -6.395676726470951 -6.0813175920249085 -6.702145432243959 -6.366455169001875 -6.345893166021592 -5.518358458623061 -6.447869190828637 -5.958613287420616 -6.516715165616765 -6.37992212717027 -6.417468224500056 -4.896704658671695 -6.112483214283109 -5.79098238485375 -6.274786846109906 -4.829297277728097 -3.510052619094952 -1.2885497076723094 
179 -4.939283796460616 -5.5218500691318155 -5.628434903530607 -5.620139003693115 -5.242321243564266 -5.769642839366592 -5.232293397710675 -6.065506926225861 -6.177899032749479 -5.361780288508927 -5.67272265689582 -5.395652042777139 -6.577286988341084 -6.1024399041688415 -6.326343216866786 -5.803720461099669 -5.161119449602092 -5.89599460894665 0.09296678992820427 -4.795483085168105 
180 -5.701866418864873 -7.062537838595197 -7.1464756923795845 -7.127873042444419 -6.261096077730226 -6.398334257492878 -6.651740960986001 -6.208346253172225 -6.100808031885108 -5.989856958464768 -6.442571234871733 -6.188031579950536 -5.366493474190408 -5.757465067292314 -6.15449137582009 -2.96852577260273 -2.480393673188028 -6.477820005678167 -0.09007628847455881 -0.21806117749091677 
181 -1.3854035551710115 -1.4010412799272387 -1.2517437062946408 -3.5538135176046763 -5.941462519458477 -6.396231851732482 -5.819808780354694 -5.836633966382983 -5.714529333293368 -5.763256292262257 -5.924838774156136 -6.305118134908883 -6.31756495291181 -5.781770663538921 -5.737258014793287 0.5318968124541126 -6.187123198559799 -6.422318361688878 -4.87467969107065 0.257275963663294 
182 -5.680384801850668 -5.726364286653553 -5.708581610535333 -5.692888908180854 -5.951227184015747 -5.53533214788523 -6.766324933474704 -5.305006228896016 -6.724691229907616 -4.849493272244768 -5.643464508576677 -6.5380914951930444 -6.3069299802064975 -2.8275595944044203 -1.2019138740572068 -3.4584718056927852 -6.022066998004833 0.8176444043545128 -0.87278407633907 -1.0911695503843486 
183 -3.08653695937907 -3.096045224501708 -6.265986336973576 -3.8453851983520533 -5.7720600195897 -6.192628247378398 -5.961577408578685 -6.299040009645725 -5.597925589981105 -6.528389280664049 -6.163855184168868 -5.167027748273237 -5.746175589209485 -5.438190802510267 -7.03389639505908 -5.722261153033435 -1.591308201963273 -4.587292346844764 -1.902503430597942 -5.927161417337997 
184 -0.964438924116957 -1.3502998663002144 -1.9899839640895405 -6.364511402780048 -6.440632002859898 -5.510681731205204 -6.670678434998341 -5.7456707939978005 -6.8177750622990665 -6.51701043095417 -6.124352015345494 -6.200811456236412 -5.689855719732456 -6.222619492221485 -6.612777925027567 -5.418033281103859 -6.074202127068641 -4.317009515232531 -2.838193846355683 0.1354504389496368 
185 -5.036873134793429 -6.681753849533999 -6.665714441156618 -7.096075822964861 -3.989283759382623 -4.4554481894938816 -5.867175453388495 -6.259494768205762 -5.787178716934512 -5.282191634764632 -6.160258045816359 -6.682304207596778 -5.860118013363681 -5.5321271885525345 -1.0058969268411515 -5.878441428760384 0.6801723452995196 -0.4080270101983702 -5.772470940542058 -1.731313638520574 
186 -5.14729343892061 -5.33662156362952 -5.510446690896477 -5.6932844738332555 -6.335546496439264 -5.3559604477912774 -5.854277659142076 -6.400092729179728 -6.470026270829543 -4.6251705577375954 -5.4151415778772645 -5.685935954681545 -6.696607089463189 -5.517374584357659 -2.4105664780219054 -1.9608873562813833 -6.650328918997596 -4.606075298677048 -0.7864231650373225 -1.155198961131134 
187 -0.9204110964623273 -3.8226934146984877 -3.750019944709805 -3.710532262156677 -6.560602614932375 -5.165253090472207 -5.831085541232472 -6.477910799621974 -6.198559790799305 -6.0805089892241835 -6.323186747586848 -5.980361556666994 -6.377582277132798 -5.166191569889236 -6.079853154087494 -2.802565210914132 0.08606241331050697 -6.830992573162093 0.5734934816294908 -5.233088171598007 
188 -1.054680170618419 -1.118436456833269 -2.6150768324696188 -4.811215541971727 -5.77023108964269 -6.492044042765207 -5.957778993089077 -6.600832591567451 -6.312961718759428 -4.931344534354303 -5.648758767160358 -5.258720062200942 -5.129944910135056 -6.150679059881106 -6.74423713728595 -5.616250754302553 -6.58853612064093 -5.522164536718417 -2.1068206406500334 1.5554097656756576 
189 -5.249856728050695 -5.346933590930793 -1.805098333862163 -6.224286547587267 -5.570795761699654 -6.113524525134461 -6.57110940699557 -6.395312865683181 -6.070123461192645 -6.078954604994535 -6.329202147948275 -6.516789854734776 -5.3232787962655825 -6.184351123948234 -4.144279467074794 1.7412937079526718 -2.5383421055218554 -5.4793034714396285 -4.768824205826806 -0.7592965476968395 
190 -1.515399526735493 -1.5545198321057543 -1.644764856371656 -1.420157400126651 -6.648830102103467 -3.4726847231736064 -5.337927210268687 -5.664157576805764 -6.157993575775938 -6.605244230406026 -1.6881780170395533 -5.000393849075481 -5.763692560991908 -6.621703428023952 -6.41729912216544 -5.461848572215234 -6.281773058889749 -6.121472329368071 -3.869656509204603 -4.215093733738759 
191 -5.217563811917086 -4.888305684324783 -5.517643966216734 -5.906005203018108 -6.024916737127382 -5.480805479763023 -6.092323397134181 -6.25685676525802 -6.299225735555649 -6.018645855075504 -6.514745407788352 -5.46914895911045 -6.148311346626127 -5.876636147737957 -6.99663251665615 -6.286371293309295 -4.6343269781894225 -6.446384099536625 -0.17517205477585815 -4.926653757707878 
192 -4.189987732961174 -4.158662185950074 -5.279085471861739 -5.4615865766926746 -5.551148689300422 -5.31633610434703 -6.676731308415266 -6.616715451625931 -6.463542352906601 -5.49165558668519 -6.786231866614675 -5.568904746323858 -6.5162358951588875 -5.612493733004678 -5.213028062816471 -5.681446365432999 -6.6259240187815225 -5.688132868734226 -0.10393702900623251 -2.62740360718595 
193 -5.314550875300747 -5.51843550621665 -5.621828109135225 -5.579999216056089 -5.313567422494854 -6.11650052781613 -6.2937409414303165 -5.983557848692119 -6.104846211981003 -6.1336766089640795 -6.193800220149537 -5.978077189258344 -6.2014917517487085 -6.410009331477666 -5.651123781065489 -2.788023956718528 -5.817085627996747 -0.23364255056586944 -4.828550748517102 -1.2703429083802622 
194 -1.2804655868310706 -4.5243084071123985 -5.123534037258966 -4.718047951903613 -5.629674336050541 -6.527260682227615 -6.386908117670877 -5.532236776141234 -6.423666440079074 -6.728546896370361 -3.765732658842301 -5.44209404713899 -6.536821278872097 -5.124451832591201 -5.889513694867404 -0.008981136536526593 -4.051412467737381 -3.540621669368384 -3.758267339560757 0.2678157657634434 
195 -3.393673609006486 -3.3815940870639514 -3.4317316321150066 -6.018956581424292 -5.633959414560925 -5.754085927321945 -7.024546284333077 -6.438061144607876 -6.267723918096106 -5.972880421828288 -5.953354056201393 -6.582375457833759 -6.393423556708723 -6.150643822192264 -6.355759622903764 -6.110599727970994 -3.449260825781896 -3.7375614618595647 -1.6404479116478516 -4.928766267303678 
196 -1.3577550557728901 -5.25390409272905 -5.304578503956232 -1.4932176491556517 -6.758100876376257 -6.690728329625935 -5.9295630589417465 -6.29802843656294 -6.3734144804287585 -6.289792780402049 -5.322218005387273 -7.067486354718475 -6.31108608472095 -5.681089482790434 -6.639307705636702 -6.195824394003372 -5.332038798467442 -3.7165871637806114 -4.770417797844345 -5.613200582151856 
197 -1.0115699362206407 -5.238841115109751 -1.5551406134488337 -5.586982132224473 -1.2938584373844517 -6.170005209575678 -5.22513124463139 -6.076398233151466 -5.78037266675173 -5.983964995859641 -5.84140218055634 -6.172305204921286 -6.581777515240194 -6.552305926214482 -5.721105947828884 -4.978900286550573 -5.761178302041426 -3.637707069674054 -5.3399399696220105 -3.270393853497523 
198 -2.555038143557419 -2.601350256499109 -5.365043001144759 -5.7012431665648595 -5.897244245085241 -5.962804183746776 -5.930607721448202 -7.353814470248063 -6.176100118735383 -6.218784914752801 -5.689780898503137 -5.735860376951432 -6.53367254799215 -2.3454564701922234 -6.451020207769356 -5.742911048786393 -6.439556346894815 -3.5669429010575704 -0.44082362472142383 -0.8188422335544155 
199 -2.5890017475431466 -2.320450115530036 -2.6389691484727185 -3.2961123744244727 -5.747796217804409 -6.189071976727222 -6.735736942260146 -7.067253300336776 -5.969615772839454 -6.107137488549464 -6.393249128770215 -6.209340301997305 -6.1457259301252325 -6.440847514750159 -6.108845924508607 -6.43030878298389 -6.495779144794779 -4.999445882869038 -0.6158410342025626 -3.2120450505250453 
