0 0.041154762982009555 0.0486753116647731 0.03615571904947288 0.1639953665230172 0.13864625955027934 0.1146754332363747 0.12309420856263187 0.19014962974215788 0.11550026140195453 0.021141153790939254 0.16192159914111973 0.24835357953464005 0.13402630617554026 0.2687958139596877 0.16244320944933677 5.2444847965746e-05 0.03064701923381423 0.017052746329431524 0.09901233662932113 0.019944610014150422 
1 0.17825973821166824 0.16995048405835786 0.18718698385624405 0.1977371915542803 0.2321099914082268 0.268513516354633 0.2881903353226687 0.2018313247301001 0.10453174750982602 0.2771719018326514 0.2076994475323938 0.18776788187319718 0.1809062213722335 0.22034060799072297 0.035077947926485734 0.05121751822382436 0.01184322623498069 0.004162612689693949 0.010297856683377082 0.026258700593070193 
2 0.0007990632008131931 0.025616545624739476 0.0009122157340240142 0.01691976238135176 0.1760702050513684 0.0017106719510787028 0.20759169981247652 0.22755522270940742 0.1496074492516959 0.07312844904397046 0.11680308727121647 0.24086368866501054 0.082374310910686 0.11753083401304058 0.11744029288289291 0.022090121098798855 0.0031015768807962233 0.02249474619790378 0.015599781686155226 0.0012259823312301737 
3 0.016410697035945214 0.006547116552530329 0.1230594489974204 0.10646004795893203 0.2887284693005641 0.29901186772543076 0.0038607173835667813 0.12724655884408048 0.1420317526740172 0.35952587274751036 0.24178572936775092 0.1634672723680872 0.1635594068657918 0.010276570859725534 0.052309549456559384 0.037495725281597794 0.07052090523481794 0.0025443575334237636 0.018628768309742236 0.09937180427650809 
4 0.09494486306001457 0.10433057670362794 0.09658764174271764 0.09720499134581471 0.14291339570167721 0.22524871383144057 0.052062036647025134 0.013435033272408003 0.24740765627232053 0.13802016914348877 0.024461460718102394 0.10706661390969581 0.14047184972418017 0.058363865670271506 0.13830127542627482 0.15302866079387464 0.013205348893074242 0.006161039075410166 0.004092089592169443 0.13404709595957714 
5 0.02432060096514639 0.030393346492521876 0.21121449277777582 0.1938467218004944 0.16931635194173442 0.17408089736244864 0.2930115788264587 0.20309396247123526 0.18666099366205807 0.20266085796559913 0.158956224753871 0.20454842596290737 0.20925560508566143 0.28412830074353257 0.1795873954995292 0.21327278055740434 0.013511517180968421 0.008984633825972218 0.0017129400106295403 0.0010174230735342958 
6 0.02280593226703954 0.04843962062154183 0.03438427340782521 0.029622740101015097 0.11085738368069047 0.17978022996616685 0.03689187742982456 0.22966027356958416 0.24934099311826505 0.2031682381321961 0.08699762926944146 0.10713007621447258 0.057177731107771204 0.2194761943488267 0.09985951047886829 0.0391428549976348 0.12966880439625067 0.0017262906549578376 0.027851243299849882 0.01297121923311697 
7 0.0554164711789326 0.06493916323638708 0.06367436843039584 0.07252408261484793 0.051442535152561586 0.16947397906466008 0.1301996072660264 0.1944868611401894 0.22678989921372428 0.14415542892731406 0.07066293055210218 0.011362243820854068 0.1846429184684344 0.02786901081413498 0.13552883300811525 0.18617038983957754 0.12009181745446652 0.004290210305359115 0.12674019212677254 0.0021423793348361686 
8 0.026439190715297708 0.029485647384259833 0.14633343358653902 0.09457865234882318 0.06068247343349073 0.11531348916802367 0.04340574407004467 0.07159366688960075 0.08598362427537684 0.20335707579877405 0.19764661589202367 0.19915897180311257 0.1751261850828498 0.1305318630149785 0.3304768854458426 0.03152752406554783 0.18407724228586964 0.001531047583463542 0.243630478897952 0.02829219197254923 
9 0.003881672752262306 0.007360836723116864 0.05793434763215932 0.08983102980705429 0.21102124863324603 0.08257070118912427 0.1866025625825367 0.11331144515271188 0.30316158101156276 0.17731658983786486 0.2865258512228378 0.15441249184557887 0.1334609918009403 0.12302593398628292 0.04134703263834724 0.24323823510256207 0.015046847985169367 0.04770751362804359 0.007381598814199754 0.0007386626499031776 
10 0.03104937417793172 0.04706893866919071 0.028001043860147127 0.04727453388861545 0.16664122313431534 0.2969194727510662 0.2199584483092854 0.1338362154782498 0.27598813795235755 0.23992498395197542 0.339625515787493 0.28569693695301535 0.04046234728134524 0.31275166176925107 0.1454413103124498 0.015993264534981365 0.23146837732173486 0.021228833237052495 0.13587735650534155 0.04578902920054261 
11 0.09660781454063963 0.08658704963459818 0.09799144068076496 0.09911882884886498 0.001208526024284902 0.1890513560582051 0.203585362457016 0.16950560875552484 0.1875950187674477 0.019622186841501563 0.20124458335612544 0.17383869568063134 0.1988093498393896 0.055849746476836507 0.0059959584306882195 0.25987489200488695 0.005427439826407973 0.11641723790088566 0.0004789891780766459 0.016926889089442357 
12 0.0012419282559153737 0.050202991525572206 0.08990151620895653 0.013280901679715648 0.055046578195133436 0.21859364676988835 0.034273935136724346 0.2510216061709562 0.017103374259072514 0.1250782077484372 0.19420379669887095 0.05696540852501402 0.06249206146967644 0.15191229688079444 0.23483996708242327 0.09693762845643697 0.1369161578337396 0.020867535031507498 0.03508986555970422 0.005947107583614717 
13 0.07084291488057833 0.08512523068651329 0.053563439840092084 0.13733987937673578 0.05648129094484076 0.1751916444960372 0.06636157811115219 0.32075683876288336 0.2137051017014114 0.18389907538928724 0.2247237849483501 0.04380949644317483 0.08860074797592554 0.1788318913380229 0.2260664968899592 0.0076376399945879215 0.0030306527988409044 0.00044359476606641246 0.09061339468200796 0.00499473251300674 
14 0.11638494267437434 0.10638466548749262 0.11963165080793356 0.084317331136105 0.19102183477714652 0.1731852340672833 0.08392751915874323 0.12705921829567088 0.13336755433929454 0.09420342351206923 0.2637325790396421 0.22412069893324146 0.13414117259187297 0.26092640718251997 0.2149903395434436 0.015710878838846035 0.001885897350829013 0.1270789443085552 0.005415733986333595 0.01466545066097639 
15 0.19975190397935866 0.19416685494401972 0.1950547697892368 0.06320379826104251 0.019031624343115373 0.17654757152920122 0.1962346696581908 0.17765012048634943 0.18559301757583418 0.2627728950227143 0.1055098475585575 0.3079058357077647 0.26145942054863225 0.2378667445076246 0.240763137551611 0.0212842173359965 0.015057720905670032 0.0003708562506929913 0.023507368847925526 0.008035112975591806 
16 0.009086698763177796 0.15325087856636316 0.009259698703953247 0.20047024382408163 0.24661093897958336 0.2597335095797245 0.2558273308441866 0.06465750110568584 0.13076707861925665 0.12089653677058768 0.06458332449771699 0.0013571055896416905 0.1338428428356195 0.11141178244242723 0.2238320905913881 0.00040280723966542887 0.19123642828064966 0.019244662744337167 0.009861668512024283 0.01983356003739439 
17 0.0015146812855369573 0.0022229288695351916 0.017798089156220522 0.22389101754539187 0.10657317154434896 0.17815770216071422 0.3344837334045913 0.1743092967114038 0.11712077777383165 0.27213311167407056 0.3004296603982751 0.12119709600671141 0.09746573012393295 0.007943970141111985 0.17015335531748566 0.0032211935535207707 0.003992170997234527 0.13229028308127017 0.0025897831455202794 0.0001698894922903929 
18 0.006073924697891139 0.002710273411687856 0.20804198716761918 0.1651631355213259 0.1816594828220558 0.15359365237397324 0.21817862676869218 0.10139047154754996 0.060951506612575465 0.11008502203356349 0.17680190265486412 0.15073485145112295 0.04183163806343618 0.005872040988463115 0.13433127222911245 0.14197192816444235 0.14345406464616975 0.1611395300956494 0.16652262037308363 0.05164605776805243 
19 0.012212045776535578 0.011233533115153673 0.18988898383407302 0.11248276236173746 0.07153001450581253 0.07778127728058606 0.09748342234693645 0.1161597982820346 0.21007957395545593 0.12352798798279374 0.25622104587082195 0.1551888071464099 0.26055168729901024 0.20358923154430095 0.1694393410829429 0.0031062235527225964 0.24213269040931457 0.00120823872246109 0.014177081970154902 0.00545491597681762 
20 0.01112956981004468 0.08585542363489192 0.07694705148342071 0.18507433537163673 0.01994949500282776 0.2535792137490126 0.19584325965182708 0.2078921762694657 0.1861976767049459 0.1391001905909854 0.11436358014493006 0.0845563780714831 0.18242768784998342 0.23331249132855342 0.007561592750764866 0.016191423139426148 0.11621093151283679 0.35085358492301444 0.00030552856048457743 0.0014901056544449768 
21 0.03844543370613314 0.021671278414708055 0.18597566974495106 0.1993569832721343 0.2229389310574309 0.20846115250555153 0.21166801737446264 0.1483988266784013 0.17595840031535578 0.13319890427202402 0.07966233660849163 0.19522636523060483 0.1714168046266727 0.12454853370018659 0.21100852831179062 0.02223882332776677 0.09558945375597505 0.08449743591097841 0.0548599478678142 0.0028180071144590893 
22 0.10372496660821251 0.08913732292061421 0.16146313035522342 0.10791251339092411 0.1835656249761921 0.13471535019792152 0.19158427375422193 0.25118043377127025 0.17729979017966466 0.23144696257068995 0.16079877703920836 0.24109676456977666 0.1512160256689173 0.032500147470088836 0.26733299060427723 0.018045186132016194 0.21714696280333345 0.10817127865440415 0.0010863885849679842 0.011260033399521443 
23 0.09215943872115377 0.10161995447193566 0.08471773613199406 0.16235608895118464 0.0812183327961696 0.21464660667145816 0.17888394289649356 0.2114124966289734 0.23383326606245025 0.09777287609783367 0.24159733157501903 0.13528691966606876 0.15994260488663598 0.056692323316351684 0.19749242913517268 0.16561442015884686 0.05837037052691493 0.1218579324791579 0.03478650608283075 0.00922016981706444 
24 0.07340592565199718 0.0778833266358038 0.1152940954039847 0.1098596635670678 0.0968039724497346 0.012807339585509964 0.10537821015049643 0.004002730735151632 0.09120944198302382 0.2631561051418626 0.2670080731435369 0.18612488080835368 0.2477097796743139 0.03718483023819243 0.1928889055499434 0.07930774742397496 0.03458091597086542 0.09062797736331832 0.005566903465651446 0.00921456527261039 
25 0.12143925882615128 0.1163243212678897 0.1598461257952902 0.23633026990303585 0.1808152875326704 0.1540334200930539 0.13067917120426933 0.22993346937067688 0.20185203140909114 0.22031014535832152 0.17982206230094808 0.12268308349408791 0.051761163585562056 0.03586738888617526 0.13777978619612877 0.32849015862119474 0.12958723730012853 0.015484716453657017 0.0007108080533664067 0.030845180954962685 
26 9.782357336649099e-05 0.2020257495312991 0.10136371556101681 0.2136993905321485 0.02901782186203727 0.2091356069714479 0.1299187160001908 0.15200426826462599 0.19013925821034255 0.1479529863438677 0.13268795836030714 0.10875215203082526 0.0718122066252061 0.15690704616181367 0.04766371563843567 0.0976265007732592 0.09870524543695511 0.03636807675010438 0.05648583002402001 0.005596365809057575 
27 0.0477922003660005 0.14495503154629402 0.24325351237770484 0.2648013841647072 0.26043800395756767 0.2866624386380198 0.13969439019536883 0.1551757681272556 0.1606441395590372 0.2510868779267199 0.03323005442426097 0.1261943214580119 0.2249164115548841 0.11676039109557299 0.1090669736915179 0.1588652650545222 0.05585963370750208 0.08439071337145673 0.00032256006718882536 0.0008216546708196005 
28 0.103366968928139 0.15894347436929626 0.1498485634591667 0.20910281125687588 0.1066936447965993 0.22747164405173234 0.25999890321885233 0.045736741075378284 0.21492682906806077 0.17690251837523202 0.2044471948566161 0.2657864539542146 0.011061539720119121 0.0482266976476235 0.11474326053614901 0.01246027458411677 0.15668212517307256 0.030384755295228588 2.9585060506971323e-05 0.00012903701535246312 
29 0.015306991490927924 0.054710980452331165 0.07513802767148108 0.14553286171801302 0.14272369259898277 0.0020646022169398316 0.13306680412932007 0.14366334115862855 0.04438950732781079 0.05707015535688474 0.12783773581808755 0.035539926640874506 0.1669513110659394 0.1575588928066187 0.20247045373745648 0.07851978511843552 0.13352514003173965 0.0028905220881850933 1.978919169615864e-05 0.04779388146107202 
30 0.03536947156307462 0.030524305839118825 0.05757359064262856 0.11019249036106245 0.03129610925753475 0.21516406029762528 0.2502079664007853 0.18328236950352664 0.269435442007185 0.19944967460447072 0.15351063868541653 0.18072783412601967 0.09529803643650213 0.21314909552922084 0.005663544349422521 0.08268202802204755 0.16626652331251418 0.0036891638778767614 0.00045194431381216134 0.0031490338862927734 
31 0.0627565089907587 0.07750320215614533 0.09449877194393043 0.06770504541310579 0.0719902842771534 0.011199727150119127 0.14350143561874512 0.2894530870537988 0.06405634716833099 0.12591045625587682 0.10527575195386212 0.011683570302142683 0.2269152467616375 0.0792536680655863 0.2271893946321195 0.07277829988378477 0.17298028823337186 0.0041336091445237965 0.0018620287527993358 0.01557728390375551 
32 0.14472137660152581 0.008262664680831276 0.06481410681224545 0.036318951483214665 0.054849040549172806 0.13845532833476723 0.2586148603285675 0.0059759433202631815 0.23195942094960864 0.11892214005711696 0.1706066675065217 0.00017602920567140346 0.2322959657075876 0.23266596747586715 0.11386551365738297 0.08129954989467021 0.0013957220594851914 0.12261910256242135 0.22691993703807714 0.024303756725115568 
33 0.11424295853555362 0.06612314549407164 0.1140882110142252 0.1325425624019169 0.34607717856969683 0.284376637996155 0.18121983447127382 0.10313809591129025 0.15255069416167757 0.21601270423503469 0.17624968586147224 0.2545924215730454 0.03336187662598969 0.09104808766522962 0.052171973028724804 0.24919792186210102 8.805565769094574e-05 0.21688618706992274 0.0024648734962137977 0.15398762357334364 
34 0.119330048451675 0.1156168115811129 0.09597941250044222 0.2374325576569804 0.1742526999953396 0.19089668747328734 0.2284424753361312 0.2392160099693653 0.12101699526488016 0.20275002686440716 0.18734801527888417 0.2254082773649716 0.16682602753553233 0.19289653124542525 0.12500872233973798 0.10459755247749745 0.01801874183970341 5.296352068089495e-05 0.04302696000996603 0.02498866818771083 
35 0.013023857066253813 0.0021577347375653705 0.001666396370577371 0.08954653408011183 0.08478527549293116 0.27107580274146054 0.2213044338723813 0.14161693018358137 0.15697187328274953 0.15083562215504365 0.12339936538353935 0.20296791741996578 0.09335900086999793 0.07722498003376721 0.17099264061345393 0.11122716307238933 0.1275850204606384 0.12406438773884755 0.09576989490355642 0.17546308244888079 
36 0.14495024294456754 0.1416088136216654 0.12726612322950154 0.164828771984691 0.16060852719159086 0.15367292290286066 0.13788159276916861 0.19542601004014878 0.18604163443196536 0.21891462773085912 0.13568931620671393 0.24629468128335422 0.08877211982969116 0.16473101051863118 0.05253470725638943 0.014914560203069827 0.004150484942815053 0.16915765981884778 0.019947533875145165 0.00010480237258040875 
37 0.04337231104556678 0.04228541415542658 0.2266936963094301 0.15719585042836914 0.16735766459858795 0.20991984957633755 0.01362616695823162 0.12225824443866908 0.1399481717773297 0.10792134481465038 0.078985648525606 0.18806975621485442 0.17605774346869205 0.2337895318378521 0.08385541816266583 0.02636647033348021 0.007235872091211507 0.0014366768917032206 0.0007836783159777502 0.012815538963486438 
38 0.005952183312325883 0.007049307642645913 0.008285687401322477 0.2522789498415803 0.17254842819595778 0.1606540687553569 0.08879662847739055 0.12140530152562488 0.29793238385944704 0.07793393974733931 0.3184206590647299 0.2222913742482054 0.16854619071948568 0.2850607468503339 0.15611234316669187 0.21941340356655403 0.05754119265842511 0.005448155912428926 0.0023274515249846143 0.0041033231611281125 
39 0.08945418943662153 0.05993553083835352 0.1386963207485467 0.002966392647258252 0.04343734250788396 0.11974242929375635 0.1723868120441988 0.01593607308453215 0.2405815002904515 0.13623243360791373 0.1803789088521538 0.23439361992693392 0.19645151925378437 0.050377273937263115 0.13842638538845112 0.0010764715832056676 0.008004876481494852 0.005269769712915047 0.05750543250879273 0.09268226355344207 
40 0.008445655999234757 0.039018006782592145 0.05529902425906087 0.025660600303548158 0.08953855234438078 0.02321607703170664 0.2528736873289687 0.17986508537375812 0.18823100105871954 0.19521915216605473 0.21545897666298322 0.112885446905479 0.1967860695760448 0.021687090741166738 0.026680067772243278 0.1326237119094242 0.006681539114549039 0.11922503225802779 0.00395856297141825 0.02659738540272296 
41 0.004933475217075119 0.13429082419576638 0.12991803014340564 0.2047240585754523 0.17312874013590682 0.24203146976993928 0.17653272043748605 0.19429251628453195 0.22748711740584288 0.31439821122384914 0.015484406914715884 0.20973693446814315 0.3211715352543991 0.2044904436187845 0.22078235337217458 0.10009176669173647 0.1384521828063563 0.053227800435885674 0.13906776446370964 0.1002954964520793 
42 0.005596740185250244 0.07316770930188593 0.0759298891878193 0.03742941596980158 0.24927339599618703 0.05889457989784676 0.061749536183330456 0.1726837961861004 0.1660620749180264 0.17679220658886544 0.023420541425873236 0.0326961109666479 0.029949856450845757 0.08610771384282118 0.2037917018630026 7.218720650733153e-05 0.029502235082419316 0.0854803256941446 0.08717269979051219 0.002467783456441966 
43 0.0027945288351750057 0.0006293621277624089 0.0002490208141368441 0.17772889725768592 0.09715135858228002 0.20201628933280896 0.15828775463830447 0.09872877099738693 0.17219936948592965 0.17679520408171062 0.2564419706618599 0.2111545471191944 0.29245881765547443 0.29868120165015943 0.1915485409425865 0.04965429875874466 0.0997130959916942 0.001835544167139916 0.028738399454280063 0.01490617426579639 
44 0.1445333854834631 0.2241376379289366 0.21663048000817559 0.18687962002453778 0.14084794579589405 0.20473786404595348 0.18370575579998488 0.11778615725995051 0.05428747449762466 0.05566230372385344 0.18872337047624274 0.2314062134452769 0.08428675194433988 0.1422478266456279 0.06932700697481387 0.22581018423039717 0.06445986459075136 0.012006061225246556 5.1197832887332085e-05 0.004852486979000959 
45 0.10820477109009755 0.13312399589042329 0.25258439925037557 0.1668608122149651 0.261070254286072 0.25113249196401244 0.22089185041633672 0.17126093183626462 0.2151046928398643 0.28358724257072326 0.21495973780642688 0.014899443993798413 0.07602204396088927 0.2598914917954211 0.18642414338113245 0.016671867336240778 0.0002787115788885427 0.0005632935505744594 0.012975372038548908 0.0010690103758441807 
46 0.12206008717820835 0.11921842575142651 0.10054923367001965 0.10378197566489697 0.13416555240084116 0.05018044822730507 0.20975379022332252 0.13396097563558243 0.2077531678193596 0.097931847654149 0.08837458003370395 0.06833518253755694 0.19616354928322413 0.1359885981189849 0.060135625550238936 0.0001293133020347186 0.12624127918907296 0.05899527818198635 0.011034233387207807 0.00013512546208445877 
47 0.0749634118707137 0.08313128203458828 0.08055340253078767 0.05926462560051833 0.06630706505310807 0.18803587097136681 0.08541984323173298 0.26482434822921985 0.1653217515337159 0.26356677072994855 0.17719464616392402 0.23097002772223146 0.2441352866027608 0.005378231052106536 0.048180720792246244 0.08182895999059456 0.1858487568165476 0.007992548185893402 0.03662006087011872 0.005483811550535897 
48 0.12174741765744387 0.12394517355490739 0.17924013002607875 0.28009130842370134 0.0009134693963724051 0.033696493363276 0.06674006004023848 0.10237563944024412 0.2515722952220056 0.10541131548572638 0.012783036141491025 0.2342024383868139 0.15512847428352947 0.04309462247947922 0.15967981511870422 0.000600069973708021 0.09025011313133148 0.0026686409877794983 0.03955528378754734 0.1307523972813629 
49 0.0007956325405663472 0.0013735812048159485 0.03310436603655668 0.16430282973185367 0.09703321043878818 0.2578231445794702 0.17681252040587542 0.12349819030497819 0.17258026061016446 0.12873013267526512 0.12395486187501122 0.08817059862709427 0.03563775799210167 0.08871744535178837 0.06457373621776014 0.1831908398529472 0.16014612725398392 0.0011861720067774827 0.05551881890657606 0.1094411002810616 
50 0.07839326957583054 0.08732026332317394 0.07752820260260365 0.09262111302395562 0.16862505534765757 0.25980362603298923 0.14569255661889638 0.22949008375399788 0.1907797427570714 0.10562760000186125 0.10470138602424114 0.2104219571810804 0.1854545870377553 0.058728188172168336 0.09027519493798415 0.00020857145797844665 0.08909788781119043 0.008329685322847157 0.0037671526159101954 0.0023974835200236758 
51 0.10516238670628267 0.16657100219518367 0.0667954097900269 0.07763057559748152 0.20823033286199857 0.2533486035594673 0.22842018443433926 0.13406180535596868 0.18760769991510118 0.20776087638967727 0.18958163830658725 0.2605949550956483 0.24987923428197745 0.16245658962550671 0.14721377966308852 0.10104282911812053 0.1631313289500596 0.002469905963166692 0.03824063769897444 0.006998847179998691 
52 0.007048459096281007 0.0071218494833224935 0.0024166764248957913 0.16652219641889485 0.022167076736318413 0.308767988956329 0.14509853906932985 0.10177204388051023 0.2695012285012683 0.12792862714688058 0.010648002435025564 0.024992420111317706 0.14765199464385792 0.07487977667429757 0.2644161791355827 0.17713973686538703 0.0036383943929801307 0.00022130810209764067 0.01086914524934477 0.0007121124385859413 
53 0.004653406150840561 0.008366415626947314 0.00617084559950745 0.18764701718771254 0.25926974028464456 0.19850816889338907 0.14970666779345398 0.03444622945483312 0.18289059239671093 0.1652531074275499 0.0592204479234148 0.14768608478200387 0.004946827238435959 0.19652332285773025 0.04435948976154579 0.09624688528002118 0.06085849579264899 5.080375631323323e-06 0.19814312750067853 0.0040302639324436736 
54 0.05689808971357516 0.09210991733510936 0.09616252108960324 0.07847365443004126 0.08527245728582368 0.1746736497758224 0.06707004700953793 0.16837314211652654 0.1295664808587697 0.2106036973309736 0.07223375699933121 0.11287283226022894 0.18073068161437061 0.1370126976896344 0.03588853445237909 0.18955362838847348 0.03737196111145227 0.028080039769886968 0.010769173473359426 0.0056547956208837825 
55 0.01520879716439448 0.006773332875988715 0.019126004895099854 0.012152234255869192 0.1617861856237871 0.17102851194830393 0.008068894748361687 0.21575509745790605 0.10490940530594833 0.17134094934149868 0.10248496707056222 0.14629427522414123 0.016431577986497966 0.18344255466891563 0.16638458945469206 0.11493401356221807 0.005357611496009778 0.01441538785686147 0.06561286742530763 0.0027348980814229217 
56 0.20221272856340602 0.08951450166713257 0.03713700216368354 0.058803076233291625 0.11749003344483408 0.18179993299832065 0.2375893029005002 0.07132348296667997 0.05324778517395623 0.35567494651203313 0.21750148935563768 0.2833364189065537 0.20256012754443503 0.10157853962224496 0.23919633700777643 0.0353376497779371 0.2572986432257919 0.007036994074663814 0.00028954852983726514 0.026150407683237342 
57 0.24285598215485027 0.24880596179730874 0.2740756527982776 0.21767802887437826 0.14571941041282205 0.032509646797878086 0.15332005237759186 0.1909331803755631 0.15803523951068982 0.21654031900124332 0.234812954191298 0.09947396974683588 0.1726951898245571 0.23105453860537703 0.09091204983564904 0.1401684288196891 0.01763964499004141 0.009168005649027634 0.10907072982283789 0.06565702707895416 
58 0.07949609607886049 0.06347170691402136 0.11678522088842423 0.1653901287876987 0.1922927589618828 0.23883611351757586 0.09746174460144802 0.23964870897490173 0.2092980548711032 0.08573932882062225 0.05947098972647417 0.295554638611236 0.0188810151969746 0.23087554881068825 0.0010100535453454714 0.06724731470914555 0.14827623509367166 0.0003950128962320258 0.10130037218389512 0.050367382254768396 
59 0.1327960234142338 0.13044398534930857 0.15529110598758328 0.2481284548701828 0.1641787909325641 0.30174221599151985 0.23543163399705325 0.13802804416780926 0.21757432419384487 0.14453046920297566 0.002024085174305348 0.2646878227423976 0.2245296702145972 0.13303072712750066 0.2581753553114433 0.16755321778125803 0.0686356991451462 0.05331165477248735 0.006008589849284495 0.0009558338715063276 
60 0.14743927328858233 0.16493696291448914 0.16282196453098066 0.16240343169614638 0.15112471245041054 0.302189748122403 0.1743506033153622 0.10896838322406148 0.2858049014427183 0.20347737249803913 0.19271163575134467 0.12029364420288532 0.08096819410447635 0.1717264486363022 0.12194416742157896 0.00132278368902205 0.08242158665052704 0.0038914471117108495 0.10961691560428505 0.0003724010644899333 
61 0.01720271208671974 0.06060159205982332 0.24265338051230084 0.19912365030134738 0.06308837910732062 0.14602318068763398 0.26459535544602775 0.08138216285405837 0.09309061277266639 0.06405668654293241 0.15242474070662318 0.11093441948096976 0.08716714526388716 0.13244810854480873 0.16124003899699582 0.07825331497912373 0.016394200332998946 0.1778952502677347 0.012421368572337995 0.00215290562045698 
62 0.03410255924325206 0.014869264615772544 0.10129586888286954 0.07138403961219214 0.22358669413940527 0.07887917276755806 0.017415712710379602 0.12493950336147099 0.32228063442847166 0.14051262734162398 0.13712824160360873 0.21101119263525026 0.18355409982996884 0.2230208745495113 0.044156111227648585 0.04307563843847094 0.002643714347629528 0.06103487270020326 0.006415112292962965 0.0012903990641466186 
63 0.0013437118165328837 0.0037914087030840446 0.0033095946360946786 0.13992588757060645 0.24724033022623515 0.1909271879875021 0.1763062587336843 0.27655841029124667 0.21536121718736778 0.21940938070530003 0.20792027627081167 0.23637889491160002 0.24175825117503985 0.09652596147141428 0.14727711829512427 0.008522297652571474 0.19096079515461906 0.059300935999831245 0.06441019401579712 0.0020523750100543527 
64 0.08340143402350557 0.11948687761037952 0.08287595488739144 0.13052723177124165 0.15973600871220417 0.2927468255104554 0.055509366347181274 0.14340137197504754 0.22600585109292767 0.2034647828679419 0.18209039568440516 0.045234019798059064 0.07826656616438134 0.12650872996194176 0.21355011607909508 0.18103537853782597 0.12453245116575143 0.016108795336754113 0.08509278097503672 0.019851502906121674 
65 0.17271663288972816 0.18682291399627277 0.20863993762313368 0.10061409784587962 0.11428769241305305 0.12746236966233004 0.1712407040601832 0.14193230286273242 0.12567426121838576 0.22744933168156203 0.17972213129741904 0.140576287781783 0.2009955662932768 0.02667450931796501 0.14684144602100987 0.13206202231118577 0.12841207132030683 0.004787440144540256 0.027906311480736558 0.00739981466680747 
66 0.013799778938933804 0.012607226677605918 0.02029278656841812 0.011527161380615743 0.14141061189637907 0.1829096199074648 0.1527650450152754 0.17980644363233234 0.27162109320407846 0.2635581355940216 0.21270849605299214 0.14513384115873268 0.004522378765586341 0.15264685288609717 0.10471277717808304 0.19369701013437732 0.14760202864201977 0.005773931045692127 0.03000117387767133 0.00781436978640708 
67 0.1394624808781164 0.12821204696616575 0.12859794039970196 0.08168455165739984 0.23771836045330455 0.1431131331287889 0.2230778390864248 0.17174258818127563 0.26729868291240333 0.17363777345352635 0.23071026039200712 0.2428816097658365 0.05510701997160676 0.18739619405479788 0.17534078904509215 0.017945555344313604 0.07680311101426232 8.089313683651116e-05 0.004615723140067947 0.01982194776229406 
68 0.0025327945228323006 0.0010106490422246322 0.0007817691481982893 0.0009612227991563761 0.1932402061865849 0.19767370189352373 0.12039475182798141 0.2515876210191437 0.24846142073491262 0.11267071465696658 0.21328329041666838 0.16233871256914087 0.24061304197608724 0.09508772056955414 0.18875640672705632 0.03830841105480917 0.22651334689266636 0.0001380756480885486 0.012785344194803566 0.04502669569276628 
69 0.021959753276888823 0.06865810704913092 0.13872383358106893 0.13177225963150055 0.16426425749801724 0.2083327400411248 0.19171499135504722 0.14919957596390168 0.059498252417667416 0.23987226095372882 0.12299538995648253 0.06739637565616567 0.06634482107461967 0.05961623830956393 0.14509114878910595 0.18110075212655258 0.09776020191078133 0.11655162949512457 0.19957103373242713 0.003602997922426226 
70 0.1482957638049192 0.21289078794853153 0.20657698177137712 0.23608251569362512 0.23928124542657153 0.23831162474949324 0.1203848745783804 0.1846102007949043 0.1503579203038047 0.18527485585394654 0.04548573958698583 0.14699887890668206 0.0028700983193070584 0.042330386339542836 0.041059248970825794 0.07971391064908673 0.04763015520389837 0.27571723359990236 0.010167187130241001 0.017299713638062743 
71 0.13403706778598015 0.13134396204644092 0.13651866577525165 0.03630444053785733 0.17194027979453683 0.11192334414396993 0.18254789274917305 0.2036013416630174 0.2622762112571874 0.25447655150606696 0.18634207026928507 0.2079190628389767 0.18271745122678784 0.09342064939509222 0.10191259137708605 0.05435764403380386 0.004501120718279361 0.039231985551743946 0.0024897989827010547 0.003721287607170824 
72 0.1448990710259392 0.22638817195334515 0.12320174662638989 0.2437709425405725 0.2632683434790073 0.0526280783785611 0.12486131576290767 0.2361248849191125 0.22876564725877466 0.19287254394370099 0.17181170140751165 0.26559909701827444 0.17501066531291642 0.12537168108776348 0.007483497306936886 0.11763255641274896 0.07179159458294689 0.0005176174741669875 0.005163150392346869 0.07917942124254902 
73 0.12762126602418747 0.15620235264586219 0.16603971050567232 0.01369145122965213 0.2534517392355077 0.11111562125822755 0.1697273937238394 0.179185821141719 0.2671813168524181 0.12860302684037175 0.11372361968701447 0.25370715879424227 0.287097654687848 0.15226057676831728 0.027814090896251767 0.021773407382452058 0.12453309795782648 0.08990243745676946 0.1402834328240192 0.07088504133654613 
74 0.1428119521146493 0.11310900941609624 0.009257104616730618 0.08922269951846205 0.01109964654847638 0.02110777827301667 0.27104221832920683 0.2602288271408276 0.093218823343475 0.12952723416469608 0.2359585647075516 0.1792095149739467 0.10297884376578254 0.20599433511786247 0.01399760580266659 0.2805341001365205 0.04705257224028464 0.002996537544862116 0.017159725449805457 0.007384767349316882 
75 0.062162855072505144 0.059468658861368165 0.05068422476377084 0.15006166623652922 0.22204450523782138 0.010680846230978177 0.13455488331151993 0.14623883182914685 0.12337777600140445 0.13855414838973926 0.25012266713632647 0.0009063463723366302 0.09334731456835635 0.14771968705896213 0.261297626890246 0.008821815296588077 0.0005580405557817345 0.0041039887859830055 0.01151296988992642 0.15353642609290294 
76 0.011810057885021203 0.030921799977843382 0.06263418749608994 0.028475119396027485 0.12205524769907826 0.11372139823533972 0.28758816202891563 0.16288529847707353 0.3119682007202429 0.15488025713447717 0.20680507005925863 0.007108512561474392 0.09855831346379854 0.06572434483835868 0.0030267685690495852 0.19930410658659953 0.1896358657200625 0.06786344516498401 0.003636519523854383 0.006470239636560902 
77 0.005003621555654788 0.13227888514932656 0.058954582333165625 0.028747034285443004 0.05682414389466037 0.147461078186908 0.082947666327641 0.008040083607801781 0.06890222388526379 0.10305802365069616 0.19598208823302157 0.0588003526854349 0.18001461627350818 0.1904899018541647 0.0012305984783056007 0.010828056106084663 0.13194976907949793 0.05324019983403555 0.0621843773413602 0.13495019183484386 
78 0.12755625668619175 0.11707934272886553 0.11925518917600603 0.0875700454989027 0.12736176794252735 0.2378781051439638 0.2024298478525099 0.13138756485389141 0.2877302062918193 0.08903926465223556 0.1228228887811777 0.2614949990595644 0.29704104769376066 0.29475381902875075 0.13584760020642322 0.17878711819669324 0.007003463994491475 0.008444478741275933 0.0025738373552175544 0.030818262404335328 
79 0.004830432468538444 0.0014914325518310069 0.0021811107750302466 0.12562566201815184 0.21971040764304292 0.062166351113562404 0.17128984146617823 0.11142895881731144 0.21361953134286787 0.057023165934230256 0.1499446155769562 0.27205476635331527 0.15922609421829234 0.17594930983855633 0.04248922654173433 0.25982273295597635 0.11756720139055665 0.015790984343210294 0.083888770499112 0.0012050906325937912 
80 0.09560780736568446 0.08859459542183418 0.2548637642274747 0.24821548755355327 0.19476750116907446 0.15363007847119164 0.11599039624452952 0.24225271181356953 0.22232284633322197 0.18115573016539205 0.240456789004181 0.2666252975818144 0.06698870243702555 0.11842352238576342 0.21523947724963927 0.13053407971696532 0.11287346145003582 0.10911122641439491 0.1057242570185485 0.03641754475363835 
81 0.07460017857083825 0.11721716554133611 0.17884011701283356 0.2014726254679316 0.16352113950050312 0.06373560905637193 0.12468998645713926 0.04161130941445602 0.10860417084043995 0.24694714326679085 0.15067310677390203 0.22922788802255994 0.1960335365903482 0.15346130392380464 0.25226046599779667 1.319862508739155e-05 0.0006164872592020948 0.0018620359459814505 0.00264238020385263 0.0006669402418939924 
82 0.005367234981311536 0.011209782040521815 0.20966489775988473 0.08973630744992958 0.08687983434751895 0.15451909540128386 0.1971684942324323 0.10003075429338801 0.14599334831114713 0.2687926686687145 0.10664664214239486 0.06373417234452387 0.27853053783828685 0.17395613499601528 0.01754842652229463 0.0064291109312778864 0.10446191271688167 0.0038003742278284584 0.0006389805746212443 0.004341994096544218 
83 0.0006274772950703752 0.000408935799860646 0.0006109050183556777 0.15194168739544 0.07147801334151394 0.043233116811741586 0.10109513078147399 0.2195988541364221 0.21314635727671652 0.23660683269008093 0.10591183970407561 0.14990944731363798 0.21944536069055853 0.033154171555796245 0.03602168803461593 0.09284404393593605 0.036275941993337155 0.03157467130098493 0.014736016488686632 0.0003559136843742922 
84 0.11420688692074189 0.12343034196937114 0.13217233799615885 0.12249050224001365 0.15810133481599542 0.13831785475265745 0.1941731160623293 0.18849534611663207 0.1538380490804716 0.12462941068244257 0.18440336890215162 0.13242101355332161 0.24067579193030286 0.17616232264459789 0.061584156011780695 0.27674410215884016 0.08182054845899572 0.036303458905936434 0.0006475550482433476 0.0150505688890736 
85 0.03886576669036936 0.03972164156429676 0.03096477458218456 0.10811164993898573 0.12209485011257978 0.031222257079176394 0.2073222509135729 0.2365160096368874 0.13683360188023802 0.1509316702576253 0.18851134567276442 0.0836324671120253 0.23052341010277816 0.09729962865355457 0.20718418625981416 0.07956377861162596 0.17826122326610266 0.28801569635944196 0.0011534937145496545 0.06270123512671963 
86 0.018355584268902353 0.2262378186183181 0.2615349293782559 0.02979636834897829 0.16787096248026204 0.14995525002601362 0.04400964351835834 0.24006210699112426 0.10359459863709596 0.15178349370967753 0.18939189690226627 0.26547319206631387 0.14108022491505834 0.08460551891896269 0.16395412802032558 0.12032972762537969 0.12605150662679757 0.0011874980297628152 0.0022123220108534376 0.004660613513315177 
87 0.16045231410509928 0.12509946424643983 0.11244009602913221 0.03596366343962684 0.27171367527284024 0.1893954074674768 0.20689849912656777 0.01603417800600718 0.20810899934734234 0.09815003475967539 0.18603074489135368 0.07196911694508301 0.023827716593445278 0.07305010136423043 0.16192933488396605 0.2023893311626735 0.0006154393087543338 0.1893502238518693 0.01718620754096093 0.0010886409614097453 
88 0.0049239215141889565 0.06057827888366158 0.06688480772612147 0.20338969213175956 0.053736290606356776 0.07126613340368124 0.22589244942993172 0.1862839355943097 0.19009527118397326 0.19687252566375799 0.20704447955080502 0.25088258715981926 0.22803590927679773 0.24170907366452102 0.24594314929646716 0.22574655425734325 0.03266371597560466 0.07989211177785219 0.025299047783210057 0.06463883712029107 
89 0.014843754187543128 0.011566498120670612 0.09451156713377604 0.024300970486631327 0.028606155347412402 0.0974106998010633 0.2818120844750357 0.0706454371649212 0.06520380578468507 0.23866763607865055 0.1629831814913944 0.003647628390952157 0.2120822700716813 0.08093691959657852 0.018441526110069578 0.05096352845401967 0.11439215622261122 0.13340668973786488 0.004354323976352907 0.015916627579385233 
90 0.06775872998520927 0.0686168860250127 0.10066172184209488 0.22830089226794006 0.23675801820069764 0.2856202497951194 0.2038553405290501 0.12933802813264972 0.16485602174311528 0.10822573975685967 0.20142586718189776 0.031109181033921136 0.07109692232377986 0.08639130510414522 0.24401114391764145 0.09751259861420439 0.0014768422489405038 0.08460819698344468 0.022633068780886983 8.303403337844537e-05 
91 0.009450372631864604 0.09104107347924133 0.13885236067270262 0.3495102155757593 0.00965042291829426 0.1667339246415036 0.18242846781728958 0.1790436581426799 0.31130454824123993 0.15156206188116716 0.05564109467397099 0.18971363057138338 0.14309234919087258 0.1115427519929314 0.18140168942165683 0.10268046683364729 0.02205032696793737 0.07360193504077778 0.007119301893371616 0.0211833487470595 
92 0.14627097794115906 0.13741526659981984 0.18542054730834778 0.20490700975255075 0.21422773842317827 0.1500256398778002 0.11571693057864947 0.10078392633037067 0.14452775175778657 0.20762079356021096 0.0958493497905999 0.19137010920271125 0.23405791330609804 0.030635141690593195 0.11783215994593763 0.07984896570316057 0.2028945316306132 0.008651756098291281 0.001562935419067701 0.0013934527967455323 
93 0.0019181871021554803 0.09685742721457354 0.023293995634971854 0.022939761296017082 0.2562152614830763 0.28080958150454216 0.15439067029374165 0.30919218826332256 0.1830888846402098 0.10746385820928818 0.24301720823577705 0.12988967137240703 0.14461480519561487 0.0939449706782739 0.08020773598553893 0.005160549936281097 0.11842104994097444 0.06270936637811922 0.017717648221605653 0.010269925086047701 
94 0.053661235123487666 0.12232355911515912 0.12213486111430255 0.12560314945778495 0.13325342111314087 0.1820338378111737 0.07061802227723979 0.06175260673281316 0.2208251330596286 0.17066439297731473 0.2310531000971222 0.21497236589733837 0.10275083955602671 0.022593791342360243 0.1761322786480085 0.04132332261149803 0.004750635378938702 0.17919435696539415 0.005202975976125191 0.1809780521191731 
95 0.06609965649405501 0.0849812252445766 0.07966817208321589 0.1082718550887122 0.12384625076484489 0.20097449777193363 0.1387321335139435 0.14362365308575778 0.22371371731822098 0.24479072515311376 0.24156878584140568 0.1952695761289361 0.20414693968038244 0.23515529601626983 0.16651560846401842 0.0803979132481873 0.035092922771629696 0.03372205541620398 0.002572592279506133 0.2186154843879014 
96 0.013565539207556118 0.014695560516600823 0.04477216960804957 0.19603679599838078 0.20358637272925095 0.07215915774237718 0.16775526686636627 0.1791390965558161 0.1386134128804954 0.04068356607774306 0.12154192383004274 0.21053542614094484 0.15852926072112244 0.02187473026108954 0.2254731705092307 0.15731741756948933 0.007612467770677004 0.0843233962472655 0.0036049577123400973 0.0005741014128924649 
97 0.05382068775413548 0.06925902821511609 0.06915408228625612 0.05631670651603797 0.06582084111408702 0.08608747846920622 0.19236879553516015 0.13009120250469375 0.30894295428857466 0.0482855719987852 0.07084572475101039 0.24950430379985175 0.22568869848871345 0.10946629836316624 0.06877309844259774 0.003364681451271223 0.1603979298197381 0.12105739908266569 0.20086963031755792 0.0018284962549624758 
98 0.15493473457097734 0.129278405571405 0.14582680537551815 0.12227322324736391 0.1623623953695796 0.13598331382012468 0.07783279852077417 0.21635481476492524 0.16441648255876581 0.15837626210327374 0.11495501176459864 0.009005200320239543 0.32106852298834376 0.045049350397533744 0.2351606455401994 0.07043923669272302 0.07680540676106468 0.03548446250421881 0.006672941898659724 0.001818655538517348 
99 0.014490086151655247 0.011039026869358287 0.006621078446508461 0.00956911128990117 0.22941963236283042 0.3001105588655515 0.22410597670683544 0.22038895131618225 0.16963180900291344 0.1638226793547047 0.10628977483088203 0.03448762282883208 0.18543288840763947 0.19115687542761425 0.09896077272208914 0.006088952194713227 0.0038681793473319603 0.004274352410275128 0.11066441704893464 0.0013547144552098398 
100 0.007613699678315912 0.08868300305418086 0.2893218352291329 0.0011254808130731632 0.014072858694523759 0.0035211975097314994 0.16300091585693563 0.08121225924824249 0.13302683729920148 0.1699024540507854 0.13679143312641695 0.24640678318240689 0.04193915534283735 0.06201187111335763 0.01904232338005928 0.12728427411205442 0.052123751773232155 0.13203187810603753 0.21262208264246363 0.08353053038573423 
101 0.010872511995814538 0.010875348245677022 0.050362058925884856 0.20301209182046417 0.036159780013731393 0.0455061312824407 0.19136508595953036 0.17884485814866474 0.18250818133361035 0.2024351250300831 0.003888120107884611 0.062198911456918166 0.1671575921115342 0.07855399013786524 0.18462410292439024 0.22108192519137032 0.07217585174256601 0.0007419547796011657 0.2223805775871156 0.07239056370171455 
102 0.016277034823142376 0.024298479022596926 0.030164302725224627 0.025132055477026353 0.14942444463230833 0.22323272363161636 0.07702230122850555 0.1899607209588178 0.1659761493979248 0.14660502061673297 0.12778037328863592 0.1092351569923004 0.15802616573584918 0.1314333592603814 0.2196616016753081 0.0035845014420378065 0.10559775796188618 0.01724220797652872 0.009810175210697717 0.0022828681412865376 
103 0.1634485071739536 0.1581971839307199 0.11505273756194573 0.04415544478946203 0.14751947266814852 0.10629019039909017 0.2768837513333945 0.07449943553042915 0.11464821786763965 0.1461520348680501 0.08064812874876354 0.2047477971983807 0.15622543227379035 0.0020714209739515505 0.1628040789615598 0.17333626151473602 0.016324854946871758 0.014255403352409015 0.0038683695487433892 0.0021457702061739906 
104 0.0011465875332481695 0.0016860953787000287 0.0033710167578885246 0.003285535632549111 0.01100738792534603 0.11521954713699675 0.2575934246909844 0.28637180259570605 0.12153450770702778 0.09009839956647385 0.1542177372060223 0.13545292305582357 0.18864393740782548 0.21805110361023772 0.03194767038400993 0.12821184575011754 0.006667172718613489 0.0004109400856708187 0.11785393519650883 0.025362222330197925 
105 0.12557395200001129 0.18920879360903875 0.17986937841665837 0.2066160268252409 0.2202490301731542 0.19590409720478336 0.26938796191379355 0.11444548170060932 0.10265699279524007 0.12882340656491828 0.22492470721559565 0.026163338395101012 0.15445339750988624 0.14099099985286814 0.1264595730961153 0.17292635386635838 0.03139551293958489 0.008791896305414108 0.0029107486320176933 0.02422675402093958 
106 0.05302397116913206 0.002395379422111405 0.009267615463077392 0.09494115511266248 0.3349220637964935 0.23658325179066167 0.15989041777991858 0.21996043141660335 0.1528949800787964 0.10590715947040952 0.17027541948691005 0.13435875139675538 0.12080172425761494 0.25550405307411284 0.06288466571223406 0.024001576825322245 0.06186790730859387 0.010895351836198212 0.00603986193359631 4.609822956669615e-05 
107 0.003516486022965521 0.005190412994760972 0.012236914089749838 0.18211157654826704 0.27575270213983233 0.08242928590071741 0.2306232981367744 0.12577913447195072 0.2834640128057188 0.1737132455059392 0.17092571332870274 0.22558668554487832 0.05389935671339141 0.25066694741145445 0.10008740187383611 0.2915162991035989 0.09071559875459831 0.0034388296598392913 0.045044871197557124 0.009412691252320212 
108 0.0007724559756093135 0.007527678267990962 0.003957295719125019 0.22203374849550717 0.037609241464890565 0.25695461268572223 0.17110992039476103 0.25286785148634916 0.23313401653892554 0.09445047312305417 0.26693633531355504 0.07386935924505188 0.12704388901558847 0.11871743468499152 0.14682338039821813 0.05443982881533183 0.03162697948047506 0.0043097113006241 0.13774371765235155 0.1385962809947568 
109 0.14713189611208752 0.15318073021569142 0.1465024972241113 0.24903924475679975 0.14020383278706056 0.16393299881800555 0.09443426963520074 0.2616375508567401 0.17263991743087106 0.09191470929101275 0.3090952332119209 0.28979164479685376 0.148656046748453 0.1867473840801633 0.23145002087337324 0.23120397903837986 0.09229327413586874 0.0029585617264067223 0.0006015863445784933 0.0030541143238709072 
110 0.07254532780399117 0.0750314919709919 0.13445418451687655 0.10001349385303668 0.0631639059447558 0.1999162406808985 0.12770475318969396 0.045201203880476715 0.11334005524479587 0.06510258184307073 0.26560595242659846 0.026542761611771187 0.1104141661596835 0.01573277525055525 0.16978209681692202 0.13722798648517323 1.2324231527650363e-05 0.08741511137013283 0.009222684721603239 0.0038630512112885294 
111 0.1693477570219321 0.18691022823662823 0.18835095007210656 0.1859198325673633 0.1904392669570375 0.1991893969755545 0.009971972975272912 0.21002762569770805 0.1757754310028682 0.24916826790932273 0.25310996542164 0.04226549382295612 0.13581783870248543 0.10404764996489993 0.01346576321731645 0.01794037074066597 0.1814656303992973 8.331596281287188e-05 0.0007984706458571979 0.0024933341084163495 
112 0.1028254340978971 0.17003663179501327 0.15579330038277886 0.3131826665985275 0.3295327441866615 0.18178790173996118 0.33481155337691765 0.18059513053540704 0.15657318058735908 0.13537305813486034 0.2553531354004422 0.21655600698375224 0.14336201305990806 0.01028295924579979 0.11366151373966775 0.003693025111334514 0.0050195966073351105 0.005948336587102182 0.04418180503111046 0.005579130877514993 
113 0.07145403545847098 0.10856573164850516 0.0006881048197606499 0.27170733792048224 0.16834604226077807 0.15206572180965802 0.18413172222210888 0.17399619106340136 0.21033987946792249 0.1559690551986787 0.1921757287340881 0.27314965335728775 0.061226605092703064 0.03547585703502171 0.008581144890080048 0.17457303867882423 0.013795124550591674 0.0012772904292118665 0.0002881223759568073 0.06639338434025722 
114 0.07407450736870821 0.09004404700513258 0.09304809304570767 0.08162645546367886 0.1308838085257022 0.18725639641764877 0.21416258476737757 0.10112842751147187 0.1325686808861661 0.2581148036908992 0.07583587568024658 0.1024905004395643 0.05282112822099655 0.229364427122926 0.10017509744067715 0.017107734912637302 0.010819754724722741 0.16124588426526093 0.016006122762221707 0.026115640548726494 
115 0.11945195112705553 0.14370042872878566 0.2507623804818131 0.27307304323802284 0.18544907685557663 0.2627164706662711 0.20948696096294736 0.10474189747780004 0.17155804681878292 0.06039291880375362 0.16772944453699595 0.27555009316442486 0.2853612713878915 0.012947494642860977 0.02012654112073128 0.004518061079321154 0.0015827626140001534 0.10046864523941249 4.3429899260910434e-05 0.0059360073802071315 
116 0.1253358106797438 0.05782481826037833 0.05886370849397844 0.22300238973209888 0.05754121062462272 0.1375505165942227 0.1975897500807432 0.17195582596865072 0.17450875063139976 0.20500770922444148 0.33139922663078053 0.10932901772063083 0.07894218442574034 0.0010663548541330569 0.060113826755055354 0.11559171430464223 0.005202387177490233 0.020565124020544147 0.0034704864884801743 3.730182882625192e-05 
117 0.08839661143141313 0.09183848212214558 0.1755902581875459 0.15936809818510989 0.1782089833563277 0.22385206789171636 0.24710719510289236 0.1869478176201841 0.2516032179823031 0.11125649027074017 0.01633995169873885 0.10613214969030911 0.09235086906063726 0.21370432402089715 0.05368362176285241 0.10740731622987475 0.048237918302412 0.0015494693423239493 0.0968247998220497 0.0016136105840025411 
118 0.0038847894517572493 0.007218114365383268 0.09831363482451266 0.003471837156308214 0.09872692388712033 0.1231121899055857 0.10314629296425327 0.040893163235009335 0.13276500023300433 0.2048570336468894 0.1550397480495214 0.2465988956991235 0.13314639406949283 0.166524771753811 0.1704048365081316 0.1763200034243616 0.08963801737383645 0.00345266665307717 0.00222909263609678 0.004210750782443179 
119 0.043640322331104445 0.04692999680792679 0.03998246753941763 0.10505120678020906 0.20849770059511735 0.1236204982816122 0.028272874778502516 0.10783891066212797 0.09929614666331327 0.09299305362977238 0.012895834692169853 0.16106832805232466 0.19369573491763187 0.3325112620715758 0.0979035552622363 0.15203714239300653 0.1582147315836155 0.09028723559368308 0.14720949063834482 0.00309003110034121 
120 0.10864098631626083 0.10974545716442238 0.10698945958931608 0.1292172342947564 0.14468021822155863 0.23258473043378347 0.23976615056912073 0.25439541065576915 0.2120606081506437 0.19607006525152737 0.09326933052936877 0.0013013642827474801 0.132721541268696 0.23410794537129137 0.19700165581543086 0.00023797833225126254 0.14833226138092018 0.02545049803039514 0.002294382953906546 0.0146845586471245 
121 0.021978196046977948 0.03009667749992172 0.013577253089785914 0.16302635826281264 0.02324403775488027 0.07457944221465561 0.041387977124200004 0.01440905491433878 0.02222819412142573 0.030731204452068395 0.17070665766187124 0.08667334090584887 0.11702401574203986 0.2858793001743094 0.19016248860251045 0.1305194425867252 0.1414796519834426 0.11662117884434126 0.006287266876299919 0.0022043450934067475 
122 0.02260941560651234 0.015597242750747156 0.09073833120907784 0.1234774205921196 0.006419567585661119 0.12464244893128351 0.16583133907361947 0.27411719454876604 0.23018659162794494 0.17779986709913154 0.1551869590271566 0.014465055525312 0.13678558719833828 0.15895311346857424 0.20937020873321124 0.08355155070280308 0.009556699855627694 0.16898335568414838 0.009604424720515555 0.0024327736596192577 
123 0.10301869072802643 0.09767743105062673 0.10126399754910598 0.251661644166592 0.23384944947980024 0.22104866757370087 0.2909182647525044 0.14125232956865408 0.18823064905898831 0.2702652786754711 0.2312998516302632 0.2983043332921675 0.2355637950315341 0.0318348205259816 0.1714469001115927 0.14677646441096526 0.0015417432533011088 0.002394262736097498 0.14731575391300133 0.052692099567530876 
124 0.04159356283677031 0.02540793911847735 0.10966759569153199 0.1477380587694068 0.18592458262648187 0.18017159247548256 0.1331729380539038 0.18904070238159773 0.09485113778811512 0.043640516212613355 0.035728685166954564 0.2687759145278602 0.042062989465887414 0.11638531651194692 0.17847891470338312 0.14105768391603798 0.1628366406649959 0.005851784338702534 0.004849097983644128 0.00037385378876938493 
125 0.03091912944422199 0.03344778042469484 0.03198065124968333 0.03035279294630651 0.08966205752670788 0.06707454058607051 0.2335455430515249 0.1068911749236705 0.2767597983375206 0.19599232021474502 0.14786238559555834 0.16007497462015013 0.10865467867585459 0.12480611540841603 0.22553750795099567 0.1286203858337149 0.005600240247827867 0.026684283616322024 0.0009293005832604605 0.00021919605773366242 
126 0.013655847214847864 0.010761748929864617 0.0178723213396433 0.01203536178744987 0.00386339511532026 0.018479715806292783 0.03870928618310302 0.1580672759650315 0.1166942715351357 0.21332524689663018 0.3370352964371749 0.17652286318151492 0.062126725799254656 0.1723413836563677 0.17929480566714684 0.17955467866850192 0.004220321894644129 0.15860131580508163 0.04237247279029958 0.05072465651840541 
127 0.02645232154418001 0.028739004936926882 0.03738121626206449 0.04811708653617931 0.023758550083321374 0.18989297726586452 0.27557810131983995 0.1751988093679886 0.28697736401137847 0.11248335725019962 0.048957172449587874 0.014659541049059149 0.09669088465810283 0.017300933787865225 0.10917565986366155 0.24456037450815443 0.07304972047632385 0.21536085300628388 0.052718225483441114 0.01761671671287725 
128 0.013753458679167808 0.07560812289767808 0.10590683969334952 0.12775811153055805 0.06636456713800466 0.1052188259334613 0.20899843043721456 0.3537310607827745 0.10361318340469966 0.24936257238714643 0.19497019620439798 0.2117960563403543 0.1747939112460835 0.09620697246874253 0.2102961609284543 0.10812195157586904 0.07317946662507747 0.20319502860071062 0.00807927128491056 0.023197346252711 
129 0.012615446126831412 0.0009642981833609512 0.10396716282529336 0.1349491695247298 0.11710833438050236 0.2645693492547536 0.23129391751567624 0.0617822421418668 0.1369429946901151 0.3173525996389976 0.008008489009274202 0.00675958516645724 0.13555667022451887 0.20268840188880222 0.08709189584712564 0.008781942882808556 0.010026347343106283 0.022811086781307065 0.135349846728549 0.007221400456487757 
130 0.12090096693948099 0.08470603758940824 0.25837382277907617 0.08660539886137744 0.23603068384904632 0.14017613674070262 0.2243881523075896 0.017022642055407395 0.18784899978840985 0.18315477540146757 0.16661396364555187 0.10983117178663716 0.10616240948625652 0.14252359966000394 0.07455535563533999 0.00837921899816963 0.07786846101194105 0.06954689938003847 0.004739899007266006 0.00827475759751222 
131 0.16709307451468963 0.18074516455642303 0.18459237342405774 0.1604817501547336 0.1588852682522252 0.20311900327535357 0.2606058195354112 0.20785125798187312 0.2892115017905069 0.07379375254112427 0.18630220885171736 0.14273072521890778 0.08047085832391306 0.14761993557760555 0.02137404306529363 0.24775122601562674 0.06723979537144985 0.13916845745764586 0.002203185637748907 0.009336430673515547 
132 0.11066260053557425 0.2118974088104673 0.3972041609753976 0.2831322805187432 0.0005588676340309924 0.1355544537546421 0.22969010332921397 0.2297684441941934 0.13672595628679654 0.17884306469781314 0.24392760182889364 0.09829954899745905 0.04727558225485566 0.18560094156641183 0.07547869955470282 0.09461466910187823 0.1292483962696109 0.047018224450612746 0.06799050760142102 0.04929041296890554 
133 0.0035461008418496034 0.0016410924641156635 0.0009957715338667814 0.36189990236880115 0.19256880377932542 0.015679342643837094 0.2641642925797366 0.09720552963356528 0.13049933040072575 0.12027884725391995 0.06534357341960162 0.2537055203589752 0.17382607564069616 0.06887675747207153 0.18084647072397372 0.17003850126315306 0.0013503911457286126 0.04872814824909319 0.011234553576683803 0.005045540123994978 
134 0.11223708698321619 0.1371812291501587 0.12272951684734656 0.1480608336798806 0.20213221609742144 0.11958565545446478 0.09608580665140243 0.19795092883504684 0.04239802944002055 0.15361356745998292 0.17061569264802964 0.061474729220499263 0.023386503432450332 0.05197095507257052 0.18839048905991151 0.01142015601928689 0.0017365545186031801 0.17124282938679425 0.012786775041715086 0.007650345802961176 
135 0.01803896181691577 0.006371299450345059 0.12129710913745459 0.1300344339115784 0.038513188781168994 0.11549019822431332 0.18598592116108015 0.24759772579891182 0.09597790415299517 0.08597135007680035 0.19649429581868277 0.1634360294445593 0.3576307789590364 0.2562703354156053 0.10363275335927717 0.010534507181934664 0.0033053575182982638 0.10331755135184437 0.0008161920480081008 0.0008671372569494918 
136 0.09710619342585108 0.161046532997241 0.0497675643217054 0.14011099052562415 0.15047898907550133 0.06546853530206624 0.15538970594427598 0.1968182551451137 0.09715805430559646 0.11622615872843686 0.22123710067879765 0.15709429205312797 0.17350232954214487 0.18557370433607842 0.17519305203257968 0.015516465633023495 0.05835790458997455 0.1539266637521355 0.0012331886671346159 0.004186892115362803 
137 0.15869981817615317 0.15005241200927852 0.15036100254416596 0.03435246500051143 0.10605244870023198 0.26127613791498555 0.24345991928042804 0.21598782364929953 0.13074566386373443 0.1778093135270758 0.1514574704192811 0.20071237324765395 0.04280939866767497 0.02149571313455965 0.2411551745862204 0.15322540639165438 0.09945988798387105 0.06542433984043254 0.007735761305455162 0.016673900719368875 
138 0.017225512277785127 0.006299966216950149 0.10892115314975308 0.16144080456382875 0.2161581455210338 0.2141291573988665 0.18401621533769666 0.18678583100591245 0.3060897161091193 0.15740489797373547 0.18062908495527902 0.20859865754712562 0.08261834521915734 0.04317726207245052 0.09458659604331968 0.041962705157987744 0.04700086076944721 0.014995846703317491 0.027172700478819322 0.001697583008291959 
139 0.004522575404391396 0.0019406258098945103 0.0005947541637739073 0.0013955256807735468 0.027944654117463025 0.028385327953213458 0.04756967171848652 0.06528575488052757 0.08104036789926318 0.19540225671538 0.16394199502381948 0.19504460937848608 0.1908179643621295 0.11421550410776789 0.14555456332038708 0.26350059527392355 0.11297280429761807 0.02568332864287673 0.1640867755623641 0.008192892943787547 
140 0.01730504917575186 0.01674725239711981 0.02557338446493623 0.012116775453444811 0.01647243839842838 0.24934260630518149 0.22963601143228632 0.020641251931504616 0.18250264798614918 0.07128720774613903 0.22700056728818963 0.061550065070404385 0.05492028252676193 0.21273767743763783 0.10746223298864013 0.13732004363414063 0.16132733753709627 0.04116463387072283 0.0028197971580415904 0.012630157850087902 
141 0.02059164779089753 0.017016788544117586 0.10082374621939172 0.0973483176507795 0.15818662926687435 0.12899673446005794 0.09317673408773153 0.14961369535155533 0.16684402018401848 0.20771532898581965 0.24251700257785813 0.262552970728933 0.09762338929510758 0.0005671333364081979 0.0011891097227995522 0.020787791131419018 0.05493672309959674 0.3129773159250454 0.002553496588057614 0.007258448859262061 
142 0.11774829836767103 0.150098891395114 0.12167063244820787 0.17442797999488727 0.17857812034183107 0.21395486851420237 0.12173768004640965 0.09302248941318683 0.1341208870503151 0.2886416810056922 0.03584572824908404 0.21349358271155608 0.0024728745377618874 0.18408802777110084 0.1383635033494616 0.22862741929862956 0.0009257436029329863 0.0005175367419154799 0.0005868235668663874 0.0021206706333318165 
143 0.08370875924585752 0.07831326160369759 0.01508931233748243 0.24406987222131993 0.09302777158372767 0.1142166865914231 0.20143190400262398 0.21750658375375592 0.1703748434241828 0.126781935444716 0.1277813026567683 0.2392868560899068 0.10301326023729118 0.24555887686344544 0.1495803219368652 0.21531981510587503 0.2705140898190169 0.17336092061073138 0.001231668179312812 0.050687134178934265 
144 0.032166586420406006 0.03551985656507574 0.1082967458071632 0.2341194472086276 0.013070244403634258 0.1436474563018773 0.23806140269732554 0.2326208555315949 0.1527072216998084 0.2316377635841848 0.24703494060725245 0.243096977925457 0.19888124648597025 0.10490989553244826 0.017083502080521326 0.006616962793323938 0.00047882216735426375 0.20335383304916496 0.08017565819724141 0.0024768127732986496 
145 0.21544923398174132 0.179442935217964 0.17695760767874036 0.2653236036236309 0.05639313120802898 0.18665437185099626 0.10376142209082725 0.15874929821903855 0.22159190310817872 0.22038306345285366 0.10365159305072427 0.13744482325142093 0.014738579634436649 0.2500075700849334 0.13075630564581567 0.20013793908560928 0.11984752946343478 0.005742665208368676 0.1004504907820576 0.07782600160727465 
146 0.0018564027411237076 0.07011209585390357 0.07074862253822942 0.06856955624710964 0.13126774770367383 0.34517324399470156 0.2587530692754627 0.2043820785384787 0.23088721782622773 0.187127965467861 0.17975171470378454 0.2893765803975625 0.022467390103406155 0.0885941582073614 0.05020361930476451 0.24295327768527897 0.0006498548170532318 0.0059277073065169845 0.005654019656341195 0.17498270757378942 
147 0.14893649570685846 0.15510469780571837 0.1498143392853445 0.07730324689104336 0.11517807731848775 0.24057619544902073 0.28206662525920057 0.28555843106453965 0.18095201249195386 0.2532998608123899 0.1958162349194583 0.17801537373742116 0.08019093439544592 0.21801823422672892 0.16018159250728292 0.00194111309908234 0.2106240014270367 0.12814975642302065 0.12568707146057492 0.01623277145319932 
148 0.004261976228418818 0.028873010744354687 0.025380867140611354 0.02453725097587152 0.2468159392769304 0.07638836308366548 0.22147808070702163 0.11332500500700213 0.10907846221515474 0.11992875118708875 0.12653505169247659 0.23485910428366719 0.15780622525850302 0.19245884795331156 0.15864324947560543 0.10281428162802198 0.04350751944100811 0.1424843459443823 0.02919789285085335 0.002315435350639288 
149 0.13145041033965055 0.20665556110262678 0.19951145599136333 0.16541742757434605 0.3060419954777997 0.20616111919568794 0.18984812540123602 0.17101732474830436 0.18287390153306754 0.2997595814421392 0.13728465010955854 0.06393168211096135 0.19166173632983916 0.1424750133040941 0.008646980730806482 0.18888908860845516 0.2034553181876311 0.024013188147922856 0.04317166134755782 0.012698201415808826 
150 0.013214404077876005 0.08623066051394372 0.1006860088664283 0.1398974202525679 0.17723095422251897 0.005300124216412848 0.11841909464512157 0.19035473094231492 0.16846565164691754 0.09658628364145001 0.0466545100643127 0.11223111034602902 0.24436972454290423 0.0996962969322111 0.03920318829765641 0.07648628542626892 0.13735906133823675 0.0849309046450584 0.1661401364476768 0.007529024552413476 
151 0.11411685260407407 0.2398546854370902 0.25246435898551567 0.27767511530542754 0.21170197467039015 0.19830707183264581 0.18933022735978033 0.22613222930215754 0.08761102728216796 0.3024819731517615 0.22483122481776924 0.20148075932535012 0.18403233378197054 0.08519785808180444 0.26636196514730603 0.06324701998463149 0.09499913317930973 0.037233178316417155 0.039618305658076114 0.004668127781459399 
152 0.005099912636719742 0.008183004605541451 0.06034121909079841 0.0908362431768419 0.15539704535893462 0.1410601156164177 0.014944363906995209 0.18901874082810186 0.28829346684078977 0.033735671161965394 0.1701987185912828 0.10580943140676487 0.24571054439840487 0.15556251584735267 0.06001813629466683 0.03792297127682562 0.0678103029192345 0.0002389139006199261 0.007121727138619994 0.0023742047603681634 
153 0.12432638848502821 0.09364604611989585 0.09846971809516823 0.13099727261765906 0.06247942594650721 0.35019562617855354 0.24634585315648674 0.2672533773525416 0.05457985380575663 0.10456945798201432 0.11297496348529243 0.13591763646417965 0.29901814817100314 0.08458447712176535 0.07433103381353401 0.05770452990360135 0.0011724664097436286 0.045665880971339286 0.1690196885873891 0.0015208694811407282 
154 0.08597619023626704 0.09635891355902124 0.08614523386193856 0.103908111515322 0.06463575935130367 0.16320939268215806 0.22068917547079758 0.3008488946245988 0.16583855689397894 0.24125346054509497 0.18681556068047156 0.08048586519639933 0.12486223869270802 0.1629051845837483 0.008906944010215795 0.006186036597293478 0.0023711284487865063 0.003118773581936722 0.04650005599653049 0.0026558323044971487 
155 0.004753542071870577 0.0054724949614991854 0.012030145582851086 0.019907048963051642 0.0016870500914917199 0.1751029647411102 0.28959700487611273 0.16654896161588337 0.009334311575100396 0.20039246411382738 0.1414330452034688 0.25073015727152376 0.2474250857220296 0.22265505580963263 0.2510686794823372 0.07393821074766074 0.17077436521226852 0.0006544869013657381 0.012508352064476237 0.012023979836681587 
156 0.019725635868017982 0.08187110683470702 0.0879957061367645 0.0853243776119915 0.04303178410157865 0.08741265147691243 0.16690033112640257 0.27914573708089196 0.1685764945426522 0.1888960892811971 0.2886365537063424 0.2231942709485406 0.003319772962105782 0.1048618066905968 0.09044933985691686 0.18565043598240452 0.014945932574294388 0.1227263515638248 0.004022336941379527 0.09473744392845647 
157 0.08086755229266969 0.1119580139321737 0.04001317653226369 0.12303886871611847 0.0975525409389274 0.20263048066293263 0.08871866421633576 0.18824806341933395 0.25135218065737963 0.27590644000186093 0.27505513513859575 0.09124305668299493 0.1553991365404151 0.06371534914167624 0.18018480396845463 0.23945573688057278 0.18226293502126958 0.1173354156256912 0.17199449542258147 0.0001784585803030463 
158 0.001341521494674446 0.0010198078036415391 0.0002559416154796185 0.001175401523657136 0.2266867949985763 0.16305144141769679 0.22147339179228082 0.23064091558902694 0.304664796678925 0.27161106185132183 0.13663015232318437 0.1136945858063518 0.22026505822247586 0.025024842782544104 0.0035915757933345834 0.0913481446533014 0.13633637553832292 0.1604730524542094 0.1310538642775273 0.035460236503688874 
159 0.0040808797451128845 0.003930708598900901 0.1340624631401622 0.11663888513070085 0.13139921157897083 0.24154593835368662 0.05397715593519035 0.19990288458431651 0.14336178974410974 0.18037574712390464 0.1305196840095778 0.23127794902379056 0.16619690891159192 0.08224969111181368 0.004150282946816063 0.050722356307490744 0.041366903093958206 0.1377395130439813 0.02048719808956041 0.010785696156495096 
160 0.010882930248899074 0.007845940707956774 0.010263291591455434 0.028372539787520266 0.09125705323070314 0.05226886504700105 0.28673745154659613 0.23870112637244667 0.0320682873113083 0.27750818326497867 0.04813284448446967 0.026343929711922693 0.23210312280875928 0.04850546094492434 0.13005988638399069 0.2637530232120707 0.24567082989595682 0.010759968694992548 0.00255609866675015 0.003579307257071302 
161 0.01797174101574872 0.018396829400569168 0.15530892661689807 0.15821553428544366 0.0011584220472047858 0.07253169816578327 0.1763181065682783 0.23671597775403652 0.27143716617250513 0.10879169120978464 0.19168764902185048 0.06193378976485536 0.24895820181701367 0.17960544957361807 0.16570553218853137 0.23174211463184802 0.009599654368615297 0.13872480576520113 0.05706113382316311 0.011338137377742984 
162 0.0876932236651866 0.10664307857692747 0.10805669666081004 0.07881380520286785 0.19616015352009702 0.18029028652029905 0.20656341721655025 0.07025785333600235 0.14032878250948144 0.2246194220584464 0.22965394307287817 0.10912113151879961 0.22703188960634696 0.039115691214718536 0.11483035701700832 0.20292009490493013 0.06639955078985084 0.07383104233889866 0.009317313160047025 0.0016643474364409858 
163 0.02222124478119601 0.0759647873502993 0.1020693711511903 0.021430690792201147 0.08179427235600183 0.21054984900943757 0.07777709915926106 0.207435296718891 0.1742289041707463 0.31712123785102314 0.16787269173230537 0.22743975442248765 0.07819271256484966 0.13858468203783664 0.20733834449799615 0.2101322805959513 0.006215410672560134 0.003812765050131989 0.17766962717446846 0.0023303779207002545 
164 0.0033667568454895345 0.0017680864358665385 0.2902285346076123 0.03307433454957785 0.10496983234899854 0.1315010241920472 0.08977917524200318 0.10335146408747417 0.044001381853927914 0.2757453301666867 0.051705191744270795 0.24360800758010115 0.07855672972585834 0.01607113140414225 0.29084103014362805 0.009111002063437457 0.13141006291853766 0.02688953641364264 0.19483823665738362 0.0011319252705066125 
165 0.00709983711407665 0.016540862901875276 0.00907811998381368 0.007589489154443446 0.004261094753440986 0.030501745786193562 0.2257673125334887 0.24087507362993382 0.2737172480606185 0.14183316272450056 0.2496549981767015 0.0449184331951256 0.0013773322520271834 0.16337870612659874 0.21019695661351268 0.011108338831176581 0.1762706522703927 0.14196110585706104 0.0015961158711976552 0.009693686905723408 
166 0.08080214608266864 0.0971104954191997 0.18557775120041872 0.11366109716464903 0.19099583907152687 0.16458592674389858 0.2018557630835805 0.15730838794718296 0.2089289688010315 0.23994492799670145 0.25383153199960995 0.24211268659777843 0.0015798523491351477 0.07730423174179514 0.003601667941250839 0.07800214068155312 0.033298468295653444 0.05198472826213773 0.0990759472266612 0.02901003400917581 
167 0.01857239333249282 0.04914178936082618 0.0389016536132792 0.05132312287028375 0.23503743468167024 0.00471700150986469 0.20501533867840885 0.1295292927819961 0.09622940084411569 0.19786555127038014 0.14230007402880812 0.15414606038721745 0.00959978684958939 0.0320289364460743 0.2386089559579485 0.09392492969133073 0.004192739146265175 0.0019240097424957083 0.009628440928597371 0.08878157173011937 
168 0.04128891830752927 0.1943489184360264 0.18416007542198298 0.0959030633984557 0.0333532940762259 0.2826615225294091 0.10425374967109927 0.21264420514847893 0.21137005848790352 0.0871533157923379 0.015593067382258784 0.19038074152160675 0.102346652425179 0.16491660575949252 0.007170364125222504 0.17245608584046493 0.01908356863204462 0.009840624162515159 0.001271992018560201 0.015911335537512606 
169 0.0036937197574409475 0.1505069810448008 0.13992223861496467 0.002156390835994196 0.002843865847125332 0.004505422886077329 0.19933148844439919 0.2401270019995498 0.24972091078689376 0.19773721247624526 0.19981904948438048 0.26389222353852165 0.24084892206151656 0.0992729066424754 0.08134172229565517 0.17780141766728486 0.002439978344213648 0.02275338790519333 0.16069647468074727 0.08427493323912044 
170 0.05170722213121848 0.053149509793094615 0.07258132783220629 0.08732185661492779 0.04020737791540101 0.08491711600759347 0.2505286081454597 0.16575301616969002 0.2547566137142796 0.21133223853615243 0.19168588777012252 0.28296287544313087 0.27379227405487117 0.22272097898104798 0.13463625666565351 0.11708578074438356 0.18084397423232879 0.000559006910577064 0.006371691656335152 0.003494429723848994 
171 0.24318538073020313 0.26786582385246926 0.25896415280227625 0.2930997685556362 0.07336525726044862 0.23250546384724935 0.17752890668809387 0.2099898005685406 0.03187901092587558 0.19014979579139069 0.2689399904535554 0.1529403125483332 0.04870043103368582 0.1863502058651358 0.00518194269945228 0.1533618563987553 0.0849686125893616 0.00020409107556657795 0.0009668730005629085 0.016333071997486202 
172 0.07366522363280947 0.07168517043754753 0.15672318704221902 0.168155493063299 0.2293613117153973 0.19938529750524647 0.24578213335565655 0.2045101710782726 0.09681345555410935 0.0016303708217295714 0.03237661608203411 0.26529543489793483 0.09340148903071123 0.02161734986876019 0.11352403455601436 0.1327722763231302 0.16338851923916975 0.002441538126498834 0.007925264519802052 0.004035036926252408 
173 0.07912437693991342 0.16702138817389775 0.19979855293522525 0.2050483634460013 0.1713618929979583 0.22808073852034616 0.046145678659784514 0.03010527936836647 0.15029366510913483 0.11249629305346201 0.22550415269212692 0.10119504878880033 0.07733729100799296 0.2285452000838005 0.1440094983587829 0.06533400054295214 0.011871534444265069 0.00266032216040229 0.09420135875013581 0.06338738645391997 
174 0.056988736544939605 0.07115562594475536 0.06943659643129418 0.028420225841058883 0.18993608707164727 0.2051982421967024 0.20038992394873173 0.14118778195735834 0.21142400433691416 0.16169258451626617 0.04961460209131928 0.05431117320185393 0.21928767480492106 0.1826383395126574 0.25923098458796684 0.11599765995667213 0.11871754864941449 0.001268441645239751 0.0035287852721583852 0.006394374729918637 
175 0.0488037032123098 0.03696894603040904 0.013697192717242785 0.0023447512529574032 0.008978939722269437 0.1261238923290714 0.06698491700940934 0.28280303162481124 0.20849101695414277 0.2816874756830403 0.060038155315790015 0.168643228740785 0.007571030139988561 0.16489371185683802 0.09263508497253228 0.03850261102755232 0.15404912611645089 0.11917345574528294 0.12212218149519782 0.008074158705261316 
176 0.009483068950828623 0.0031286369792135225 0.002930831833985348 0.003677147945493952 0.001307475759873855 0.01435708451802701 0.2431329573630642 0.05513478943186051 0.10101326692952692 0.26648173002472836 0.11469612303714567 0.1012142430964376 0.06919402570442507 0.3084561335718383 0.08799885821698784 0.03174281242335965 0.011438243694818915 0.003039446898929509 0.004102439623545417 0.0027556170289896277 
177 0.0028198235148804997 0.00045805817193532406 0.0013341462818983686 0.00027037832274822424 0.25639032058952865 0.17423119077460214 0.24170515750002258 0.0013511322091477253 0.27179606122127326 0.04398302863263453 0.017379758989799668 0.2669475374554772 0.027111587659742625 0.184726731006421 0.002455709559781014 0.005387289337603905 0.00017499568014954367 0.008425868133545537 0.011057112799354982 0.1604338813928656 
178 0.12561983523156883 0.12178687791849992 0.17398979959704977 0.15341715337336131 0.26554612091496926 0.16968250416534766 0.2251030728745257 0.07029672298486872 0.24151329836331348 0.11759078809923634 0.26159809697433 0.2584155427724352 0.17413841937806704 0.03867253164361003 0.1540673519225178 0.10766870965807074 0.20805502218012242 0.09239503827764597 0.03194984210355421 0.001715084292917455 
179 0.019620753847354063 0.09522432776052053 0.07697378965275531 0.08970010833169038 0.11467104513026852 0.15027159210933647 0.06770641030623806 0.1439878954787448 0.13769265822950236 0.11169207643598278 0.09105709208166524 0.05103936652771588 0.2774291719421079 0.2372113714167305 0.1574229024852874 0.10521445409451408 0.04466572883115048 0.130585403972634 0.0019217138981362058 0.03624185252397709 
180 0.18152970818644582 0.33050156390673774 0.3495045816043897 0.3390645705957718 0.13957787194805782 0.19045681111784282 0.2474456411300937 0.140962853080966 0.17175749295809173 0.12268443676646361 0.25123225457234794 0.13410163770341715 0.02852551358820639 0.09096283489750495 0.1400101605775054 0.0009913611160853875 0.0032060980299847253 0.19711834324288452 0.016097797768144233 0.002072221547679908 
181 0.003735879242356255 0.009608998477096686 0.019420432171970054 0.08266881988014775 0.16589441438930427 0.19163405485080587 0.11529519861780682 0.08891293462694932 0.09984452423585903 0.13978332342252356 0.060368147910151077 0.2557090661439268 0.27762773173629335 0.13337060993037075 0.12341850966579035 0.014388122958916841 0.1857103842458898 0.15869570500785918 0.08917977604180136 0.0020206847958784266 
182 0.11993319493786159 0.12660125232332692 0.11616746561573396 0.11980971197215728 0.1295813895684354 0.1266985973594226 0.2906964629713137 0.11891344811772875 0.21446043204322424 0.0018221637678113283 0.02760617826765875 0.24089021839872765 0.14380223247819895 0.0029576831809807135 0.026258205683743905 0.044053478282241064 0.20153594557826252 0.0018560810327378312 0.002114014797474019 0.0008058360819660733 
183 0.003653817447710642 0.0013908784961129768 0.2313728990757863 0.05355810970048702 0.13595686217644812 0.21076188113520022 0.21304109330809334 0.21917641518359163 0.04161361744903142 0.2134566479661362 0.18085642036181665 0.03688612002827364 0.10367839041993024 0.03644704411549378 0.2837487388161181 0.032414205025286184 0.00028084263841919794 0.06619322219885591 0.002762508828373744 0.13064062974272328 
184 0.0063663269188988115 0.0026994584837659445 0.04047862171429507 0.20725741238552323 0.1655169448924833 0.08089787126514408 0.23666228658715058 0.1723380307154105 0.28462945930674466 0.24974365881976837 0.1528594015194367 0.15925954445464585 0.07842098248891542 0.14128650752503852 0.27182328855728505 0.07590523399519891 0.15024148608641916 0.07774666170407489 0.005540634210626481 0.0037815114337868137 
185 0.04324580008737621 0.30029136714913673 0.2790072136166713 0.3369375717396979 0.07258305796093231 0.006217089502165776 0.11903910778677372 0.19877206142425397 0.11127940673558372 0.07965780387312965 0.13696785069143533 0.2535449894336354 0.06360307721446 0.056584664971338475 0.003244112390957218 0.10128092630929306 0.00035961328707547987 0.0002429175820318488 0.02024885924005104 0.008745059959266444 
186 0.04799447160612881 0.08793755664244383 0.08139474106672538 0.10537022137296626 0.18097110454784904 0.03655339580976605 0.17945049158339785 0.17695408877373014 0.24446984212548872 0.10383261286938288 0.14450834447157948 0.07153610370388315 0.25950742388980025 0.06365048094328982 1.2193761020439893e-05 0.0002505576326943343 0.25676336533699223 0.0868453613580026 0.006103369283946652 0.032065272507351764 
187 0.0009399490822007461 0.0007985035405666797 0.0007571846472974286 0.0003158599332461852 0.25680123296038637 0.02224822551250652 0.07603716733937924 0.20516648106994775 0.17469786882505883 0.0897023641464892 0.1727356338542912 0.13450281283801174 0.16894939288182034 0.10311370099739507 0.1960879468086611 0.044622371018359426 0.001539567588934711 0.2817438617282804 0.006390407580897514 0.13780781898292802 
188 0.004378809003921253 0.0004855611666091695 0.011977814504534248 0.08230996330137083 0.12875550389931675 0.195084089591212 0.07938410951432621 0.1950513813911844 0.16940943269552333 0.12313386098086994 0.17825465964100812 0.12302195819652868 0.017319630315771124 0.11622559465005955 0.26782847437511964 0.06686671270889218 0.20900128732922754 0.04947006876879982 0.0006961473469273756 0.0020547793519499168 
189 0.057730981657983564 0.05335119039675023 0.015019195292901397 0.19833742352727463 0.0700264858329236 0.17359835433838963 0.21261639156225454 0.1705643916591066 0.09136799486138164 0.1850893316102193 0.23815341897193415 0.22529505976072914 0.05615297297012001 0.1410749648071833 0.03968513443921629 0.008747345465935811 0.009888215220949141 0.09356215718392498 0.05176058851209997 0.005783702795046149 
190 0.003486029338662256 0.005540900762812064 0.00940449600118719 0.01554317811131185 0.22968575960693383 0.008432926204676332 0.17973453082361251 0.14461738057771326 0.18000346990697802 0.2261365127787845 0.009200727048096755 0.10422987144456619 0.056405132398519055 0.26569754810960144 0.2086569562114071 0.04923321885157289 0.15461926042982035 0.10560187674996774 0.017341388593691602 0.022034856101675798 
191 0.03762524654518683 0.01769543767411435 0.0586200138716087 0.1251417036048591 0.2055767550876774 0.03444913813282119 0.1626725238557207 0.1513109973956624 0.22104849411228694 0.20288397804781713 0.21026362655853842 0.05439980096943872 0.1016158707942083 0.06036282458064341 0.27108628834181653 0.19242445156552393 0.09910499675538019 0.17219383566138782 0.0010585190365824447 0.07399861722277166 
192 0.011680255152719709 0.008737077391468848 0.02886833125550487 0.06948440416748458 0.06833310745410999 0.05017525961146459 0.2902364873997603 0.21351325882005068 0.1660563800121549 0.12515377718538004 0.2854799996244037 0.07631098496010111 0.2039143515680221 0.04550032776115798 0.08350733925608288 0.024108420749755045 0.22314071005888728 0.060068099844528884 0.005041307237539261 0.09350255881849528 
193 0.04588904048467499 0.053329101835840095 0.06500120794226377 0.07076033154417798 0.03704734992093915 0.19615647749936133 0.24097532115591383 0.2063914279517045 0.2167213852490914 0.23903070608098403 0.12499926218464741 0.0558484220759803 0.15548817567370343 0.2985713515877203 0.03223380511943245 0.011145945464599292 0.11821199821079857 0.021325166854392293 0.07578190422453268 0.003449915378084265 
194 0.002097938030562133 0.0288118569564178 0.10460008580234059 0.013511782911028666 0.13874347551976915 0.1744127098039235 0.20056659711575497 0.010864468610734512 0.2675721902143606 0.25916737242618904 0.04969984410976261 0.16964496915797334 0.2547945852560089 0.02646490813847992 0.13208123240728908 0.016094884117980473 0.006199926189112643 0.08725557086852437 0.04439385938044191 0.005822994237230149 
195 0.017331065318286314 0.003913631333720762 0.013669521520752891 0.16922870991960176 0.13837482041943414 0.07135507976379621 0.2867809456341441 0.19434231699042565 0.22723835923996738 0.11433544388534642 0.11482050229375532 0.2220401110656541 0.1771164638532233 0.16753706641664218 0.17980504170379283 0.21937410393565845 0.013756648871596548 0.04977898973609888 0.021170828822587452 0.0803939313631655 
196 0.04714496186769737 0.16125704912876798 0.18014275663091786 0.03761238733919612 0.27387739093109836 0.24878390178490592 0.10806673272599958 0.25453817858666883 0.2386975702435097 0.17718288411144828 0.08094518760876802 0.3137991777904039 0.21062623810010123 0.1566692243194277 0.22717830669938383 0.1777242519533881 0.11607254571665702 0.07107343772288258 0.06674650376174623 0.06258061924603034 
197 0.009972488264174269 0.040814839808062754 0.01276521831325719 0.07429171999267291 0.012723794976101174 0.12312817147549102 0.01809184722182684 0.16838935691821083 0.08326733190514171 0.1596232462311102 0.09331456542583409 0.13883009912385286 0.20373791197345414 0.22250866210957787 0.013782322640819161 0.04169917614766651 0.06531664932777843 0.05794534778234703 0.018330214400309332 0.0154932383886785 
198 0.009837185925328604 0.004837294290202462 0.035506871964644277 0.08254864122021835 0.11044032713363491 0.18152981615140507 0.10442909488688369 0.36700652069713213 0.214071209910858 0.12326804196938691 0.059206449478095086 0.0818507536572413 0.23744941855740254 0.02521471569078273 0.20736878056682803 0.07538493592676837 0.21512575176832202 0.028022465300065608 0.004295491008058707 0.0014295780245023402 
199 0.05998115195185469 0.00286445027766849 0.017985379848683113 0.0018744651461761288 0.07810131943526677 0.1654667819937499 0.22953530739582526 0.29862685275721124 0.20141667375641292 0.13341533292116228 0.1838247135149453 0.16922156853838793 0.1475608083257892 0.16179883603901637 0.13245969534391272 0.17470669705204456 0.21187808724835802 0.054592116639616224 0.002709314606536238 0.004949774974217628 
