0 -5.496090763327556 -2.3001513302001313 -0.5108589895589416 1.9201654127463275 1.3065149225628752 -0.9859553141192496 -0.04784998765588702 2.6545188558812445 0.5827669980444012 2.2338451683203155 0.9859615671778545 
1 -6.076115401731033 -2.11319909040269 0.8298545071306777 0.38548999476225004 0.0733045821494204 -1.0793560637199033 -0.26741370923926727 1.055205574860692 -2.9355118403294553 0.7053302631997355 0.21852904117042704 
2 -5.911477825805277 -4.8233149746248865 -0.40005975067393207 0.9940179175279535 -0.379187337610958 0.7187230724537255 2.721749364469004 -0.1263589020078126 -0.3047286974552201 -0.655210792768387 6.179769354520419 
3 -3.7463365252912033 -0.5497305836414811 0.518834195052294 0.33530606850271577 0.8496418043172729 -0.2718786736650416 -0.12539714144766703 0.7769820207958943 0.7984531127003534 -0.3235709617600879 0.045708504708899644 
4 -5.723868038013035 -0.6440152795413098 -0.14274159283443147 -0.8323870605007286 0.5711351255665107 1.6817915752798158 2.4889604870101807 -0.6190997062145006 2.259096422505541 -1.1394637699351573 -1.1077608911099976 
5 -6.261296319452641 -6.206284229033544 -0.2783182972386314 0.4437577682773582 1.8134595065836554 0.4352229989939965 0.9719840685785088 -1.1983856582948444 -1.5456315346156422 -0.7119741202720791 0.2368395676898109 
6 -5.404527285418037 -6.189403048828406 0.2960512047517678 0.6620662456454388 0.27210895002443874 0.7707492919503073 -1.8986276018909725 0.7637902603835184 -0.5695792855135011 -0.5581164192297147 -0.17455279197033333 
7 -5.1515808848547655 -0.7014763714144525 -0.3884514642988297 0.652900688394777 1.934831051614189 0.18662873643399694 0.3494369127110655 0.10575644657163494 2.0547396415418775 2.554791945425451 -0.016256491580946657 
8 -5.879662141206289 -6.092453096313943 0.21207165036852363 0.41784584453223905 1.185409755327665 0.8949646026417266 -0.0062965677800098764 -1.7601306324575992 4.655423061688012 0.9758002092568774 0.20334465843078772 
9 -6.6369712335634015 -0.9161154473276701 -0.13247127951273285 0.6371622826687916 -0.21297398608602278 -1.9653318929516752 0.40434849246589344 0.4187479883176262 -0.12179199579842515 -0.20321143643562434 -0.2049936383838417 
10 -6.068811013397861 -2.606574978599313 0.286844317198277 0.0812380165867361 1.688782573045674 -0.06703993994150996 2.519739660888926 -0.11178752304408458 0.6083335100528153 -0.3865572455571674 -0.2762330188905762 
11 -6.233501827961358 -0.847229563787583 5.234605697241241 1.224690507383631 -0.49215149651647855 -1.2894372630179196 3.199936328464915 0.7394213155294803 -0.44299517204845834 0.6065608393511045 1.3722050591183625 
12 -6.5113742913084804 -6.179667182106473 -1.5827618148997706 9.116451894120065 -2.586052116164835 -0.6512588150609827 0.7964565575304804 -0.5359757909483382 -0.31643562726214847 -0.2901447719541192 -0.4688238663211116 
13 -6.094785747391338 -5.810774350800815 1.4916677544807027 0.24780586263441828 -2.599122532836919 1.2650363886044431 1.0950567305369008 1.4376897175368566 2.720738988147183 0.4355097247724104 0.28515511379272973 
14 -6.461490089232687 -6.138244761847539 -0.7379418510590915 -0.9593414507389149 1.7935059586291617 -0.7102977282118442 -0.34831944060100445 0.13218146998615504 -0.13020872297264166 -3.053050511588715 -1.8336693917756204 
15 -6.178226203072425 -0.3486049679929113 0.2014470213506756 0.2900956146522029 0.3345116541277292 0.0281438770134953 -1.9802489930674794 -1.6690331395180036 0.36466524347091805 0.6252828131127622 -0.7424361770632774 
16 -6.274891888603194 0.6242528682797124 -1.6816952627537267 -0.10363158949414847 0.3340934472568814 -1.5525693893167578 -0.6455575840608343 -0.9842543795995492 0.18640341866597876 -0.5651906170261086 0.08518725634132528 
17 -5.22716620023597 -2.811720272609784 -2.2087771635680475 0.4932041534594637 0.6661813079828373 0.17785841527222152 0.7532865294384595 0.9428199785435718 1.5552524554348042 0.46410729826832064 2.2179069800727778 
18 -6.055293556095657 -4.068026544924074 0.692022001804779 -0.6476909885987014 0.17180488525380683 -0.4341767485686115 -0.9602172887303384 2.1497020124032606 0.9787638956894386 -0.3608197659332089 -0.342670263215739 
19 -5.767051045136627 -6.241811606018333 -0.22032991178794134 1.0050420306689747 -2.91330156118852 -0.5480210990797658 -0.06628506929430113 0.7573874677867154 0.34148672214916637 -0.7611900341934342 -1.122647792018085 
20 -6.302057726983763 -2.1602278429304658 1.4532723385195538 -1.1665302141681022 0.318649448513672 -0.7957298499697397 0.09141763821871374 2.6932085123800844 1.8761512605063837 -0.3302002631698833 -0.28240483551075724 
21 -6.673574192941865 -4.855251460969479 -1.5125466515699888 -1.4996581424180788 -1.434671951913992 0.35648457524137395 -1.2123235577356628 0.5425970721947865 -1.1671713564656536 0.7040145463102377 2.6311876196699604 
22 -7.016284439536547 -0.9684319802193737 3.3069949067316755 0.7044335911481546 0.22914812967996281 -0.1876889265127263 2.2795738978368423 0.5008519016049172 -1.547027829325537 -1.0822327938655998 -0.2458357678819809 
23 -5.751551416466668 -1.197401758016477 -1.2805998160583565 -0.07162829842689034 0.17705773559976337 -1.1561667086682417 -0.05930459929436321 -0.11044899476457261 0.01088695079473664 1.6762027518774227 -0.4894425034021019 
24 -5.431610628043869 -0.3192097942360876 0.6955642367886444 2.263208355865061 -0.8314463851980657 0.0603467837957362 0.7283797890904523 0.42601080607991887 2.950985295419932 0.21883501224189364 0.5186740389609278 
25 -6.459489495594361 1.1900201130417467 0.17538372665560154 1.8889438547229584 0.31858942605921287 0.8642418102934042 -0.42337731246259314 -0.7630919822125791 3.2406513428858212 -0.2837362718507165 -0.09285638109587518 
26 -5.861103735246786 -0.039663129152614135 1.2835505759819128 0.29607201631068286 0.34899079526331495 0.3199656230984315 5.619640424569521 -0.06935211995996474 -0.42335978648655415 -0.25655028920448536 0.8636010616408657 
27 -6.113279028534964 -1.372770584795497 0.031156163334427986 0.20464394907968586 0.2855482356575145 -0.07023168369099965 -0.05328543635191772 -1.1069167141480059 7.3888718251942445 1.093280069779423 -0.31996401247289286 
28 -6.398302882295715 -5.4498677117341625 -0.5107526303057264 -0.9282102844032064 -4.020177308626911 0.1858231490843394 1.0845915912278228 -0.2275699715917187 3.457605493714712 0.32293777287871106 0.5799008113930368 
29 -5.535464947824568 -2.8922870196363166 3.720856831542684 0.5672048906283231 0.3170854988481779 -0.304424289269848 0.6120442459519652 0.7713545660865186 1.0031243907370373 -0.2895498467865807 2.0901438980520464 
30 -6.187229430104718 -1.5473492940194624 -0.685896886873955 0.3385855355519436 0.2617120551124466 0.06983343899414059 0.46875216755597215 6.808916468128952 -0.7204736206067364 -0.4936531591346358 -0.14941815032344924 
31 -5.806015910204253 -1.0145347805265887 0.6981175104143232 -0.3835382221823816 1.0115890965846346 0.9174045936416225 0.9926108279798164 2.5058345141502727 0.1536557556679451 2.4256529965226723 2.057176951364374 
32 -5.780434062734957 -0.6393798837465181 0.5275465690478469 0.14635915182253031 0.8838404449859304 -0.37232322783919636 -1.5099948694314107 0.8981723751139009 2.38893695062263 -1.5814295097987492 0.09230173696137857 
33 -6.087371927128839 -4.951995101904457 1.3172728658356667 0.02453870969495029 0.17920687334939614 1.7731812688559099 0.19371592302575474 0.03238018869241297 -2.8638894691385617 5.6983510398822785 0.1234373647175123 
34 -5.552358842639318 -6.01990462455739 0.7871637375691721 -0.9537378493089299 -0.46611207442894775 0.7343567079781846 0.15026377558166723 -0.13451612942499228 0.08983509240108616 -0.05455624095308286 -0.6817996764812728 
35 -6.346994227364185 -3.954391592022576 -0.2131923904929975 4.226589210588544 -0.5962421330420614 1.0912308186948696 2.1848556441166136 1.0918303224470356 -0.10794893862253979 0.0806689162427173 0.15696923879558278 
36 -6.3865363665389285 -4.113918558958242 -0.2594924276586982 -0.6771411075586713 -0.13125374452355387 0.8615166530262288 1.1946932055642407 -1.1337618937928267 0.051647550615987706 0.014826793397942932 -3.192530789200582 
37 -5.435561400225592 0.41218671415134644 0.02098314333980353 0.12475705541553872 5.544282942196207 1.1247561190377526 1.9208554276145284 1.8211312761947627 -0.28281624933964095 0.5584795227974362 3.6100397618116427 
38 -6.329235563138854 -0.19751011378930747 1.8225466228542835 -0.37897024832868176 -1.1859862261021008 -0.341526543216418 1.0329606637650965 3.293408832769933 -0.5353775273294041 -0.165666104208219 0.15892530969727775 
39 -6.295741677538372 -5.911650952080353 -1.5424769461072834 -0.3876916354291214 0.43524427766607415 0.16522252989403904 0.15643216250758968 -0.6246486225054931 -0.19155626336259393 0.6187562710811804 1.4324916511499581 
40 -5.675767880162869 -3.2592057336624682 -0.013820700121526797 0.7431035531166402 -0.38695772878966916 -0.724895598224729 0.058380743753519496 -1.1145156832060557 -0.19941521375748497 -0.14322678990527166 -0.06717433111182033 
41 -6.1534675653931625 -4.738305681467934 -0.9376093108626795 -0.4208073368182585 2.989089870955357 -0.6544174180801726 -0.4236479387157749 0.4426909954013176 0.3134669908155689 -0.5223835313361906 -0.5837370056725915 
42 -5.7129679168649785 -5.68534127071253 1.131638441507548 0.9336615815036228 0.5233885192461537 0.7747829934612964 1.2202648623043368 0.1774306889481272 1.2838668420635297 5.676725630115587 -1.1945246785000145 
43 -5.909820428060518 -6.2523082927393405 -0.35082094871297465 0.368928024307098 0.22292418736222358 -1.530764229565892 0.10276579638348196 -0.32831373260764396 -0.06069839154285064 -1.6608092019700862 0.10919696973097819 
44 -6.716143958328854 0.015598442424381027 1.3992111106932272 0.5236217200156397 -0.2864498851463578 1.4853816097527621 0.24543470216615806 0.5021722914903795 -0.28725636174227165 -0.5587587967416398 -0.10972915674169646 
45 -6.353056582403687 -1.0021009405291115 -1.3379374761248 0.5864609091557392 0.42196387362998444 -2.013298250098247 -0.41019533240961537 0.25416403246486097 1.452682326722098 -2.0315126151826517 -1.392688233817253 
46 -5.976545462859895 1.0773228307311011 -1.8946866146441899 -1.0833698131802234 0.8911594537523658 -0.7512431989940944 0.5072476959039807 -0.11390175019335247 1.181611890188407 8.956932542957713 0.634022134879068 
47 -6.5779034232432405 0.374993957290952 -0.3032577821466742 0.21507804824629354 2.0875012128368167 0.6817878076790473 -0.23162515525980626 -0.5504577064020214 0.9207286852737208 0.4956270540826801 0.5188455753873565 
48 -6.076765343289663 -5.7866900378129 1.1913059666652903 -0.05743195747453503 -2.129861525156407 0.24392152087074148 1.6992185135357238 1.2806072578196996 0.5482946702665827 0.1439966868032086 -1.4543211007684995 
49 -5.553293958737249 2.166895223968738 1.2229095525404494 0.3571270615669686 1.0257525983649065 -0.7273869799435576 -0.6479777321238275 0.7928388854490688 0.02840619287399035 -0.33054874155949165 0.980230973361001 
50 -5.874333157994916 -6.463888883713645 -2.2257128263732926 0.9714119464609883 -0.26347863461028775 1.6128544594884635 1.3678675852214834 -0.3775532835718656 0.42948810794100467 0.1874154218145225 1.0141109908141033 
51 -5.9019944028286 0.6592352947161406 0.3232082039531372 -0.09708955689583221 -0.24582732162077825 0.6092789702243055 -1.2276434565260521 -0.09388636475497103 2.2359409678194777 -0.6658358193610767 0.5936650314897057 
52 -6.0799421313526025 -1.6384734296441759 -2.143011253318118 -0.12831797535081804 -1.0223558535994135 0.9962670509243339 -0.6897850436347087 0.057720456383552284 0.31506458763296946 0.39842180043808906 1.4948600593577632 
53 -1.6522429685063853 0.23440468373773202 -0.7406653897336943 -1.4703643803917004 2.3774247921370257 1.4904679078433827 -0.9761755583294472 -0.030476852418067215 0.3514426081001492 -1.4313293590365104 0.6775670785178489 
54 -6.140379554741677 -2.1083469504335928 -0.5325404563300214 -0.4689820087452737 0.7067436307643614 -1.9387197784921721 -0.0036597482706503884 3.1743177197290313 0.1573570021203387 -0.2689562274388533 4.581905433464162 
55 -6.4104752589823395 -5.987277277437263 -0.32422072706343336 0.6300650315605529 0.6346779291140143 -0.27185577888610696 0.581874053628586 1.3365262303841021 1.669580780096151 0.25914090843666654 -0.15985706635257274 
56 -6.665912288000752 -1.5269032515429295 0.8702069409436193 -0.181969597498964 -0.2406017577039783 -0.5254824955816821 -0.9757217229000276 0.892282374795243 -0.16784059810139584 -0.15798880235446772 -0.13604772881261373 
57 -5.731131811953456 -1.5882518836431003 -2.1884819152356076 0.8984074737032978 -0.2118826526744833 0.26936079881538444 -0.7559537135796142 -1.1686398732458614 0.5150963774357876 0.4726438764797989 -2.172381495617131 
58 -1.4600806365146466 -1.6527599235737631 -0.141092536280862 0.14670243910444014 -1.1279353228382276 -0.5346040334430027 0.5445338693114989 0.26442852124835337 0.5872530648771381 -0.7548959723008043 -0.39247502528100625 
59 -6.713266938761765 -0.035634853917254856 0.6727140749479853 0.02225750341743958 -2.5021232183224673 0.008479116548664024 -0.32923361450181365 -0.0971101403063117 0.7420828392822508 3.328999255863149 -0.4198809370616234 
60 -7.186435268122254 0.9596870483347707 -0.2230373560012109 -0.4277400839432141 -0.28087344235206335 -0.3323671655183571 0.11572051057920565 0.7766485609455273 -2.541338675880758 0.3437126569504626 -0.1815035346356948 
61 -4.725207056980423 -5.902737544543876 -0.49814407471592054 2.420932076604901 -0.9837939794407575 0.5216454037261433 -0.9291552910532055 0.04187362890884054 -0.4926619695377777 -1.5771945720407832 -1.4884822631297623 
62 -5.932990439327769 -0.9294238963869265 -0.1285964666331854 -0.38132616302157957 5.715115252293808 0.2880368072659769 -0.7724884704996774 -0.5467244616176664 -0.844836087871922 0.8684580572608168 0.46856819367674046 
63 -3.9612343415006617 0.030143327830722957 -0.6202826130954917 -0.22749939788139545 -0.44811924359877164 3.6462047966981053 -0.034097509533586534 0.20022889560365864 -0.38375461797652666 -0.6210750147786522 -1.22266275837496 
64 -5.933216573437567 0.32671122703279765 0.2789676103102381 -1.8999012710206125 -0.1491156743141844 -0.32803380618816136 -0.17858983217803795 -0.055460783591202364 0.21253419913509836 -0.1277432550525948 0.04540770088480836 
65 -6.084673487113381 -1.8988868406414172 -0.3402694229211251 0.1415897723923184 0.3787258127419592 1.407902420131304 0.3474340639787833 -1.1082161177473981 -0.4239381510480874 0.5192566598777495 1.72076575095044 
66 -6.664932879048374 -2.8290247240762096 -1.0016832732061054 0.5382562529036601 0.8093372079784881 -1.0138947164752252 -0.5241897629438311 -0.00588616714381437 0.12297379409657043 1.6119695333080875 0.13345290128944745 
67 -6.055277074160389 -1.303753683249065 -0.16494752042445596 0.6019703763891312 4.355941688366692 1.1870797278414746 -0.5217088455726873 -1.1649418261048543 -0.4680842019982149 6.130676995660476 -0.25902275097617405 
68 -3.9620927548148845 -2.068503983286699 -1.160169869182923 -0.16165316236442306 -0.5821395125500669 -0.42748267310494514 0.6643028433491475 0.16830989584814793 0.13597884181107417 -0.07478085101929192 0.5174841956831412 
69 -1.792628662714771 -0.7508072246717851 1.413157541210256 0.5284450136519172 -0.2673711202085304 -0.682146610786065 0.28480587330845564 -0.024687304002488634 -0.13961916132860058 -0.1154830860637859 0.8471415975004967 
70 -6.667909340227963 -6.374788041354766 -3.5351113257734723 -0.04720466680583381 0.6005342845299265 -1.3520034543440165 -0.2692926069492181 -0.8911801338834915 0.09190762177071507 6.2433806202800275 -0.06580795022692192 
71 -5.1177070560895705 -6.193122957990679 -1.4125876362056409 9.91639684938465 0.4080570052127406 0.14498181331287646 0.07972797592150434 -1.9412524757617087 0.3953582351995787 -0.08001517883043298 0.8280701012881365 
72 -7.149420751642061 -0.39370884106306836 -0.35364651415037646 -0.4748350469094544 -1.591584232549498 0.2292241482060563 1.2797973776501732 -0.3127449045806303 0.26441277598827884 -0.3044953617386664 -1.4138961385447502 
73 -6.857349728303717 -6.335957998215725 0.2640431728412166 1.270181403118688 -0.04992689218419577 1.9803199359423673 0.3284230403245028 -2.4951556236889676 0.5745857954443644 -0.30712797714890966 3.1719823239523963 
74 -5.789192346649133 -0.6787234779147655 -0.3935181554808878 -0.4763260310167273 2.2651006154042745 -0.5619997663468221 0.6064525028889913 -0.1716864120838615 0.7794845322388205 0.5753680233119448 0.344840948928859 
75 -6.5091250236801 -5.570365415993754 -2.61812957135785 1.4076497823020233 0.530627567905785 -1.62446046270537 0.27601587366679853 -0.6975459968714268 -1.8657248268853825 3.766371079129046 -0.7821837119621374 
76 -5.741239354207632 0.2530384150362777 -0.3706712602148597 0.33430100493599124 0.5782080382561573 -0.20773667381018554 -0.19497555833870395 0.8469664911055965 0.7328311869207178 7.127200237633073 -0.8953360227868611 
77 -5.46258917939733 -5.495166312218617 -0.3654157532399786 -0.6256041540030108 3.1363355818999454 -0.5383800666254303 0.817528609427504 -0.28876667306883946 -0.009297902612086772 1.0745637119046072 -0.13771268484234866 
78 -5.7642622669023655 -5.0177369101092815 -0.0436998568859593 -0.5533291813797573 -0.976971926530871 2.031424279767888 0.04240110364142531 0.43443128803757647 -0.8152506068971149 -2.5947991182960197 -0.4244143775305223 
79 -1.405961435588441 -1.824941506396532 -0.41738855353840915 0.3150340497066824 -0.8711020274400526 -0.11942103624656959 -0.39994621888481274 0.5520454252869899 -0.07347807158602745 0.5233317958749033 -0.07649079231709195 
80 -5.880291943108522 -0.38201170792439093 -0.2573225457870821 -2.700303194913128 -0.3030200230047583 0.00043000831174497197 1.1431701635102447 0.6100455700263829 -0.788620821147269 0.18092328420737708 0.6322528434163662 
81 -6.9484755689735165 -5.947135328906692 0.17778827109154557 -1.5527658424472088 1.9306481907748811 -0.5309321662330487 2.1391171171227006 2.584718670798734 -0.022183770668790757 -1.0791790422047476 0.34743174752069234 
82 -1.3921663978038306 1.630937876469499 0.8554149693992151 -1.448651815743615 1.3347805997340052 0.17785696790828967 0.13605928215228194 0.7213639686503122 -1.3757125037703628 0.7387993450152238 0.1154034202987571 
83 -4.005606662137296 -1.3817285534694508 3.7212987255321957 -0.8031388207470627 -0.40372602845086897 -0.18350578247954044 -0.2709129177461417 0.955702022809792 -0.3481153828087775 -0.0729284008647263 -1.0901275962378345 
84 -5.621053745480377 -0.6231594127158954 0.9475871799418792 5.525491158202871 -1.5038929575202356 -0.9550527228243064 1.3369424081241108 0.9888960015821855 0.22186985222566422 0.6961407679569084 0.3005835238488516 
85 -5.754951450163234 1.4731994296535267 -1.9731086203294006 0.5681304842651178 -0.9271283794799294 0.42536101795098935 -0.2678261514253288 -0.6357387280899501 0.10044656129849394 1.0262777767396594 0.46174851632246855 
86 -1.3860126591929098 -1.386857845381212 0.10437293696762803 -0.5725979466347844 0.4158340823664233 3.3301182468859962 4.586955355862281 -0.638522735541894 1.6861810158132085 0.09050229752563234 -0.1930510485995613 
87 -6.060409608083917 0.6811240567883998 -1.7728098815534985 0.24430797125979303 0.30790995646892944 -0.47539667382908096 -0.131192235458795 0.567925183932679 -0.3983861372300236 -0.410203468581315 0.40362979074961 
88 -4.14897049957114 0.9728805923669495 -1.5946119958690523 -0.38563352528479433 -0.3843417830297592 0.05108723027921655 -0.1405706028274188 0.33709345166031046 5.341334459203317 0.8740301232324825 0.24264597595483506 
89 -5.220847741318854 -6.238107204391239 -1.4264861412009877 0.23601065806982977 4.359431404540924 -0.39397402665716363 -0.6471725999961955 -0.34379759538413074 0.002761664998538395 -0.024908182327949675 -0.0823275617211923 
90 -5.379418424579622 -4.699083161804615 -0.8911090295220555 -0.15324555868703824 -0.38820198118762794 0.26842628621886166 -0.94591145827446 -0.004893711149377939 -1.348041401892256 0.7354290427299836 -0.8628644763298494 
91 -5.288087045519824 -4.0190581014897395 0.4273854308545928 4.341271645228554 0.18026817779675677 1.3376446207789126 1.7560299066811618 1.2043586075853943 0.7811687896665778 0.33480861833024433 -0.22631948397489285 
92 -6.454073417545094 -1.167445484103323 0.4945895880434188 1.4231374553108824 0.39533908510530347 1.412970990142025 -0.8180642280997358 -0.40847489722539665 0.5524717751247338 1.442179812308997 0.24745305132693385 
93 -5.105947255659373 -2.4027110004365895 -0.14391375366136766 6.635420428915885 2.109712724625982 -0.318789504139641 -0.7324042681045227 0.08266974212259597 -0.294066767060465 1.2429303155718756 -0.3822866439256376 
94 -7.018697046800304 -3.2977164472681477 0.5394784891822849 -0.010988194968563314 0.15485271282082239 -0.48376177408779086 -0.5531621382621879 0.08109546728224475 0.12186509568278905 0.29916683862028415 -0.21987755343408544 
95 -6.245475426742016 -4.899806575161054 1.2853529684813176 4.0590106801377575 0.6841604368600122 -1.2111128807581726 -0.09955081131703529 0.17607903789371582 0.9846069798161591 1.2143468988750816 -1.0003212109285173 
96 -6.627341475583208 3.682927699760806 0.6225429371379824 -1.6307541128844563 0.3163860903668051 0.7326807845674169 0.5376941951294657 -0.10223233777455284 0.20083012146788282 1.0488286250355798 -1.1207976405084812 
97 -5.315657868220489 -5.4059299751994425 0.1526048030486001 0.6472272783556908 -1.4774719826057412 0.102768507053151 -0.3072314538609552 3.5314222246379594 0.14459417109268172 -2.314850891592157 0.8566265348445735 
98 -6.22313386196892 -6.106082564361054 4.0921520453314235 0.38167843549762265 -1.8315215533911435 0.799672187735208 0.11433958214714006 0.07853494573187478 0.56436706089276 0.6603406866807473 2.171420701428488 
99 -1.1016511899174624 -4.819563919803922 -1.6070478795263485 -0.19531556716988652 0.6435697368160164 0.17410266614748104 0.1441437087593796 -0.8864313180737827 1.0472591406199578 5.080075594341856 -1.065874019866544 
100 -6.6273983492254445 -6.407738473469612 -0.098843196185206 0.13830125730619283 0.4141708976318637 1.436189742097986 -0.7954996890575353 0.25149615845019946 0.35677864879126486 -0.8525471405648424 0.3332252347168528 
101 -3.7633792077610178 -1.3749608329866252 -0.8144773464118099 -0.502957950908975 -0.10085778681539548 0.020731966812432064 0.38494828584568686 -0.3850533463651523 1.146056758325998 0.009030818621962092 0.8152876580684257 
102 -6.213011583448252 1.7765374856885066 -0.13747533085411276 0.0411498444273719 2.8692036028596144 -0.26420909023409883 1.7997237574733758 2.1947876139930456 0.07456989164708468 0.4278472447102329 -0.7765572945405004 
103 -6.796584633355704 -6.601123782405811 -0.06038378274067947 -0.012688844884035122 0.8794165063533432 -0.8950391944166692 -0.22905131945296833 -0.4941886662055661 0.29935601653164906 2.4442462766093502 -0.7594060532235835 
104 -1.4261505023802188 -1.710763093069911 -0.5558703959279135 -0.08352822795188264 -0.5140150477370041 13.10294027629038 0.5545084941271201 0.865396460198742 0.5425452550635879 1.0178043113859223 0.0006796068410334782 
105 -6.713215742082816 -3.2111079197767296 -0.8690690235058912 0.2617943389870148 0.7740200131164369 0.5146125096873707 -0.6033528867728347 1.103517821177308 0.5302724484860633 0.5632533057477932 2.287674898310193 
106 -2.2603434770661432 -6.466398593652342 -0.41809489112415077 -0.020124006616867193 -0.8595216617200803 0.6446320621130778 -1.1547088202449607 -0.022234315141559356 0.23151690144169876 -0.10402860105973866 -0.9597125755098285 
107 -5.952619901758441 -5.930583838209819 -0.20820676071374083 2.024266527762016 0.3958537317711104 0.33789229986888 3.0123569297064603 2.3919161307074743 0.4323255983471924 -2.4913317546607336 -1.1008437569366247 
108 -6.499616076908913 0.3694165516657031 -2.3416099691439896 0.2338920359605191 -0.5469972649610352 -0.3288735632321677 -0.1229907438283512 6.338600870199035 1.0791527843301643 -0.320578286138419 1.1065349543244256 
109 -6.456243795523147 -6.7053604893018015 -0.052960587739341466 -0.504825929774281 -1.149360230496934 -0.02835520266592739 -0.48323128632241685 -2.801843541765861 5.958419544292908 0.18088627080868055 -0.29745237167974964 
110 -6.012455661845728 -0.3622870504164602 1.1290440388374905 -1.7198952345778906 0.5386793325578342 0.452755747831759 5.1516668164046076 1.9468100449189591 -1.0582452356425134 2.015593210098772 0.7234739784846347 
111 -5.755741538466233 -5.920984712271053 -0.011756617151763338 0.06431355922679252 -0.024112791039455968 -0.2039590551652689 1.7644149686319226 -0.6256690847331957 2.2773752519733663 -0.02758373858471649 0.20538767566864777 
112 -5.262173637375285 -6.823831359268742 0.9808826477447579 1.1613882053465847 1.4630872868268658 0.01928062941217017 0.23566986067978662 -0.19239588942308047 -0.6958863061105963 -0.28076461361696814 3.9878688500421537 
113 -3.67853426786241 -6.589885672629388 1.0357387748342923 1.3111516333361277 -1.2093537383353807 0.6316107762959408 -0.7477783343150904 -0.24950939616456738 3.1384613182353465 -0.07889191827079897 -0.16659133991952313 
114 -7.275715172225557 -5.877555920211003 0.5626312888759886 3.1676585822816405 0.6282043416765986 13.280042167413335 0.643402096887416 -1.964233494941551 0.2412763652691753 0.3368276221334984 6.888217671262845 
115 -6.649537449703461 -3.808999272909519 0.6755369355625215 0.03639356349077153 1.5763766581064134 0.1961256501293135 -0.33815294718823513 1.983209241413757 -0.5602865851828245 -1.2583519242355738 -1.6537703239468073 
116 -6.610359633877449 -6.626690350693805 -0.4557739789050607 -1.4057380066411178 -4.189043975767787 0.44952991036954937 1.8851335042369903 0.8847135702769829 0.07415852965146293 -2.4563748135818164 -0.7648982735428285 
117 -5.397685057730857 -6.115660690050172 -0.8899400694979201 -1.9806490062247002 -0.8320191556940714 0.05188466007785939 6.4581159457102935 8.022580275331439 -0.0365391682872474 -2.3221938088006246 -0.0823539612767682 
118 -6.355355807931187 -1.7733546048634883 -1.1027527467317653 0.3178653993747562 -0.6489320902816634 -0.30768973911998115 2.5673834004225196 -0.4271636798875335 0.8366318846509477 0.8963853283204182 -0.2588157281718575 
119 -5.979952755666775 -1.5338569305480647 -2.068118011902647 2.4188933186700163 0.7733184784003801 -0.44442139682919946 0.08663795549900308 0.17851830376310984 -1.3497979820929913 0.00908810147495068 0.32999513744865944 
120 -6.618848045266558 -2.8425986438574324 0.724299481987433 -0.029147640388282277 0.1394477307481639 0.37324803008471624 -0.5213571775310825 0.8640100539927001 0.9250964320868564 0.7854400330160977 5.265005764611569 
121 -5.911186362363896 0.8459227168042581 0.49380940235486864 2.357637477034744 -0.23417105662965604 0.13872101551795976 1.2008700497950884 1.3029859276330196 -0.6751628509895935 -0.010158903899426261 0.3804852854644198 
122 -5.912363446336519 -2.013450220951748 0.1897945583850102 -0.9014346048493816 0.2749605621569552 0.7079726872027321 0.873982481167794 2.5892931328674966 -0.3271582469515883 0.8620870735478431 0.06283467389313888 
123 -5.888692785900044 -6.306213477697107 -0.33026207162866866 -0.26554296560634405 0.015210240984084591 -0.40250316069069036 0.19114301399470424 0.06464938011555366 -1.41016873806947 6.7233774863825735 -0.04561053696368623 
124 -5.907127574660582 -0.09069397727127251 2.3850376237087505 -0.554818874841919 1.7595157796694523 3.13608350426765 -2.0588469366281585 1.0941938042547887 0.28295999382269954 -0.710461629509087 0.45719437189145795 
125 -6.325768583384691 -6.11276052308142 1.1982633054529706 -1.4969084358620128 -0.3718453192395412 -0.2186447629751687 2.352192655609935 0.19892311849235778 0.11360164009203902 -0.07114123955653788 -0.966178479538524 
126 -4.956564105616668 -5.834374034978248 3.695658415735807 0.9396449377085323 1.0967140450639914 -0.7313512464576495 0.6133405267109898 0.1639561919625265 -0.8946686912975487 2.1692940058726213 0.8239009098525989 
127 -5.299406209767037 -6.077174431871009 1.5726208101683508 -0.2464652143136517 0.2916179028870067 0.30143810058755777 -1.5541003059635852 0.2627907108083427 0.1262094926758251 -0.8253007006211575 -0.470570116564824 
128 -6.114922521843879 -1.3257577890795822 -1.403526899977164 0.898958048586265 1.0560244110423882 2.0755564450916184 0.10651029250105502 2.1850836536827836 1.9769891431320432 0.16490481367027227 -2.026034986662147 
129 -6.537484910346621 -1.6939696831991378 -0.48333617022012 4.358055385413263 2.1504495743696768 0.47401337461649445 0.7563164692926073 1.4542173731576489 -1.5182179749549989 0.5181558657395268 -0.5776509597919087 
130 -6.639201414926319 -1.6530502913831666 -1.5401275114875168 -0.4353211119455125 -1.8941661999422803 -0.14158144909004888 1.1121352501268018 4.482447633512077 -1.1895583218699066 -2.1639002654774937 -0.08582904475447202 
131 -6.145379907326229 -1.7213207628842684 -0.13599506551904889 -0.0710936376077088 -0.35294750762174054 -0.20402881423660227 -0.08149885345949781 -1.144526635348123 0.5500616064228633 0.37824982547022706 0.028230011985378063 
132 -5.189154995511165 -1.7502374244452714 0.49400941722356684 0.18125183874991618 -0.6245596018901595 0.406012077179279 -0.4342374896393644 2.530893690582988 0.7095081999350336 -0.7939141078465364 1.9402152696271522 
133 -1.3591550505038124 -2.2590184227054495 -0.9410587191656007 -1.6510644103364023 -0.2036008896354747 2.9546033134031138 -0.5444146263206482 -0.701303632083063 -0.4488700843613239 -0.5326435825530699 -0.22846875591579824 
134 -6.2361415910841576 -1.221216537271685 0.4584623733956378 0.2977851140655629 0.1951383539999342 -1.5264789879956302 -0.18781482619137788 -0.42834042899906843 1.9182076290855377 -0.3773500223174257 -0.15939104778095534 
135 -6.880458786588153 0.013892313151288138 -1.884075354226439 -0.19722574495419315 0.16183626134957863 -0.1992380693030253 0.8116471465267943 -0.16788328283020112 -0.16451486678002025 0.16212655503223045 0.4315023868616748 
136 -6.906128908402929 -1.4821724189092804 0.03097048363562499 0.6070543641079547 0.43705128145566047 1.1705381503649486 5.498106851409293 0.9792772159378804 -0.4429067219129709 0.25354969861773513 -0.811056220207359 
137 -6.512500282679981 -5.538037695947077 0.4741135138553874 1.093257577187313 -0.31966718409672285 -0.8932611740084812 0.42412278508605095 4.34665921285541 0.13430992026343774 0.1319545613241701 3.5445696358071355 
138 -5.846272801173808 -6.083454242638392 -0.35781920681216395 0.537314873541872 -1.1993805898320005 1.4203456292635632 2.7377012914702084 2.547036678989834 -1.7221842728158632 0.051694967708454685 0.09232807525828005 
139 -1.5359595094578085 -1.5375477922845642 -0.33707809800995214 -0.8290959842701575 -0.28195582707427236 0.2027065463188584 0.346199904046252 -0.8757388778189579 -0.6604110402684226 -0.22500341802774604 0.021877913647623242 
140 -6.499071612631238 -6.026937733253012 -0.19448882125210057 1.7414334019612143 0.7986058681309921 0.2113304817563351 3.0922333418191723 -0.10803770617183711 1.513039188573646 0.12658039913449395 -1.2548976115667383 
141 -5.928744289780379 -1.7226578169759446 1.8885640742565644 1.4524725179906173 -0.2232232353110334 0.0666549090753733 1.3749844757098335 1.700035887088613 0.015077235583276042 -1.2034448376915061 0.1269522781629205 
142 -6.006203020764092 -0.37383991483323203 5.549929478626946 2.530653361264742 -0.4568839729098609 -2.3623593299499692 1.3860878538357748 0.0644017117157757 -0.17737671469112976 -0.2983270412051763 -0.1550446431720733 
143 -6.118927206902424 1.7584903823148894 0.02479998818807959 1.233564392687138 0.4124146996176504 -3.369103027821929 0.6823679464633411 0.0899151845860886 0.3094020484312113 -1.0086159892214388 0.10256437933163827 
144 -5.362148433796648 -5.987501464174272 -2.1717103793313304 0.1637720824758209 0.19569730885768316 -1.3490111058474135 -1.1216906341457884 2.8429947555975947 -1.2401930448828558 0.47963033363279367 -0.4768850398776475 
145 -5.234639304181924 0.1848125320582808 1.303198335563647 -0.3254570602111727 5.221872998045398 0.24847753241923784 -1.0912208201063085 1.2628178538802959 4.807407980485364 -2.9986971349858424 0.24211127653820977 
146 -5.709353152838959 -5.681271106252094 0.0816039355970263 -0.39237342537424635 1.2934632533585997 0.9678106639222847 -0.04549403403959753 -1.5146880618747998 0.9871770903170565 0.12402724766124039 0.9235165629996063 
147 -3.486329077751695 -4.5067406932318645 1.8484981764512436 -0.19260052241299244 0.16439261460867344 0.4559960657819854 0.8775736402964025 1.412443483398317 0.011796569334307363 3.6898973102281083 -0.7764892703618803 
148 -6.710313211695506 -1.4660022481122559 1.075178651286255 -1.7196671417851979 -0.21762367289569134 -0.8633337086625055 0.0635349673742124 0.4049476200347538 -0.837319460246242 0.4016251130813806 2.2960639749344076 
149 -6.769962080188285 -2.956340607967136 0.01081743632212815 0.8850993275677302 1.1212290533895743 2.4515157343368026 -0.25717095485065067 0.399401942279645 -0.8016996860563659 -1.1175086038042203 -0.5488770356904838 
150 -1.7079644861236616 -2.2945472092494072 2.0830460653025216 0.26655005174687085 1.4862125910544055 0.5386870811724817 -1.7840423488978676 3.7335192423143146 3.4244675149222408 11.502571781341274 0.4963700671090068 
151 -6.038704654770757 -5.93601078595651 0.6612279973463568 2.135723373623222 0.0727434304127961 1.8170540293531687 -1.711316706406691 2.228959119515646 0.9736099061315151 -0.040801854562205205 1.6249236907723064 
152 -5.89943552298306 -6.697630920988985 -0.3170892196716734 0.7138243011379164 0.24412776532914646 -1.6904872315680612 -0.004726721841386238 1.696212144383942 -0.1432124061445309 5.214295222629754 -0.6422915897740139 
153 -6.42642718627841 -0.6751110843259037 -1.5568573377055404 -1.472604695429264 1.0800787188378729 0.5418203278826801 -0.45571208160505716 0.1958127672453977 -1.5802440331196579 -0.04224732483685681 0.7794088055964592 
154 -6.053143771771116 -1.6849363929569365 -0.6630396865998083 0.041368379554855485 2.2951232892611704 0.17381562629373384 -1.6876399583190773 -2.0030624096088134 0.24239513421541284 0.22038451730845535 -0.0038464293302349645 
155 -1.896109605353456 -1.8967040381803117 0.6742800595753179 0.45208260600512357 0.6130133985351204 -1.1373011150916672 -0.06516660799822896 0.2670757943623162 -0.7282407529966715 -0.3592285693445617 8.418743421523114 
156 -5.874035208804617 -5.875959965432379 3.1309247482659206 0.5143555093309784 -2.004598107498758 1.0049197716611933 1.4318745698263116 -2.7659945342175614 0.26172804433348973 1.3605926063437923 2.8833208923123226 
157 -5.185719939114192 -1.8165215332135847 0.5043539443080877 -0.13664562600719926 -0.431872386754672 6.14971726519033 6.35987387998295 -1.0705559069412285 2.437457722472497 0.20076266774028703 2.85091874117561 
158 -5.92879149421146 -1.950907919690506 -0.6595843119603835 -0.07362846871785339 -0.7594034817523089 6.286688208007205 -1.9405861695479687 -3.3489984980809355 -0.05863638398611107 -0.15706279778394908 0.07582580570648968 
159 -6.461491025180237 -2.7965810258485337 0.568598790113195 0.1040963289178273 2.982548054651559 0.04232997379291151 -0.04617581119700652 1.09126869246889 -0.7633526653575212 3.7101996407102984 -1.4337029243532573 
160 -1.0627430143615906 -0.47779716453800203 1.7703211509334078 0.85716635285338 2.694455512962572 -0.9033849580926787 -0.8482920711606573 -0.8457779539523963 -0.44952709430528426 -0.2688235316964224 -0.3490256663250424 
161 -6.181896672891446 -0.4503532374628843 -2.13576292225856 0.2770308081918382 -0.0827790640950656 1.2737041293895435 -1.0554243000164831 -4.261397408590246 0.11967833775446945 -0.4007969155199092 0.09618801423942715 
162 -6.613024831962851 -5.18070583223917 -0.13024162545186552 0.21558750037189503 0.8220151594952987 4.34447248882602 -1.3685550818252936 -1.1252834274593664 0.3184960725291728 0.5251479405604221 1.677780802912959 
163 -5.7567056693474425 0.4188430052467313 -1.477898615169878 -0.011840636562512837 -0.057674418791019984 3.338148882511039 -1.8449178372638255 1.1065040509516841 0.40346949642533364 -0.6663076730378441 5.273983728446259 
164 -6.464870979701014 0.2781947830541652 0.2946589204007232 -0.13227007854063502 1.7731139704380614 1.0150977755792032 0.9949329819405751 0.8032179059653836 4.728433220396619 -0.6361116421413833 -0.10464968246723237 
165 -1.8077964872189651 -1.797555457025339 0.4349909491559073 -0.8620339690160269 0.3760560855376592 1.4656515398800012 0.22338645541865337 -1.4666730466355296 0.9578360938368532 6.3696797920004355 0.7867274574584155 
166 -5.990433730445431 0.10291107191210316 0.126798071621239 1.4203069633361283 0.12133304570121901 -0.7464461371795702 4.3159240875482565 -0.2113491650603512 0.2766540756928468 1.6740822033772509 -0.3598557151688616 
167 -6.386650731511485 0.07604225359479062 0.0589361804857368 0.20352680260465814 4.955928446978123 0.19207570108661276 0.9350763559522682 0.2254284435456218 3.745521043718568 2.817290601868804 -0.4785135846660672 
168 -6.772154927440985 -1.972859261657914 0.1703149065004163 2.0441006543125804 -0.3255475705470778 -0.5156523711901508 1.1631448539236677 -0.611562939588855 0.5692468755329231 -1.7104548971709967 -0.1329452361444172 
169 -3.5877250025616063 1.9356312456595999 -1.652394755330684 0.6034781854137915 -0.9842875321070874 1.3017968117059564 -0.03514836274176066 0.3811809871905746 -0.16911698117974816 2.0559162362743173 1.2804779922802083 
170 -5.767812532340296 -2.0955880512515694 1.5991478700762307 3.355094969120919 -1.5547932472781665 0.4247855047243989 0.10715553187430035 0.8282223196727799 0.272549225907039 -0.09264982369773282 0.4209831339219988 
171 -7.069610802925755 -0.3811257658157013 0.3747593306559411 2.392251130559933 0.17362434261045145 -0.8511017007698592 0.7446286097916336 -1.5260276941728064 0.3574657456013413 8.991016179815531 -0.46619422810934397 
172 -5.677170838275852 -2.043879548131419 0.7190277656292957 2.214270864334866 1.3106033795765957 1.3757832811886341 6.934301841258923 0.47349068177304093 -0.8881644212501246 -0.2713766409742006 0.43926449933947603 
173 -7.275842499183474 -0.18429073334408788 -1.1015356068047053 0.3742554753595168 0.1293211343814501 2.0168402946941395 0.6532191813751723 -0.6050840438577016 -1.712788945242764 2.5420210994258783 2.6677139442228994 
174 -5.824839361354191 0.2687791765827111 0.4898830475650008 0.521012000941946 0.9942274321862747 -0.16796479149119506 0.339427971468064 2.411334859810601 0.314888785122536 -0.28334771307503726 -1.7659002099239234 
175 -6.498835811387606 -2.052451294919048 -0.22404100836891905 0.34310285086599923 0.631828570389867 -1.306376973044723 -0.1507395657476344 1.7508593248242286 0.21857945356477773 0.4823192188469818 0.15594722981730275 
176 -6.339361791135291 -2.050423291690674 0.024185220012439203 -1.8005714791721363 -1.9621280902944627 -0.14096321027358752 0.3215010934468983 -1.0018457834290346 0.8484142076845436 -1.6107549401647983 -0.25337206625179687 
177 -6.541026450639462 -1.9466811617612598 -1.383877264434122 0.5379842204516033 -1.5286066578953348 -0.7852993520061513 -1.3345135169885685 -0.8250213000427294 2.2261615004301447 0.5293127361666918 -0.6586283972773546 
178 -6.078842629033347 -3.3814196260997273 -0.27189292481895166 -1.0476575961682324 0.5552629198279324 -0.8786384778805292 -0.056318972733677475 1.5361590570649002 0.3753062101827466 0.39131562217981536 4.156250948983439 
179 -5.57194640438704 -5.9036155268170365 -2.404618388878358 0.5781809120071021 -0.10213079730076652 0.712037844995362 0.30131229517943986 5.853904497734072 0.10291098934740532 1.9236283388427122 -0.6879659706064085 
180 -5.5783982546071 3.5196907845932266 -0.10493536267329315 -0.9491628145629398 0.18990297463484154 1.41931145828737 0.21762479906661744 -0.9548007290653672 -1.1112716722834002 -0.0287499599079361 -0.4397200846237334 
181 -6.5821125501042115 -5.674725781607714 -0.37444595522520885 -0.2578297058428993 0.6795472388758503 -2.2443537687980823 -0.04786030324188777 7.255247091151407 -0.06012831515255004 0.16894120116576622 0.8550374006198519 
182 -5.7654789712070915 -6.764059929599421 0.6996608462311287 -0.8728602849088588 1.6547007598410197 2.9578144008140765 -2.0055773539440134 3.1234070376608387 0.5321900273704799 0.7163867206903578 -0.23678089052025525 
183 -5.7737659149743426 -1.2721274322333018 0.15609896627552175 -1.1935209820170323 1.8329115326111516 0.5705114270839228 1.5677425030424057 -0.6077917197848497 3.284268880736048 -1.4648534886703095 -0.32560660551952997 
184 -6.0083268740179445 -5.39658294220612 -1.64283449009236 0.24292197221637685 1.4719253982761522 -0.25342341075196645 1.8915261510965693 2.05537752853495 -0.33964869882783677 -0.22168817178118794 4.717907537161655 
185 -6.796377125544593 -2.9499307285305916 1.8400368271647611 0.4554448245730014 1.1470080952867383 0.8551907978296429 -1.7344765309517942 -0.14856948505479256 -0.3115099628671219 3.4381966948333798 1.7155298836407706 
186 -6.534348811561878 0.20192593220152175 -0.31969562939760787 -0.20871190933151454 2.096640438665251 1.806050028174568 -1.5135073246588873 0.36083291197814193 0.36271375194253946 -0.2731258704207312 -0.5598221033983523 
187 -3.9295108141708806 -3.8805756735775963 -1.5018712770642826 8.31067057720802 1.2373329807376192 0.11017751804563919 1.0335849197022966 0.5785106996518832 2.9134137505252125 -0.3991419540913264 -0.4219895187142256 
188 -4.847333186775633 -0.37145397799981716 -1.9531965734154515 2.66743598913459 -0.2132149099684195 0.2771831162408891 3.389003832399712 -0.25233296940215955 -0.6371967869721774 -0.10973706781217735 -0.4331578533323962 
189 -6.609463519816922 -1.5056602133374462 -1.260341097723362 -0.9786244470186652 -0.4029479975610177 -0.15356698021109702 0.011068660490521694 0.5655428233036817 -0.06704276354906731 1.1779154077287586 0.7777840812908263 
190 -1.6677190018928425 -1.5933398207863205 0.9154166993274133 0.4935734981468941 -2.1189021009009896 -0.04964219703975035 -0.49995908773508396 -0.9199667021657422 -0.6526608863658411 -2.877455614445411 1.0638123672309254 
191 -5.375526343132047 -4.615728945370897 -0.4309207830922651 1.5335788066436222 -1.8361115947760804 0.0018047004206201895 -0.7485104584494575 0.920364526794932 -0.3876122681655346 0.22594801291234204 0.6348997332327407 
192 -5.356378747799009 0.5919920625903015 -0.43331835856995515 0.42035124416966346 0.6367178995257509 -1.8515450074426798 0.07109025727117249 -0.1612547607431736 2.678146789535406 0.08229089253916724 -0.3492728122263749 
193 -6.501680455285959 -0.7306464707450477 -0.0010393573789290317 -1.5310783447363743 -0.8029388402377818 0.4311128931173356 -0.6853840283485957 0.1549058177066084 0.8652327236439583 0.017756787311811476 1.798159082082625 
194 -5.847595353976659 -0.019004408389319643 -0.16630675780519028 0.2682600103590522 1.4143888136978224 0.09506206638145012 0.4881742920167125 4.888436296929244 -2.783019882316551 1.2083718707523978 0.5850166227590525 
195 -5.943044141087459 -3.873344580776344 0.5634363639529473 0.598511087685165 0.4073849491857607 0.9809915871658841 0.9383400966420735 -0.005044297251594743 0.8701238291523252 2.1357935544097155 0.0695070213932492 
196 -6.170963516924318 1.5622047947864741 0.6261804055323879 0.04724083036523998 0.32622288084800416 2.098022924502668 0.2054578642235686 0.14907861299991132 5.351751743730836 1.2092686489988238 0.5859420049533379 
197 -1.649281496153854 -6.1418891086750325 5.460853296001713 0.19384577115786927 2.7133657378676643 0.31318343034678486 -1.2815411097746547 1.0515175624953381 3.5505398340764165 0.4147653279233043 -1.1109882350558358 
198 -5.499852021307194 -5.368021323743057 0.34718373352233445 0.578082544786673 1.2527331105436124 -0.5225188941035229 -1.1755965082103366 1.2511658274102755 0.0007836314090861903 -1.08966387250111 0.495179185653317 
199 -3.7769581804680206 -2.8867427189285 1.0033231501775166 0.13313048925233859 4.800558682709869 0.968405271893568 0.014836455195558297 0.15940426552351125 -1.057013855424433 6.972571164077287 0.2162532944909167 
