0 0.007823415647783596 0.008486194935999771 0.0004984464946027522 0.003191944475449516 0.0024413010114580636 0.003474722243135944 0.0025262176528609683 0.0011453705001163792 0.0012115843389706987 0.001248440826282584 0.0017737084307208266 
1 0.1384055018569879 0.002994930782340842 0.008198494286357721 0.004144438817248741 0.002516155148957911 0.012313392097845838 0.012648395889740965 0.001944162513877787 0.001283601928080302 0.003507906607544827 0.008123412222316915 
2 0.07375848741340972 0.030234534615085535 0.01122241073622011 0.003972816745000545 0.0004504409329717327 0.00014561636719923288 0.0031563530907714648 0.003791053819654199 0.003033287268445279 0.02534306928703621 0.0026779789762807296 
3 0.0942361870976677 0.009495743416886936 0.00016077618566897743 0.002401446898580018 0.017417727495700978 0.0727695882372749 0.000790286941566413 0.0001072057615633765 0.006253684551085647 0.0006852600111984914 0.004978168897498028 
4 0.05818672787870455 0.007584390353546131 0.0017509966517024202 0.005047749771694174 0.00955335036519007 0.00012905505710964854 0.0029529294853523976 0.0003549437252314208 0.00031505255298836074 0.0038300559817301782 0.002376657598105008 
5 0.15106362669705545 0.226772012458274 0.004107676404974026 0.0067569729431476875 0.004373949466033974 0.003461168354853343 0.019152734235501397 0.003295465413441134 0.03296605689033148 0.002577408419160024 0.011756022791573038 
6 0.029782784199109832 0.13472058816218122 0.009671936420876302 0.02215954712490202 0.0030440242838014986 0.004737603016246272 0.00919393424201218 0.003981945890576458 0.0004905709867257891 0.010817124508791132 0.0029467673858170488 
7 0.043443435184517584 0.0009356539512818987 0.009601569300057528 0.005121628933263939 0.0025712015850392 0.010315257264098713 0.0021343700974693737 0.0014980094293186674 0.00021202454015742712 0.006934837299583833 0.0025381959681443156 
8 0.20677653155770645 0.1478072270096477 0.0031580498306774617 0.002696173331179077 0.004330706926492421 0.004685197538655858 0.0007114674077035284 0.014953058478882267 0.02052697782611022 5.027408423843913e-05 0.0028684498652001267 
9 0.23857833127972045 0.014760637227279341 0.002523582699349403 0.004241510525383055 0.007961629555293177 1.3235535796091498e-05 0.015068318959246 0.007932089434700959 9.276501143231614e-06 0.009773440908291709 0.005327464277461196 
10 0.12955306946481962 0.033566597452763164 0.008313066519621153 0.00469417027401467 0.002786234531376763 0.00567775002331084 0.010970279385675888 0.005303116781851337 0.003569183814551968 0.01968304226569528 0.002370328730904965 
11 0.21908360650200281 0.013183357485772153 0.001289089691829662 0.0011586902680691907 0.0010494029359619885 0.0010120751104840675 0.002758632713841163 0.0005436031824338294 0.010023961702482539 0.0028847896529334283 0.004255031522265773 
12 0.20693372043533675 0.10823608877175775 0.004747386942027642 5.4537186897762854e-05 0.0638379892529133 0.004352564518628074 0.0017148372262654756 0.007636508439152659 0.007371350784689728 0.0018566812667559695 0.00588013049653069 
13 0.13610853992089755 0.05661832944639414 0.0007754248823770317 0.009899455042215559 0.011347130437593651 0.0004935221644516987 0.0016422306628939638 0.001022216109383777 0.006164359269399809 0.0011170316924204115 0.0011389418353675374 
14 0.1886201807764039 0.2347719249719452 1.60180753680447e-05 0.01556946138270071 0.0035972119841585094 0.014696471696542196 0.012795238339392237 0.0025747310128385456 0.016269651066914022 0.005320359919552658 0.010821020193437884 
15 0.13438907494746055 0.00018682279432330592 0.0020944309459336613 0.011620639367854199 6.805445187500568e-05 0.003774666510971524 0.00019572686491439836 0.0019830746470111842 0.00017748930596538467 0.005606521385309423 0.0014081177258706524 
16 0.1868410388422389 0.00063920174214372 0.006089643115213862 0.010632860137721217 0.0006971008234044478 0.009429038842930035 9.968199287960287e-05 0.022865314531198038 0.007067562104981071 0.002746908036161102 0.0020668904357192073 
17 0.03259457635684354 0.002819440630556478 0.00017389224163218576 0.0009008368380588276 0.0004789524493408753 0.0033846964498427 1.483617886958317e-06 0.00737089561570089 0.004190285533817497 0.007092909565571582 0.001292247612534422 
18 0.16419912362408762 0.07868674717969973 0.0010103032953682604 0.0034033148009481344 0.012527018254014989 0.0008765451107341274 0.0016326712731664032 0.011067643167877455 0.0015267595277128853 0.003601715843386953 0.004672489667502691 
19 0.014789546225764252 0.13438724046690287 0.004021204043983948 0.0017943862160424194 0.02662679158511379 0.0017633950815342395 0.0022519048981247945 3.7342296398357647e-06 0.004946582153444449 0.0019322740182074844 0.006429595087358795 
20 0.2106037463630069 0.028209600972680028 0.006459387107808282 0.009727544037036202 0.007351178021767727 0.0001758472989495375 0.004903557046912391 0.005945267905739464 0.001445379904315701 0.005487787221995664 0.02130180657187672 
21 0.2068737024203774 0.13617079664817375 0.0026366606299332213 0.0005623386717600453 0.0040128080449601715 0.001176628794257421 0.0009402566480370122 0.0007959908075722789 0.00023197099673127528 0.000820702381306411 0.008839677984375488 
22 0.32798321289249643 0.015675536411109702 0.006390048886888721 4.239858101123895e-05 0.001334254222267307 0.00687600660887086 0.0026695901062991356 0.00707984137941017 0.019311635902970376 0.0016866526299723164 0.004253313049879645 
23 0.0595788826442876 0.00554538303353917 0.004230875596065868 0.0020212238170820517 0.0023500407975530243 0.007377955670179405 0.0028685967413648273 0.00689201496686058 0.0004045958055275698 0.004158020246035488 0.005758532929012469 
24 0.04881589580903322 0.006764983456145466 0.0031342216584443225 0.005699352835891297 1.2223176643989083e-05 0.0022020478115939023 0.008782479671491476 0.008648998790852208 0.00556506277995761 0.00197206531136375 0.002313764323388147 
25 0.20957716519720104 0.008326738588093227 0.0006504800547082438 0.01201592910170885 0.0006775255052803319 0.00045660336747941943 0.018366811087134536 0.01448146873838331 0.0025939663126432044 0.004761157369915697 0.0038761515750468114 
26 0.0980138932866037 3.630289052911387e-05 0.0014807463712659438 0.004777548544261764 0.006132850511361453 0.01753493143480236 0.007372008668178746 0.002495039533616752 0.001260770571249657 0.0016185807789818208 0.0001519414032742785 
27 0.0980234510600065 0.0018844784304687537 0.001077056469387877 0.009914513105460415 0.0005282322180040315 0.007966800397957797 0.016916643262048548 0.00015642071210482652 3.233754529002409e-05 0.0015845435744432825 0.006540133357699421 
28 0.1659294498486789 0.09182722764600146 0.0060829470995747556 0.018743628416069337 0.07393906475438144 0.0012842718847145295 0.0017733535834809128 0.007558291058682849 0.0015087084607893486 0.002638212902638379 0.00024048701110534579 
29 0.07039630160386127 0.027916254902554952 0.0005964872042024665 0.0012605145725397735 0.00023036199987667817 0.005545430444409788 0.0014017286227909803 0.0010660616307716637 0.012405523036720727 0.0011796099853921302 0.0018461737201122554 
30 0.15641613590061737 0.0022933873730509027 0.002629143267807848 0.014852017384711208 0.004583579694607243 0.00011401381767860475 0.002877421828550792 7.682844700795362e-05 0.002547001052638579 0.011096910019277846 0.0007885761311269834 
31 0.08165374631738322 0.004743837869108091 0.008127728373136408 0.002562026493244909 0.002468895246857633 0.001242431655711702 0.0077449525822316624 0.000840145423545737 0.0010408849793900788 0.0058153095697673525 0.0012788341244942204 
32 0.0800595992828205 0.0018804271325826702 0.002462065605361471 0.006657618092126223 0.0023237633986707665 0.01115295045384793 0.00027514922550467134 0.019172884766655723 0.0004316630710642194 0.01999367914911375 0.0034633238453105784 
33 0.12627566218376932 0.009960768683157456 0.0019086220557515128 0.00019448903163122452 0.002373355128864007 0.006424632330935675 0.003657994713138322 0.003471523611818387 0.0042776786347594005 6.550170784224095e-05 0.0012818751203768086 
34 0.024938427972923106 0.08265254865726612 0.0026051341923695607 0.0018570450808165027 0.002797468357056682 0.00015852154685705222 0.0017487482227837798 0.0007115230829365868 9.754624787646559e-05 0.008287384421226162 0.015147123554902329 
35 0.22395443755833255 0.0013429509708174307 0.014892340010454691 0.0042322950618456055 0.004204892830304536 0.0018315312558104388 0.0076743633941800116 0.0008964541378703969 5.4434549688125923e-05 0.0012500881202531313 0.00030166405879884296 
36 0.1964563407912831 0.00718262192493405 8.534366118608665e-05 0.01227906767542209 0.002246700079860513 0.004718089033291757 0.000650146826569925 0.024976140867738358 0.002142376392060912 0.0028097249634280817 0.009678989275607498 
37 0.023217385543601952 0.005798653242546802 0.0018428238407732639 0.0006450059635321028 0.0016802812494835367 0.0020916940662652765 0.013644087580947546 0.0008520488710205665 0.006383877670470821 0.012949301776500777 1.8740974499855384e-05 
38 0.17246453093171304 0.0011416841748052736 0.0011937441860781794 0.004118698198921169 0.008656020452729406 0.004706323865601779 0.006155896095759573 0.0006710188389386117 0.002113667142897676 0.014187311870703403 0.026179677625507446 
39 0.15907813974163149 0.1838248472723547 0.003671160440354749 0.002172302716882747 0.0038401887655527206 0.0027970171025870558 0.02639619260505145 0.022442205168695818 0.00019342408020537742 0.013847120690098264 0.007358258104669889 
40 0.014455605191413656 0.0010591943420079255 0.006978798390176647 0.004905444952495968 0.015377182245937945 8.585127430242768e-05 0.004188563252706803 0.022850464853102433 0.01207006142264059 0.0017472514666075772 0.007066503203090822 
41 0.17543283108934488 0.05845373553469983 0.003865832799786548 0.0008578482344539347 0.0018401734333619735 0.010679861707988422 0.013043002615772369 3.910011284170802e-05 0.00038433004880530507 0.0010685607962102118 0.01140630464971657 
42 0.043899831042699865 0.060026714037458254 0.0005214071901819183 0.0035372094818880437 0.0005892046073088683 0.00010909657714143523 0.0006427152362483213 0.0015283126431189487 0.0015242934484197735 0.0002835999990557459 0.004646418668055284 
43 0.1432199797089147 0.14621502040298193 0.00033892749939667743 0.003545697341799742 0.006438356590747283 0.0016720899417438841 0.003991934137826851 0.0027692091410777366 0.0037786674884615528 0.004277489782570219 0.020327063061270686 
44 0.23108032878950635 0.008649293255349992 0.001692941202554751 0.00547202090073558 0.0033132981320424275 0.0004367636146512144 0.003394708254881311 0.005107739649710137 3.043749247194863e-05 0.003526655840080946 0.002965970135335975 
45 0.1825085107177495 0.0014133174266446284 0.012717029111759355 0.004930906826062468 0.0015329198803388467 0.013854350145604228 0.015737510933454327 0.003461683668832107 0.0018077893972772501 0.015046772301424906 0.0021568757310394143 
46 0.10705680828016276 0.0039340705609496075 0.0008245178119483084 0.0013186071056102318 0.008483807726658004 0.0010042866066668063 0.0061145534431099255 0.0028617297440465287 0.000738722161575592 0.00012967604260482373 0.006087081073631403 
47 0.1951956017026148 0.0028930022037940437 0.0012573406321387758 0.003566422104662414 0.00035171801061952 0.000611344062027361 0.007441842466298409 0.009829824952920792 0.00031248761503127327 0.0024149597780847407 0.004070156979527904 
48 0.0983143402096615 0.08513096595269383 0.0009353158246277906 0.006808476478207738 0.0005854691675629879 0.0015346055192137084 0.0036303997292550048 0.011527514100948644 0.0013902328918599582 0.005558913375890022 0.006426953431465515 
49 0.06898939663639453 0.0012134558037756194 0.0029756675411851618 0.0017431041824409505 0.0016648798156742896 0.018635493195541874 0.007497418410930893 0.009468778876714209 0.005047346716790323 0.003065031310049244 0.008939151970805963 
50 0.08608508036632893 0.17442213397481388 0.012208062488191045 0.002569067721598962 0.0030178564145843636 0.00017045870890499326 0.0002223872442839586 0.006240251293198154 0.0030171881784329573 0.00751759581653639 0.008580655480183972 
51 0.07613784567023656 0.020299785885717597 0.006367725326341529 0.0032233542411373734 6.822982451338037e-05 0.01499607680045446 0.0007009934088415369 0.00016040539943943172 0.0006673464688123998 0.0007868080985418723 0.002496601613763856 
52 0.10386222825644188 0.0038782221418603687 0.01709111023311527 0.003532382920312117 0.004238373663002221 0.0039292000783983285 0.0031953224946699647 0.00838893725592902 0.002899499765825371 0.0013922088487303937 0.005936365892481784 
53 0.003131524687836733 0.002360617224769989 0.004210238894935003 0.00188437768749162 0.0035383625925796765 0.0007219100689940744 0.0103882607590955 0.002745375321417588 0.013525031336930098 0.0018713647039139715 0.0031337593731635876 
54 0.11608960137591762 0.0025111848098234267 0.0007998544624522007 0.001502118223652494 0.0008414461453481183 0.006039079170849131 0.0014505675917964847 0.003257380815006853 0.00636223197908189 0.00748146324616498 3.27278586159322e-05 
55 0.23402491596036326 0.07964905592658321 0.0026064376205689214 0.00024539449230439426 0.0016667665116058127 0.00195416658255488 0.004660002669050007 0.002505703326392019 0.005171832824647157 0.001085392198049017 0.01300132772414904 
56 0.27516708238105475 0.002373676943834761 6.050521231246569e-05 0.005596443236481856 0.000482017786934177 0.009783258083912023 0.009839271943311231 0.00833729130252791 0.004146188105709108 0.005085838352167898 0.008771938427301932 
57 0.02353414933121081 0.0016816511603811566 0.009766167230721729 0.0002856244195838106 0.004720647655111969 0.0090864379440119 0.004163566749574823 0.021024409982948588 0.0019394038370040424 0.0018176136182906134 0.007479682191941889 
58 0.010953432781458954 0.0032589396294877 0.002469922545427744 0.0007962315980150848 0.0032753294465969877 0.020801526127083983 0.002843229336663221 0.0016701772328390867 0.0019038001514940415 0.003700252825583768 0.005845909366812092 
59 0.22223774975680372 0.003991623591046576 0.0021570040527041394 0.0006353872549099267 0.018882969181344356 0.0020396231304591994 0.004425623408443899 0.002830023820343562 0.0009484297681919758 0.0027156869867556383 0.0037860420315792825 
60 0.348340992447726 0.0006970764290382431 0.010627179383893228 0.005441507716457357 0.009325026837567953 0.050056176291163504 0.000169187262524583 0.007041011317660032 0.009590096199998887 0.00041573468571204136 0.004242683102819203 
61 0.014008595638772965 0.06344854189755383 0.0014019783617745779 0.0012052041666363233 0.004230981797988332 0.006382494560716572 0.013935069407538546 0.005070381114158418 0.007830391675544337 0.0007116311229714647 0.010154988651303305 
62 0.09109727129184275 0.0017418444594146508 0.002822346514866998 0.027934647144514 0.0006204722412417148 0.0015635187789346122 0.005020585517743345 0.016412793387984525 0.0026072707727602235 0.0072603840410976435 0.0034774520382671228 
63 0.0015170724576366124 0.010814164931862293 0.0015534753678904255 0.002298053510208351 0.00034427670247132327 0.001725778385647558 0.005850673894619787 0.0046067343587145385 0.00032685788242491597 0.009616480739714776 0.0006485844646503748 
64 0.12026203524774029 0.0033658404095262017 0.0014347748122376105 0.0047566752428388065 0.001058971316052204 0.0002927287492743396 0.00627493353251838 0.004868756390007283 0.0034660613176818633 0.0023541990324737723 0.018585483120704613 
65 0.13267563877788016 0.0017394500805960771 0.002083730789592532 0.0030511215880257426 0.0017354014661227532 0.0034562831053466464 0.002197196376059821 0.014135483426778929 0.005925442244372305 0.0007932812991929235 0.0014476240059969861 
66 0.26959739458378845 0.037879952172862885 0.02291723311296384 0.002027456718585096 0.004394940015967394 0.002476743709608903 0.002602383932491774 0.011158264840596352 0.012586274060308855 0.004545408394713529 0.008856104756691519 
67 0.0990557901328029 0.011089975356168185 0.0018090947050346346 0.0018313158535385667 0.0007164328466649053 0.0017410009513013094 0.00032682533203831946 0.0022753364624999413 0.004387716464710543 0.00042147849546423776 0.004076046866694804 
68 0.0011989048898854385 0.0036955979837904394 0.0012040070574811455 0.0026666958107139467 0.000751114301628632 0.00022125408543955752 0.024089251579616357 0.003197658065614697 0.011533334803568975 0.002135360958024367 0.01870750031358155 
69 0.004756540367342847 0.0174464102437426 0.006880296777753713 0.03394009016943279 0.0010198960372364834 0.002653561548621031 0.009430357452542936 0.0007813278523369577 0.003421057767649083 0.007006654084331271 0.0004470298934951929 
70 0.21198084386518237 0.20991400467442078 0.006895525046266539 0.000837029513322024 0.0058416658321647575 0.013458311310570672 0.0019576617408653633 0.0029542574886756053 0.0020791679158945154 0.0002303270286051029 0.0013407981489950143 
71 0.040318768189495674 0.12563102446943208 0.009905812158711225 1.528155076757382e-05 0.0023801398755690516 0.006942754311068329 0.0011776051037680074 0.006090357222707116 0.006448302649544663 0.0007704574599167277 0.006071869453968301 
72 0.33613546756168666 0.004547195197315869 0.0089614372341255 0.001447736376043562 0.0002532268984594474 0.0032413904175786247 0.0033246728234101837 0.011265171661862876 0.0028026944103460307 0.0015991557092770454 4.136938706124912e-06 
73 0.2678621197075676 0.13606345636892675 0.0024273141177609575 0.0022541545035197853 5.884974909490483e-05 0.0013381644820082968 0.009154549505369888 0.03375839694318736 0.00021066710790725176 0.021444247270820775 0.0013159818595916914 
74 0.10862412517478909 0.0016955564018097532 9.642332043238415e-05 0.005941315691538745 0.0021639327827308206 0.0035778698951956112 0.01378382900243502 0.009158281337331113 0.009223272950271196 0.0030803657665353194 0.004067614729058287 
75 0.24817775572921633 0.029708608837691247 0.04166654348367906 0.0027862944462724733 0.01046505575290194 0.0004012012242813987 0.00030286641109751724 0.016596619620074107 0.0162261814199008 0.00048355501619285683 0.006608348027053063 
76 0.07541065699728412 0.007416492651224252 0.0010609604833643092 0.015100364386819005 0.02204673719554858 0.0018940488858508737 0.00041915246075537266 0.006278134436224373 0.0031723587109023553 0.00013940843620291867 0.002034645933968148 
77 0.009637443162099506 0.047518532166100774 0.00757617177176879 0.004781445481234142 0.008932356347975783 0.0016495506407948053 0.002643166503805407 0.00782254874053295 0.014393896841611242 0.005249760930484666 0.004018721631303189 
78 0.12505165567150772 0.08795545570138785 1.6298821466178323e-05 0.01635746256864186 0.004708586676759062 0.00428506098289337 0.00013753768490471608 0.008346149987508445 0.013238905796657457 0.005828724278170541 0.00038452438843323167 
79 0.004556337781801737 0.00637353410505213 0.05692960732706738 0.00020587729614024759 0.010133917789598719 0.005772560828806435 0.016342972135012686 0.0033292261408430046 0.0005559882255803759 0.004525685249070291 0.003866416018655733 
80 0.11678113398390456 0.0038074151891467844 0.0007769367351466885 0.01455978132355323 0.004035558378890191 0.0009474408542472347 0.004241376529463657 0.008064785114168267 0.00952715910595626 0.004328845163101186 0.0038426730958495874 
81 0.3058283164648766 0.1369492572285991 0.0051747740998765454 0.011484850693039566 0.00258182413242773 0.005349284569790862 0.004126127225554887 0.020476901229697534 0.005773239814215431 0.0018114141495424816 0.0023735197032982106 
82 0.013240016292843406 0.002085525245150998 0.008015104439759904 0.02547912335878635 0.0011865085155976303 0.0005160452792063272 0.014824336871246043 0.0005712527840989848 0.02382934166276078 0.004972056466457518 0.0002597418074373388 
83 0.0009510693080681008 0.0036265762792224254 0.008457881624473307 0.00840219657644244 0.006465958242347897 0.001548886323976819 0.012327754292321046 0.0036964044444227876 0.010776393705635347 0.0055268667870411944 0.001371739926916366 
84 0.07236628693260994 0.012529834899610692 0.0001905783993124473 0.0025640116528914533 0.011773868974476695 0.007557711168139342 0.0007526522184624455 0.009018188639051447 0.0005385166944657277 0.003965405169216863 0.00036818080413479224 
85 0.07789633529800362 0.007909426661130965 0.0024395458340277405 0.002349939993251106 0.0023704443552229164 0.003955600651960605 0.009555943255733917 0.0023830950323168202 0.003176756926477478 0.015425981435233034 0.002222341219710419 
86 0.02973247418897933 0.029746079321458205 0.006852178665889517 0.003811396777173577 0.004390734444446121 0.0031879143921248665 0.0010806555791487782 0.012225559713980405 0.016466733005513275 0.0011297167813494801 0.006192563416076583 
87 0.15469050176164897 0.012054505406156199 0.0013824099393849893 0.014158178576688373 0.010583283812448045 0.0002931632625675457 0.023281398719357974 0.003138172679294472 0.0021274413016836463 0.0001819602463102971 0.00031302766042290035 
88 0.031532367426753666 0.004417135564628674 0.009945371751316653 0.011901009622280724 0.03719540769737058 0.00012602247335717577 0.005063054922649009 0.0008685815563639816 0.000729053921669057 0.007628628203503296 0.004358659055344239 
89 0.043679776859158685 0.16739523830743178 0.007118007284576141 0.010082799779447548 0.001192294233461679 0.006194071285913597 0.0005278014800006218 0.009498105643109264 0.0010993353045837219 0.0020423460826316632 0.008570315814345518 
90 0.07218315522943655 0.06386854880155857 0.007838243215869246 0.004742062712366303 0.00220139248154665 0.006961659472971552 0.03796134990491637 0.0030404054546889774 0.019340043881636716 0.005767835155201455 0.0038949452591957963 
91 0.11334025437119696 0.06064416842381504 0.0064393861108140256 0.007859542110002619 0.008482354444817264 0.0018776266396976946 0.004832305774533674 0.0009480528995819987 0.00676263861569173 0.001219255905978743 0.006840178569955507 
92 0.197527742761249 0.012980439712966103 0.012457370343023237 0.0009354271688651495 0.0007013268526237657 0.010007680300208984 0.010138579734974583 0.0007307222537695905 0.010358006827265414 0.01622070084113382 0.008670432869876565 
93 0.017239970247251005 0.0072076977061369205 0.0008227623966361908 0.00025163236351795305 0.00040999166260108225 0.0013653832366691955 0.0004302070329533555 0.007037622253805416 0.009366135406449849 0.006561825423054192 0.010139898343651184 
94 0.30469192694562974 0.060960479829547096 0.0032996810060620823 0.00011272872905691591 0.001156714927623994 0.0030711768415439327 0.000173934081831136 0.0016596522849339145 0.003778311171163817 0.0001794425230023219 0.00017741934814762133 
95 0.23508071324198557 0.09968631479957986 0.007825867197122293 0.0012443019653733086 0.004770603919736657 0.0005897116831638334 0.003013994369438226 0.0017383323086076147 0.0009468469604654358 0.026770732251878995 0.010038138407788853 
96 0.20286348950955838 7.810411175608745e-05 0.001526190718007986 0.015254780661608978 0.001225438011092977 5.474643965538261e-05 0.008070441341016102 0.000558997368923885 0.0003571411619032877 0.0009014023748289748 0.01359979269996682 
97 0.04082039012345014 0.041187025483591266 0.00025803123364163136 0.0026095581021038164 0.05107190402717992 0.007471212177834834 0.004554259908224313 0.0007759099258794524 0.006790882558437323 0.05918411203752137 0.0015169378541770432 
98 0.15749015635925048 0.1371581793591697 2.2923616007712488e-05 0.004523411884936919 0.004604075156455024 0.0040634055144768075 0.0001540539149983087 0.009162374578041957 0.0004057104426502851 0.0023053945736948617 0.0013133798348121313 
99 0.00975058905146519 0.06466038636620879 0.03899143914157618 0.004253806423498841 0.004776307228836735 0.004923974557013169 0.01659823711836734 0.005707264527547187 0.005778810572306675 0.0007511592498046065 0.00013129302890633272 
100 0.2909335667213629 0.17379747830836562 0.0016353627606847483 0.0002453180556449538 0.0009846205238744086 0.00044000112402981136 0.002593231052985604 0.002129791508541387 0.005857246009748955 0.00887376367404026 0.005700726822772505 
101 0.04821567305843237 0.003993883991710387 0.011148776114330228 0.002810368081096526 0.006428704248655162 0.006836495626575637 0.004817347800959718 0.0028706304789527307 0.0009854752082265282 0.002195218925237344 0.004846019426405619 
102 0.14385314397052654 0.012822769754208315 0.0003573305195730828 0.008495196564425404 0.0004971339455656211 0.00461665656423995 0.011395549839102874 0.007905704277299176 0.012384678528949178 0.0005058274428327253 0.0016428462264414085 
103 0.2691483468413434 0.23227445837144617 0.0025339470664568968 0.0019311297207291736 0.021197942516900707 0.009839315852063855 0.0006122588757582814 0.006055648211438069 0.003464089350746608 0.02103271400157523 0.021294654193603865 
104 0.04148684301206301 0.0032717161730190553 0.012325332712686302 0.00010290694411133432 0.008802705399332214 4.5950316754734386e-05 0.0035595981562121606 0.004475100340610166 0.00019119991494465947 0.0020990669358438778 0.00855474276808933 
105 0.22079329836401312 0.032821910209653776 0.00414990986845205 0.0004244754093848624 0.002085635213411514 0.018794557596785805 4.849127389662814e-05 0.005520312817505431 0.0011380345121720249 0.00704587527183818 0.0008436715543136894 
106 0.008120770025547034 0.17600193988006993 0.018052725097670013 0.004010774024422511 0.003197654403837428 0.015928812979338673 0.01212371211893471 0.000702192354634427 0.000561848241406988 0.00011491617719199137 0.008068012844690234 
107 0.12592632311898236 0.13191631555928385 0.005799450754306216 0.0003892829086354694 0.00025290714803273475 0.006187107326303559 0.01017077606253648 0.007830420517456358 0.006834845369270634 0.0018017841183120464 0.012097042859903904 
108 0.19104043886159322 0.0025558911102698807 0.0012050164852141225 0.011160307171831725 0.0016992922700919005 0.012917501925981463 0.014036825093627673 0.0011873917235125375 0.00541153197484559 0.012407616332819033 0.002442062310244682 
109 0.19476466296781295 0.25331207008758444 8.891266740274846e-05 0.005815828799493357 0.0005531743631562991 0.0039203890578105045 0.006384334953086954 0.0006454712140276491 0.0026991862990390896 0.004745518823293723 0.004040430199459213 
110 0.09050043686399581 0.005321570671141832 0.00041119701025054957 0.00015959046557822458 0.008612500043823924 0.011750869347698917 0.0029802241233755963 0.004748184616855517 0.002867678837594445 7.004123747064326e-05 0.003005997944141191 
111 0.1739199427859547 0.06782021577612224 0.0052499435812171855 0.0015644848732044284 0.012400543688498529 0.00032739928173832085 0.0006707913037139603 0.023606155865719618 0.011879371609866497 0.0017955426378096456 0.00595105431383865 
112 0.018300913961675543 0.2798162472747462 0.0010358635475993677 0.000807012219559786 0.0001521286172584944 0.008849363773229924 0.02305399685915583 0.004887623770391821 0.0002241611585923984 0.007140143972079665 0.0001362097449520667 
113 0.12550408578472885 0.24948300613019653 0.001843374373941892 0.0006649689272067589 0.01047220033462038 0.00563955103932015 0.0019897222084135323 0.006307594316962232 0.018047370632055724 0.009691616923347251 0.005953597375898966 
114 0.3604102637873026 0.08796799073819843 0.0010391173810963329 0.01131638299971576 0.0031052674260529534 0.0029160466725363246 0.00897870320980726 0.00012509831511629978 0.003071021193595939 0.027348601598133078 0.005820249993550914 
115 0.20386418652267863 0.0043775592497625705 0.003189605947805474 0.002393683255618296 0.0020800716805024428 0.0004607807051283104 0.005497669270691599 0.001943467228997801 0.0011002996253052172 0.02185604285685781 3.818032371076639e-05 
116 0.23222447318749478 0.24904473792098275 0.0032786024620547064 0.0018246518595870177 0.053197037976173804 0.011755175866425232 0.016666358728696658 0.0006815210487960038 0.00017244383931198736 0.03534765044862304 0.0010000928314210491 
117 0.09972945233278277 0.1267678840643477 0.013333001356298573 0.0003011103247651428 0.024220257162184303 0.0015674214479191137 0.003199158824455451 0.0030996316980174236 0.00032767088841761537 0.0006824763682655175 0.00020262369596561614 
118 0.1898818210200134 0.00032910399270886896 0.008966368497081099 0.0016364828451539144 0.003526075393312185 0.008454670663094497 0.003133456790247553 0.0009981023747145771 0.0028418305442102073 0.00012404538103817541 0.008192504243934124 
119 0.11088339852918985 0.006046154488662753 0.004511932471622377 0.0013353594166850159 0.0005804221812120441 0.0009731588390455586 0.01283957148278008 0.004158446976325848 0.0017487108751613233 0.0003092567341037785 0.0016408261088404436 
120 0.2044525639746325 0.039821890624782946 0.003156509628656581 0.00048562904917070647 0.019829024155665526 0.002727410006191135 0.008756815916877304 0.004105302480062012 0.015923430863163737 0.0015909206973456853 0.0028891285782034716 
121 0.11973708445188419 0.0024669366942314352 0.00172412640476225 0.00022249090756530578 0.0009024246645647642 0.007522318360997343 1.4406673704563357e-05 0.005469279868257596 0.00037117752872702444 0.003975039500258367 0.003997735525267351 
122 0.10058974115689477 5.6387621928418095e-05 0.0016669217526791885 0.01847861144070192 0.011809737725750238 0.004657678459634273 0.000238637745605024 0.0004123838046204384 0.0006771436900544589 0.0038086310386514517 0.0035490783924705515 
123 0.1209431051089728 0.1901546422352302 0.004912546035746633 0.0037209520495791156 0.005119307626412856 0.017016175673583447 0.00331804660406106 0.008793379415245623 0.014241489531350711 0.0006745248738152122 0.0032036721550129637 
124 0.08094891789391082 0.00350097685250139 0.000390553527572187 0.002418876718189285 0.0003946882988526989 0.0006788015162706314 0.00434988909024248 0.00013161702146550472 0.0035642654685061875 0.0006966745070117049 0.0030177546878678387 
125 0.13808783388758825 0.12521935217531607 0.0014172926520245744 0.0001776463384828715 0.0010306843702742362 0.0003548230181635463 5.855392800386564e-05 0.0009408233022800106 0.015852865947121503 0.0025311650955212282 9.010213039147911e-05 
126 0.033872413807654385 0.14041212829812794 0.0024833759963783395 0.0016195569589825978 0.0077587208009447396 0.0082782744864435 0.004997385779523541 0.003703536844559832 0.004047394090186419 0.0024695138733994517 0.005149693084134672 
127 0.049456761845274866 0.1384872406438217 0.00010990111302558962 0.004234041145596364 0.000509658909419937 0.0018302427522226272 0.0005182608370687628 0.005696156182724347 0.0018739470946920961 0.03422597936767183 0.0009724777806816827 
128 0.15063910672823427 0.009014460466592305 0.019215335295507164 0.0011441271990781212 0.004937953544513803 5.2679467182013346e-05 0.004070477817542453 0.0009954461928337985 0.0003449415567062204 0.0007672836512705913 0.005235781478941107 
129 0.22484057520099612 0.008551150307486627 0.004645577331702659 0.00022284998237814897 0.00816597199427989 0.0004698702468137554 0.016349739408006905 0.00261168558883375 0.0006083238829745415 0.008004545019991843 0.00020137627019157893 
130 0.2400666773473969 0.014579828229553402 0.00290622185780363 0.0025572577709886014 0.03031857994263329 0.026185396002902008 0.01713358596662715 0.002518931356331155 0.006272409426346399 0.004318705458263262 0.0035937610195615043 
131 0.14572555235690468 0.0013353178680537497 0.0019287236984418016 0.011922353982917785 0.01369809605116572 0.005634023620474887 0.0030897708255900845 0.004621376384876186 0.009108378640999277 0.0007853153651070838 0.003930718406453704 
132 0.034020026804160886 0.006588946860696486 0.007633086384310431 0.009680063289760545 0.011225830290542669 0.0016633829669608963 0.0010165413511084849 0.0029925159623607972 0.0021750074671904075 0.009631292490269283 0.015695497210330027 
133 0.0016008426823549283 0.0008613374168556576 0.0023821154519727663 0.03802257052102317 0.0032444416252791607 0.0009696452102808086 0.0005738251302178194 3.522256845087213e-05 0.002690325351596509 0.007780344768147198 0.0022134248625412687 
134 0.14439416770966768 0.008705437399382092 0.0008472076905249554 0.0018279366620641013 0.024968250621407798 0.003900006488022314 0.023908105977423103 0.008370385199487641 0.0007168882640148745 0.0045494771739569605 0.0023240757873135847 
135 0.2644797884558023 0.008082602942779914 0.003147095177597488 0.03544599739253157 0.0013854001652629634 0.00807111094158563 0.006244399811248887 0.0002508112144682172 0.001216458957212933 0.005396017495233594 1.5487604415699368e-07 
136 0.27391430403374717 0.010823288344950516 0.005430100468188745 0.003569436135704792 0.008297323934433044 0.005919471298048734 0.009217969359609033 0.006146875557799775 0.02746333182462552 0.028274268776958933 0.0011309573912624282 
137 0.17206381541610066 0.07222054616180493 5.968848812717926e-05 0.002332540109083477 0.00041744990872748944 0.006926088344357247 0.0012322755788182036 0.003241924328435113 0.0016253883987561208 0.00874667396429915 0.0004407384058312365 
138 0.14517431362816008 0.16752657427199347 0.0021670850825663583 0.007654071301493588 0.004289048313560296 0.004362921789648637 0.009881376207317803 0.000506246355781262 0.00036362414212085697 0.0009916190027593628 0.0014594367286947046 
139 0.02178317609074146 0.02222903229163993 2.0885039707457856e-05 0.017111862963497853 0.0017717042764147895 0.005489738777116191 0.0002516728262770227 0.0032285818343440334 0.001514422995915977 0.008596965263817284 0.0005721211627787975 
140 0.18872982660754428 0.07880803884963507 0.002901647141743904 0.0022234622894345265 0.0025033176729980866 0.0038479587804833397 0.0009169411377527281 0.004930721549601472 0.02827868348342409 0.0003622591678500228 0.000893716770825233 
141 0.10537389215890425 0.0024009656760716424 0.0012964151421913314 0.00154589607248463 0.008039785013901318 0.007460109542916965 0.0007687725142671469 0.004697157148666964 0.0023554723729568502 0.03352684970678611 0.005915668723072674 
142 0.12672269300918565 0.0020952192740763408 0.03405212041180433 0.05133856598864434 0.003736013605147226 0.04042068411118959 0.0023605613780243767 0.00491115922478042 0.0017278919800813677 0.005348127332498558 0.02619030783387151 
143 0.13819426472694432 0.003787755939180022 0.00904451687634182 0.002121241717960781 0.004946469683688336 0.0320830276975014 0.003900085241089193 0.0005134696230214293 0.00010199667676173448 0.004977045082408874 0.006534907576448731 
144 0.05297201104258861 0.09005162731062451 0.0014920911298715149 0.00024182505782136107 0.022331989071751664 0.00669679633701474 0.00200844024684117 0.0077734398190184755 0.006971325998600704 0.002313031128136308 0.0031422983221847584 
145 0.0843480914602044 0.002926017056379054 0.0023885385529029105 0.012695887516575502 0.0002901248490853612 0.004387555803506539 0.007201360391575802 0.0016837850289338123 0.0003236473986921786 0.008645480733956675 0.004056118456850868 
146 0.11627073643332773 0.051480382342083436 0.014692139527299312 0.004121276202183771 0.004949802711756249 0.00672065490767413 0.001057953847237949 0.000159969377224797 0.017757880673998364 0.0006303127846440323 0.0065958318507598965 
147 0.05934334254338309 0.009673085911042855 0.0015223026169677355 0.0035791727545791585 0.006910953944359942 0.001358656815208103 0.005623805284916278 0.005326222807809595 0.0008509625005248037 0.0005241309499946851 0.0010363625098511653 
148 0.22462996650838546 0.005254779476645872 0.022802655751515334 0.010139300539519114 0.00797756982310514 0.0010395073255301428 0.00027996190507460084 3.6187963243939795e-05 0.004299336423726315 0.0036129658835611445 0.00027131572121531474 
149 0.24464382626555548 0.003777070931091328 0.009707036051438639 0.0004186761659230432 0.009396632219235878 0.00012977323955522819 0.004776771921857766 0.006037680560116791 0.0012305142240675684 0.012519563338181293 0.005881810762294836 
150 0.005029418954768408 0.0016739761213293283 0.007490155860067854 0.0031789679397281937 0.017003423349958458 0.002777688049146316 0.00020431378233713284 0.00022005829838241605 0.004469917545882482 4.5202985743520696e-05 1.0224221756449472e-05 
151 0.12817852194001267 0.13099259134270663 0.01938898760225744 2.1753828714366193e-05 0.004538319222370243 0.0019259940416089597 0.01950971013716714 0.0018637250122963025 0.005585166347325616 0.00027704517115334856 0.004109789478565564 
152 0.0598068880372726 0.23644020268505855 0.0017275053676252218 0.0015656417125250342 0.0006123651080683251 0.03660412387355943 0.0007835169481575161 0.00013719652410915307 0.00334649068621152 0.00011769544860228484 0.004086827622153867 
153 0.1910381889889822 0.00025798853900300625 0.016886161807504012 0.006274079134922611 0.0023778656140015547 0.005027914012526336 0.0027206173252266276 0.0026063052440144217 0.0010025131676924324 0.009395604622339416 0.00250484918046867 
154 0.13137627175528113 0.020183942917176748 0.0013434908118632647 0.01246824189116972 0.00023061664079923887 0.005198082346281968 0.03322868183514435 0.0033542869894492636 0.0036161634962999876 0.01417867034959424 0.003316642781748373 
155 0.023459408327270097 0.02357233450835613 0.007603024400179734 0.00791662195771635 0.019081995730040047 0.005070094632260647 0.00582612522697098 0.0014060510134683173 0.005881121055168808 0.0011669308726661833 7.122087095684962e-05 
156 0.08380319977780827 0.12071434040746401 0.0037144424637667586 0.01064117001605154 0.038873343995006665 0.001935387758943829 0.0013284060434977682 0.001775620176686292 0.03229693680825096 0.0001319635947155376 0.008457220303946664 
157 0.06124754268218926 0.0039788785073119485 0.004430415580898854 0.004595615785983351 0.008302210786655218 0.011467382115094406 0.00488416064627914 0.005102762162336297 5.454357368155636e-05 0.007926527867452092 0.0023973701473421227 
158 0.08616810141537845 0.0003059580444251162 0.0007036118519665171 0.017506478963568082 0.002941206062203732 0.0003640306469922969 0.0014514889193258508 0.006770840965972008 0.009019947103106158 0.0010098526288879156 0.004013654405562674 
159 0.16312833946442568 0.004008709637727727 0.005158100842035124 0.006970910601288547 0.006145728871969641 0.001759727919441338 0.001518077053716006 0.000380106666808908 0.004586867820280387 0.010403276730901809 0.006482874006991427 
160 0.010456232616270371 0.0036560286157054332 0.0020895333163833416 0.002637193707978123 0.026179601581855182 0.0027067646049041745 0.0015975872916878893 0.019354512341988095 0.0013742395446690735 0.00451732595626439 0.003733586544516255 
161 0.11758594885138376 0.006321383009525353 0.040749355436108234 0.003802100979249018 0.017886669521971942 0.004591213652790544 0.005540722405461892 0.019430567164760167 0.010387341748046577 0.0028331837918587136 0.0008473201568169695 
162 0.22022397631934812 0.027850622172165135 0.001124165765292305 0.008271944612609659 0.0018841916518616188 0.003247540789885213 0.0215384338819716 0.00017726897851997033 1.6853899846733926e-05 0.00047174980094697323 0.001357705404701167 
163 0.07842365204889802 0.004512335193945063 0.022981064896120087 0.002589864910366489 6.449234862679188e-05 0.0008705631863455692 0.00037751086942100823 0.002255286329200409 0.0032679518422565647 0.000975219210798655 0.0013696911404103944 
164 0.19354523981863772 0.002128134980977103 0.002035555263406179 0.001143357871812104 0.0006946696653815834 0.014507865891049344 0.007227728869264138 0.006531835947321603 0.0014993936953011837 0.0002455006422344872 0.0041995995110397175 
165 0.014911500529006083 0.0006054741460049317 0.0010601728978823896 0.003349646481948181 0.014117659840600054 0.002888301649720046 0.0017629024180140357 0.004348019359278523 0.0060614349710065695 0.00012852151469768731 0.003954364427763182 
166 0.12847442922790359 0.002187707013440108 0.02380105805479398 0.004016611220222389 0.0005934149307279717 0.0019090267604026398 0.0023177075656283866 0.0012997036473224952 0.017376292646347137 0.018465406930267117 0.0005001120526523402 
167 0.16558643605859202 0.01594316395814855 0.007352859801802207 0.010206780086748428 0.0002869896616859742 0.00928329208561204 0.0016112916141563694 0.006240224628992089 0.002126631550429917 0.003915398346779329 0.0018515878014441244 
168 0.26134410453976986 0.005795195899130427 0.013437756556946163 0.0016198660315835316 0.009631710883539785 0.0013622419988215079 0.004837685310948928 0.007685908298489502 0.005226185034401835 0.014693225171148346 0.0023084822844325983 
169 0.0036152768667505625 0.00039913981728209136 0.0018266964929199423 0.007003024993301994 0.015429332241381002 0.010037366235237766 0.002438685088808324 0.0038236584674086736 0.02306160274125597 0.00026330573163905004 0.007180905877062909 
170 0.09228001068949164 0.0044116921431188085 0.0028675722118932765 0.009253630263853908 0.004002480369929303 0.012359479071863563 0.00479035224708575 0.002667205019770715 0.01756609454822549 0.005923515845532279 0.003325791546541553 
171 0.30754193880393854 0.006878753184862647 0.002853077950813271 0.00011495026286928274 0.000500391919695112 0.030815481414694396 0.005920155333215863 0.008181814343688714 0.004855097310011497 0.002763877381850366 0.0014559596589405635 
172 0.06151990659957937 0.03884022195798034 0.0023172388386117054 0.00010382885670979758 0.0004010483338168547 0.005629831495796317 0.000993139790481764 0.01408872300736066 0.0006286408874260963 0.0007206916377731347 0.02284289402573962 
173 0.3621534185422955 0.009007753490566244 0.0029141228920349805 0.003528189086426561 0.00403345218961347 0.0014181381179831137 0.0024621711967517824 0.023333520256709372 3.379194749639864e-07 0.0038455282559902793 0.000686208800193572 
174 0.10208025327274076 0.007995689387356373 0.004646875038922711 0.0024999554420714926 0.0017668526899202357 0.005313274132210597 0.0011161374792027778 0.003731308536047238 0.007366315529642543 0.0026213229532423632 0.022711136935254696 
175 0.2513324931858733 0.0023345225598211607 0.000779685296328011 0.015602417844798508 0.0023239519630570576 0.004056810163634164 0.002374945077997294 0.0005571805579923474 0.004119943742603979 0.007707557980351391 0.002890658838242483 
176 0.1448301036962097 0.003797091515165474 0.006266716214523568 0.0016837819214260163 0.00546652730132444 0.002503567958522724 0.0013411202221157122 0.015636085442131888 0.0004323553117824526 0.026381402779163374 0.02931241208778635 
177 0.22009183458815113 0.00022127277473597956 0.02241870194432437 0.0012489708463874266 0.005510310197597238 0.007863778578848561 0.01996298393483519 0.007020327874823113 0.006677469044872368 0.0037708065876411855 0.00959683044863356 
178 0.20995818449092005 6.859111780312523e-05 0.00313145009352826 0.0018620755935967546 0.007136314092294279 0.0073757604530108566 0.0038517090961254843 0.0004441618051490345 0.007790026181462682 0.0040903343953169035 0.0009267004665508971 
179 0.09959023748852913 0.11689847857670028 0.011413954878808147 0.004717786178064122 0.0024957095828424007 0.0017140807496317035 0.0023892040509662094 0.004681028053761608 7.802353265677221e-05 0.0020215918074950445 0.021614709250128653 
180 0.14641511880009372 0.0035382817805716966 0.005047587331041256 0.008445234007541927 0.009099660899141567 0.0021799529283884535 0.007527667845449637 0.0027194763893999127 0.0009633757745913583 0.0012140504058838653 0.004111000949192367 
181 0.2429505427198584 0.13461488103892494 0.006138546180341622 0.004144824075650775 0.0024829135020584857 0.0164499213789446 0.00494563781107108 0.00037718718380761287 0.011335055736844072 0.023202277788796483 0.00564322368682213 
182 0.1059168844775852 0.24533981238559027 0.005935299201297296 0.007912898121885304 0.002162166464951637 0.007175409496836687 0.0018110260262369751 2.3632926557362096e-05 0.0014186880545902212 7.456202822528009e-05 0.00210360756892365 
183 0.20042585387782297 0.01719215473019533 0.00020853045375324815 0.0024460301554998145 0.0020059620312327937 0.003903472751402134 0.002108025927933624 0.0011235081685552703 0.011688209811031225 0.006317432933276708 0.017732422964014415 
184 0.08430261969664926 0.047732827807566776 0.0010669429013472399 0.003990033521349599 0.003785976633494873 0.00015968033574215686 0.006627677325020436 0.0014442012005329086 0.01722423961924057 0.009262705475668521 0.0015092569610225524 
185 0.2537080257439433 0.0007940926259680257 0.005693981929001256 0.0007307842352543305 0.006429776246801891 0.0021574803580127174 0.003759492834358477 0.005605685693668576 0.007956992624253091 0.0016695173599005043 0.010018369770829264 
186 0.20725341257923613 0.009878727239995524 0.01948544679397315 0.0020998511731742347 0.0025491133248152715 0.0012874392079358764 0.004667364490756462 0.0018556759229002705 0.003286759388138333 0.001357647065679083 0.004441788098604665 
187 0.0001365243732553748 0.0047455891932661545 0.0036966898191622254 0.0004096026496013269 0.003166108949748861 0.0021279546539570452 4.849705911623711e-05 0.00019348306748050262 0.006621900861448078 0.0041649156086474015 0.00686508685724419 
188 0.08287317204586984 0.004777220821363997 0.0015022699767585355 0.0039417821268599145 0.002334615819371948 0.0022133045781565297 0.0018409151903072986 0.003775421595091741 0.0018365441800948172 0.0017173849634710184 0.00017114871900674123 
189 0.23051872201140944 0.000927700719801004 0.00036581515509512134 0.004562288843081638 0.0033192837052187967 0.010844594979448018 0.0003677530662449595 0.0005335051986316874 0.005458001608266929 0.008258224960403517 0.012600258306729487 
190 0.009281126769416335 0.002729435672288922 0.0028243176542609265 0.0019408431561465374 0.0003462538817974564 0.005022928807055637 0.0003375969727234072 0.010431355335872227 0.0031128534951186146 0.03530302670118515 0.0011893636667858654 
191 0.07305549664440975 0.03148372102079426 0.011051985850671072 0.000750049442858047 0.003718204730462315 0.008312510863755052 0.0003801302427567247 0.00415291019706548 0.011411280411953724 0.005983329711406916 0.005485754905859618 
192 0.05543770160507852 0.001326526483521144 0.0027404073297701563 0.007028540257400444 0.0014437359118972522 0.0075754271163968635 0.009119538586867475 0.0006828785781087916 0.005889146131189177 0.0002592529975399745 0.009799109704705941 
193 0.1976945609106578 0.0016913891948510567 0.0007428610733443226 0.0005483693089001009 0.0018469937077443843 0.0028924363756936415 0.006128491950930182 0.005246558850536563 0.0014817770924137063 0.002396314211517947 0.0025341991382921447 
194 0.10184671199637517 0.0026871484085962123 0.006995860914549801 0.0005361889370074722 0.0031767085470595863 0.0008908999848785904 0.009525743906335853 0.0009283449272426 0.02788738532547262 3.054607671509347e-05 0.0015702514596404368 
195 0.06226468792372532 0.031064107430414396 0.0016338801421144113 0.013164759731030064 0.0005943552170957088 0.0001883382857995859 0.010009971031783874 0.0003215914546770816 7.853537658271626e-05 0.01436093255700822 0.0010342639573027725 
196 0.16152811298156586 0.0005971615496987464 0.0020271235705960513 0.008083152942843085 1.916325397022074e-06 0.004794566236527666 0.006265354305783994 0.000874485372706545 0.0004463205364095127 0.002826302565668671 0.0004067240076526303 
197 0.017289313284662176 0.14149365075006692 0.00026299631520788853 0.00175272776597135 0.0001875226493202217 0.005142965419306863 0.005824189410007616 0.002225101600223767 0.002378950756876414 0.003570420957516136 0.004936357447322571 
198 0.020821409966924595 0.0818429836367609 0.005156500836414752 0.0015832004925574858 0.0010667988939734975 0.006773018782120194 0.0001588765139634058 0.002556100233743862 0.0010455786482449834 0.0026509814471319384 0.0016620330887889634 
199 0.005510556613249075 0.0029808864129477327 0.013003571260309404 0.0022988780154039458 0.0031183537657206934 0.004587655452233806 0.0020098048087659423 0.0045895578260540994 0.011657438606846187 0.0007928463063954988 0.015607405724475222 
